-1.65234 
-3.70801 
-2.64746 
0.672852 
-0.626953 
-5.70313 
1.45996 
1.03906 
1.67969 
-0.237305 
0.253906 
0.897461 
-1.22266 
3.58887 
0.250977 
-2.03809 
3.29492 
-0.111328 
-3.85742 
0.576172 
-1.43555 
7.22168 
-1.77148 
8.52441 
-2.36035 
-1.07129 
-1.45508 
2.35938 
2.96484 
-2.14258 
2.97461 
0.345703 
-3.79102 
-4.7998 
-0.907227 
0.135742 
-2.21582 
-5.13379 
5.83301 
-0.817383 
1.35742 
0.28125 
2.15039 
-2.62793 
-1.91406 
-1.90137 
0.704102 
2.85547 
0.169922 
4.2207 
2.60742 
4.50293 
3.81055 
-3.50586 
0.291992 
-5.36035 
-2.76855 
5.04004 
5.41699 
3.87207 
9.12793 
4.96777 
-2.06738 
7.44434 
-1.16504 
1.80957 
2.25684 
-4.32617 
5.87891 
-4.74414 
0.847656 
1.42188 
-0.365234 
0.332031 
-1.17383 
-1.25098 
-2.78125 
0.558594 
2.72266 
2.55859 
3.9209 
-3.02148 
0.198242 
1.05469 
1.79004 
-5.29004 
0.268555 
-3.71484 
-0.743164 
-0.155273 
-3.42383 
-1.99805 
-4.27246 
-5.29004 
-0.701172 
3.8877 
4.42578 
1.31641 
1.02734 
-1.1582 
6.35938 
2.22754 
-4.52734 
-3.55273 
3.57617 
-0.59375 
8.86621 
-0.0263672 
-1.03223 
-3.88672 
-2.51953 
2.52344 
0.338867 
0.682617 
6.49609 
-2.55957 
-3.49512 
-0.338867 
-1.12305 
-2.81152 
-1.42285 
-2.25293 
2.66797 
2.69141 
1.98438 
-2.90723 
6.28809 
2.99219 
6.27539 
2.39648 
-2.82715 
6.94434 
0.103516 
-3.08496 
-5.57715 
-3.81543 
2.7998 
-2.12402 
5.64453 
-1.55176 
2.38281 
-2.62988 
0.957031 
-4.85938 
-2.22754 
-1.95313 
6.07422 
4.99707 
-4.08887 
6.92188 
-3.0459 
1.19434 
-4.80176 
2.99805 
1.23535 
-6.22559 
0.973633 
-3.42773 
0.631836 
-5.5332 
-4.33594 
-2.74121 
1.80176 
0.979492 
1.36426 
2.73828 
-5.49609 
-3.21484 
-0.623047 
0.537109 
0.955078 
1.58691 
-2.23047 
-2.03125 
-0.00683594 
-2.48242 
0.359375 
2.66699 
0.273438 
-1.71973 
-0.15625 
-2.5791 
2.90137 
5.15723 
3.15625 
-2.13379 
0.269531 
0.772461 
-5.5332 
-2.50488 
2.50391 
1.87207 
-3.40625 
2.52246 
-3.35352 
0.317383 
-2.12793 
2.4209 
4.3877 
1.63477 
1.58203 
-3.14941 
0.00585938 
1.04297 
-0.255859 
0.446289 
-0.178711 
-5.70313 
-0.271484 
1.63867 
-1.03223 
-2.37793 
-1.375 
0.538086 
-4.80664 
1.42969 
10.0215 
0.444336 
5.93945 
1.66992 
2.5 
-1.74316 
-5.36035 
0.236328 
-0.121094 
-0.310547 
-0.398438 
1.81348 
7.81836 
-3.80859 
0.852539 
0.700195 
-0.699219 
0.789063 
-3.87695 
2.17188 
-0.801758 
-0.518555 
0.998047 
1.02734 
-0.584961 
-0.204102 
4.22266 
0.981445 
0.34668 
7.03125 
0.491211 
2.06934 
-5.70313 
5.47949 
-2.27441 
4.83789 
-2.24414 
-2.84082 
1.52441 
3.87012 
1.13379 
2.7373 
-4.13477 
1.82129 
-0.577148 
-1.52539 
-0.869141 
-0.634766 
3.00488 
3.68066 
-6.22559 
0.178711 
1.66895 
5.02344 
-4.67676 
1.88379 
-2.82031 
-4.79297 
0.829102 
2.56152 
0.500977 
-0.629883 
-2.10254 
-0.161133 
-5.19141 
13.4482 
0.325195 
-2.24414 
5.8877 
-4.91309 
1.47949 
2.54785 
3.99512 
1.03223 
-1.56152 
-1.55078 
-4.24902 
-1.08789 
4.24316 
-2.38086 
-0.956055 
0.688477 
6.00195 
-2.40723 
4.00391 
2.09082 
-1.65234 
-4.44824 
6.58789 
0.126953 
-0.728516 
6.2627 
4.36426 
-2.60645 
4.4541 
-2.79883 
-1.08789 
-3.32715 
-0.361328 
-3.2998 
-3.36914 
-4.66309 
-2.39355 
-2.43457 
-1.51953 
0.0244141 
-2.74414 
-2.9541 
6.76172 
-0.950195 
3.34668 
-5.31348 
-3.2041 
6.55566 
-0.299805 
3.46875 
-6.22559 
3.27246 
0.203125 
1.40918 
-2.72559 
8.59961 
-0.106445 
-0.283203 
0.75 
-2.80371 
-2.29297 
-0.96875 
-3.03516 
2.46582 
0.270508 
0.311523 
2.0166 
1.05957 
5.7959 
-3.51465 
0.50293 
3.28418 
-1.07617 
-3.08887 
1.46875 
-4.85938 
-3.85254 
5.08398 
3.18359 
-3.24902 
2.21094 
6.02832 
1.74707 
1.54395 
-3.96191 
3.87793 
0.832031 
3.21191 
-1.45117 
-1.85742 
0.165039 
-2.63574 
7.71875 
-3.79102 
-1.62695 
1.50586 
-0.731445 
4.41699 
-4.79102 
-3.53809 
0.386719 
-0.21875 
4.53809 
0.150391 
-0.850586 
-4.7207 
3.94727 
5.98145 
0.43457 
2.27344 
0.682617 
-5.57715 
0.0185547 
-4.88477 
-0.458008 
0.913086 
-3.46777 
-1.86523 
-0.246094 
-0.078125 
-1.50879 
2.37695 
1.54102 
-4.5918 
0.961914 
2.23828 
-4.72656 
0.307617 
-3.37207 
0.34082 
2.58398 
-1.875 
-0.163086 
-1.71094 
-3.49121 
-2.60547 
-0.558594 
-4.16016 
-4.95898 
-1.80469 
-1.80371 
1.75781 
-1.65332 
-4.10352 
4.95117 
3.30273 
11.7197 
-1.65039 
4.31934 
-1.22168 
-1.68945 
-0.952148 
-1.45215 
-2.94141 
8.95801 
7.21094 
-2.31738 
-1.4668 
-4.46191 
3.16895 
-2.11719 
-1.83398 
-1.71777 
-3.38086 
-2.13867 
-1.48535 
-2.38086 
1.16699 
2.87988 
4.93848 
0.458984 
-1.45508 
2.4082 
0.764648 
1.79492 
-3.57813 
-3.80371 
1.0791 
0.710938 
-0.141602 
1.24512 
-1.0791 
-4.10352 
-4.46191 
-0.695313 
-1.57129 
-0.649414 
1.02832 
1.12207 
1.59961 
-0.618164 
-1.85352 
0.294922 
-0.150391 
1.59375 
-2.72266 
3.96484 
4.10449 
-2.6748 
-2.13672 
-3.89844 
-1.2793 
0.425781 
-0.103516 
-3.31348 
3.85254 
-1.55957 
7.55566 
-3.29297 
1.25098 
-4.47852 
-5.43555 
-3.55566 
6.63281 
0.303711 
0.505859 
1.2998 
-1.37988 
-0.648438 
-1.65039 
-3.15332 
-1.88184 
-3.38086 
-2.36328 
5.53516 
0.947266 
0.805664 
5.08398 
3.22168 
3.73145 
-1.44629 
-1.39551 
4.36914 
5.80469 
5.11816 
-4.21191 
-4.23242 
5.8584 
2.1416 
1.93164 
-3.87988 
2.04785 
-3.64844 
-1.3623 
4.58301 
1.42578 
-3.81934 
0.234375 
0.724609 
-2.13965 
-1.15918 
-2.11523 
-0.80957 
7.89551 
8.21973 
3.94727 
0.267578 
-4.46191 
3.37207 
2.26074 
3.65234 
-1.56738 
1.70215 
1.25684 
4.11133 
-3.42969 
-0.115234 
-4.46191 
4.24805 
-2.26563 
-4.14063 
-3.74902 
0.120117 
4.28711 
-4.23926 
3.93945 
-1.59668 
-0.849609 
3.60645 
-1.72461 
1.43555 
-0.579102 
-0.739258 
-3.29004 
7.87793 
2.5332 
-1.48438 
-0.649414 
-4.26367 
-1.39258 
2.5752 
2.20605 
3.57031 
0.925781 
1.51855 
-1.03418 
0.344727 
-3.28223 
6.42773 
7.85645 
-3.27539 
-4.07617 
-0.78418 
4.03809 
-2.11914 
-2.25098 
-0.53125 
-0.669922 
5.14453 
-1.76953 
1.73047 
-0.200195 
-2.04688 
-2.10645 
1.72852 
-1.43066 
2.90332 
-2.00684 
3.13477 
-0.882813 
-0.816406 
3.24414 
-2.5957 
-0.336914 
4.38086 
-5.70313 
-3.79102 
0.319336 
-0.447266 
2.53711 
5.03125 
-1.10645 
-0.574219 
3.87793 
-1.33691 
2.51953 
-1.78418 
-3.11523 
3.52051 
-0.705078 
6.875 
0.446289 
0.743164 
2.66113 
-0.310547 
3.94824 
2.38477 
-3.25293 
-1.7666 
1.30566 
1.21875 
3.87207 
0.0263672 
-1.69824 
-2.19336 
-5.13379 
-0.640625 
-5.49609 
-0.243164 
2.15234 
1.51367 
4.36621 
5.92285 
0.629883 
-4.13477 
-4.09082 
-2.5625 
-3.93652 
-3.56445 
-3.82324 
-4.56055 
-3.19336 
7.08887 
-0.792969 
-2.32324 
-5.375 
0.260742 
-0.824219 
1.55273 
-0.280273 
-4.93066 
-0.374023 
0.74707 
1.65234 
-5.11426 
1.40918 
1.34277 
4.19238 
-4.11719 
7.44531 
1.14063 
1.55469 
-4.13281 
2.89941 
3.76563 
-2.57813 
5.84277 
0.994141 
1.35742 
3.36035 
7.37793 
2.49121 
2.66309 
0.595703 
2.62695 
-0.644531 
10.1387 
-0.0498047 
0.424805 
0.0498047 
-5.58984 
4.77051 
-3.61719 
1.12891 
0.916016 
5.92578 
3.79102 
-3.58691 
6.66602 
-3.05762 
10.2803 
-3.59473 
4.98926 
-0.15332 
-4.35645 
-3.93652 
3.61523 
-1.10156 
1.41211 
3.31348 
0.0488281 
-2.25781 
-1.03027 
4.2002 
2.32129 
-0.966797 
7.75195 
-0.631836 
-1.78418 
4.2002 
-0.295898 
5.92383 
7.11133 
9.17188 
-0.904297 
0.276367 
-4.58496 
-1.50586 
4.0293 
3.15332 
-4.83594 
-3.0293 
-0.268555 
-1.52246 
2.73047 
1.43359 
0.608398 
0.459961 
-0.226563 
1.63477 
0.31543 
-3.26172 
-0.670898 
-6.22559 
-3.55566 
-0.0908203 
4.84961 
-6.22559 
-2.11426 
-3.06543 
2.30469 
1.6084 
-3.57129 
-1.62891 
2.80566 
-1.91504 
-0.322266 
-3.04199 
0.328125 
0.979492 
6.46387 
4.87891 
0.404297 
6.07813 
1.33008 
-3.74121 
1.41113 
1.25293 
-0.854492 
1.64453 
1.85156 
-0.844727 
-0.672852 
3.2334 
1.1709 
-4.12012 
-0.135742 
-5.29004 
-2.70215 
-1.13184 
-5.31738 
-3.67188 
-4.78711 
3.70508 
0.597656 
0.200195 
-0.745117 
4.36133 
2.79883 
-1.90332 
3.04297 
-0.0947266 
0.558594 
0.430664 
0.422852 
4.15625 
-2.98438 
3.21387 
2.44043 
-2.16504 
-6.22559 
-4.26367 
4.18164 
-3.87891 
-4.24707 
-1.8877 
0.0625 
-0.395508 
1.57813 
0.703125 
3.25977 
-2.40723 
-1.56641 
-1.4375 
-0.0439453 
-5.05273 
0.739258 
-0.701172 
-1.69531 
-0.0546875 
11.4668 
4.36133 
7.52832 
-0.0410156 
-1.67578 
6.90039 
1.60449 
0.351563 
1.61035 
2.33691 
3.89355 
-5.83984 
1.82324 
0.0078125 
-1.20313 
0.873047 
1.63672 
-4.46191 
0.695313 
-3.45215 
-1.0459 
2.5332 
2.21289 
4.95996 
0.74707 
-4.42188 
-2.57227 
2.3252 
2.93555 
-3.55371 
1.69531 
-4.37793 
3.85156 
-1.60156 
4.09961 
-3.77148 
-2.74023 
5.94434 
-1.0459 
2.22949 
-1.23145 
-3.85938 
1.30078 
-1.21973 
4.01953 
6.78906 
-4.64551 
-1.1582 
0.52832 
-0.463867 
6.54883 
2.20215 
5.1084 
0.600586 
-1.5293 
3.96191 
-0.536133 
2.61816 
6.40625 
-0.521484 
-1.9248 
-2.13184 
1.62598 
-2.25293 
-3.59668 
4.54199 
-3.33008 
-3.61816 
-0.392578 
1.39453 
-0.368164 
-3.59863 
-6.22559 
-6.22559 
-2.72949 
-0.790039 
-2.80762 
2.61035 
-0.226563 
2.90723 
0.797852 
5.38574 
-5.70313 
-1.51563 
1.59668 
-4.78711 
-5.375 
3.19531 
3.76953 
2.61426 
-3.06445 
-1.0332 
-2.60645 
-4.98926 
-1.18262 
-1.81348 
-0.950195 
0.642578 
8.20605 
-0.391602 
2.67773 
4.28613 
0.3125 
-3.29395 
-3.80176 
0.319336 
1.43848 
-4.67676 
1.44727 
-3.3125 
-0.810547 
2.10742 
2.82031 
-1.26074 
-3.74121 
3.12793 
-5.11426 
-0.532227 
1.59766 
0.162109 
-1.73047 
-0.536133 
3.40527 
-3.59668 
-0.472656 
-3.33496 
0.624023 
1.76172 
-4.1084 
-2.97949 
-0.894531 
3.28906 
-3.88477 
-3.59082 
0.6875 
0.0888672 
2.84961 
-2.06836 
2.30859 
2.31934 
3.43164 
-1.94727 
0.891602 
-3.41797 
7.23242 
0.27832 
-4.63867 
4.08398 
3.99121 
0.328125 
1.45703 
2.90918 
3.73047 
3.16602 
-1.56934 
2.90723 
-1.34961 
-2.04004 
1.57227 
-1.95605 
4.36719 
2.89453 
0.0302734 
2.64453 
-2.71387 
10.375 
-2.31055 
8.26855 
-3.04492 
-3.55371 
-1.80762 
2.89648 
-1.38086 
3.95215 
2.74902 
3.43359 
-0.950195 
-2.32129 
-4.7207 
0.503906 
1.16309 
1.39941 
-0.336914 
2.65137 
1.375 
-0.606445 
-5.19141 
-3.05859 
3.5 
1.76074 
-0.755859 
-0.00683594 
3.14941 
-2.5127 
-0.78418 
-4.76074 
-4.49707 
9.41895 
3.58691 
-2.2002 
4.94922 
3.72852 
2.31055 
-0.935547 
-0.634766 
-0.323242 
-1.80371 
0.626953 
-3.29102 
-1.09277 
-0.165039 
0.625 
9.75098 
-3.95801 
-2.2959 
0.0673828 
3.70313 
0.55957 
4.96582 
5.60547 
-3.81445 
-4.92676 
-3.49121 
9.13477 
2.03418 
5.59277 
1.91211 
2.18359 
11.4824 
-0.303711 
-3.58105 
-0.917969 
0.134766 
3.22949 
-4.74316 
-4.14063 
0.783203 
3.27832 
0.257813 
-1.62109 
1.54688 
0.237305 
1.86133 
3.45703 
-1.87598 
4.05664 
1.47656 
5.63867 
0.863281 
3.44238 
-5.32422 
-1.23145 
6.1748 
-0.249023 
0.416016 
9.16992 
-1.12402 
6.68945 
-2.34668 
3.52246 
-4.78711 
4.64453 
1.08301 
1.29688 
6.19824 
-4.22949 
-1.55762 
4.42676 
0.456055 
6.68164 
0.479492 
-2.58496 
-0.412109 
-1.76855 
-0.461914 
1.01367 
2.2666 
-0.429688 
0.504883 
-2.5459 
-0.451172 
1.38184 
-1.1748 
3.56152 
6.82813 
0.37793 
-2.4375 
6.24707 
-1.41309 
-1.50781 
-0.0664063 
2.20898 
-3.11523 
-1.43457 
-0.769531 
0.24707 
-0.547852 
-3.30176 
2.44531 
3.63379 
-1.41504 
-0.733398 
7.35742 
0.673828 
-1.13281 
0.770508 
-5.49609 
-4.2793 
-0.959961 
-4.94141 
4.16113 
2.84766 
-2.87793 
-4.46191 
-1.02637 
2.59375 
-0.913086 
-4.21777 
-1.91406 
-2.82031 
0.331055 
10.4736 
-0.957031 
4.6377 
1.54883 
-4.65625 
-3.30371 
4.76855 
1.24023 
-0.381836 
6.10156 
4.4375 
1.78223 
1.97168 
0.783203 
-1.16504 
-1.9248 
-3.50098 
-1.42578 
-0.59668 
1.38672 
-1.73633 
-2.1709 
-1.99512 
2.57617 
4.05176 
5.02246 
-4.14551 
0.481445 
-0.670898 
-1.98047 
-0.90332 
-1.18262 
1.64258 
-0.990234 
2.08203 
2.08887 
0.369141 
-0.362305 
-4.63965 
-0.205078 
-4.31543 
4.24707 
1.34473 
6.75293 
-1.21289 
6.83691 
0.845703 
7.28809 
0.446289 
-0.506836 
0.698242 
3.71582 
-0.741211 
0.869141 
0.046875 
-2.12109 
-3.22559 
1.66699 
-2.16016 
-3.5293 
-1.97852 
-4.85938 
-4.12695 
3.22363 
-3.27441 
3.39746 
6.66797 
9.81738 
1.57617 
5.07715 
3.59766 
-4.02734 
-2.17969 
-0.869141 
-0.641602 
-3.43359 
-4.96387 
1.78223 
0.800781 
3.4873 
-0.928711 
-0.595703 
-1.87793 
2.30469 
-5.5752 
-2.83301 
-4.21191 
1.03516 
-3.81641 
0.585938 
-4.79297 
-0.55957 
0.90918 
1.91504 
2.85352 
1.6416 
2.61035 
4.40137 
-0.297852 
-1.27051 
3.72754 
0.0820313 
-4.08887 
-1.26367 
-0.862305 
0.0673828 
-0.803711 
1.73633 
7.4707 
7.77344 
1.73047 
2.70605 
-0.744141 
-3.87793 
-0.157227 
-2.57617 
7.66113 
1.34473 
5.02246 
-0.791016 
-3.99219 
0.0830078 
3.61035 
-4.88281 
0.561523 
0.629883 
0.264648 
-3.11523 
-3.72656 
-1.55078 
1.28516 
6.41895 
1.79004 
1.6875 
2.31738 
1.57715 
-2.01172 
-6.22559 
-0.838867 
3.55273 
3.8877 
4.86816 
-1.83789 
5.0957 
5.2334 
-1.6709 
-0.0136719 
-0.761719 
2.27148 
6.32715 
1.66016 
0.176758 
-2.27539 
-3.27539 
-0.200195 
-1.37012 
7.49707 
0.588867 
2.2666 
1.61133 
2.25391 
-0.740234 
-3.47168 
-3.45215 
-1.21484 
-3.37793 
3.37793 
-3.92285 
0.0996094 
-0.330078 
2.03223 
-3.21875 
0.552734 
5.03027 
2.03809 
-1.10059 
3.94531 
-0.959961 
0.492188 
1.2334 
-3.45313 
-3.17383 
1.52441 
4.01367 
-0.828125 
0.15625 
4.91406 
-1.52148 
-5.13379 
0.294922 
-2.33887 
2.88477 
0.959961 
-6.22559 
-2.04297 
-1.6416 
-0.694336 
2.12891 
-3.9502 
-3.35156 
5.06543 
-0.584961 
8.32031 
2.39844 
6.23145 
0.134766 
6.39355 
0.0419922 
-3.58691 
0.941406 
-0.735352 
1.90137 
3.61035 
1.56836 
-3.49121 
2.5791 
-4.73926 
0.796875 
1.61035 
4.79297 
0.767578 
2.47949 
1.0957 
-4.90625 
-1.12793 
5.07324 
1.96875 
4.98535 
0.0615234 
-2.25195 
-1.55859 
5.37891 
6.11621 
5.14844 
6.09961 
-1.14551 
3.34668 
-0.666992 
-2.9873 
-2.04004 
-3.61621 
-3.64258 
3.89551 
6.88086 
-4.2832 
0.469727 
-2.17969 
-2.58398 
-0.484375 
-0.216797 
-0.704102 
0.0146484 
-2.55664 
-0.880859 
-2.77148 
-5.19141 
1.79199 
0.456055 
-2.30469 
1.04883 
1.94043 
-4.15723 
-2.0459 
4.16406 
0.291016 
-1.11133 
3.17676 
-4.89258 
-1.30664 
0.142578 
6.54883 
-5.14746 
-3.45215 
-5.52832 
3.25293 
-3.20215 
4.28125 
5.11523 
-0.641602 
0.988281 
2.9082 
-2.92188 
0.518555 
-0.515625 
-2.70703 
-1.13086 
3.63574 
1.41016 
-2.0127 
-1.84668 
3.12598 
-3.61133 
0.482422 
4.04395 
-3.54395 
4.51953 
3.9375 
-0.333008 
0.253906 
-2.82813 
-0.635742 
5.31934 
-3.01074 
-5.49609 
-0.142578 
5.9502 
0.287109 
0.624023 
-2.37891 
0.707031 
-1.82324 
3.0293 
0.961914 
-0.0986328 
1.63574 
-1.60449 
1.4209 
-3.66699 
0.897461 
2.80762 
-1.33008 
3.38379 
-1.04199 
2.33984 
10.5 
3.0752 
-1.375 
-2.2002 
0.21582 
-2.15332 
-1.56445 
-3.29688 
-2.12793 
-0.304688 
-0.142578 
0.0273438 
-0.225586 
-0.888672 
-0.835938 
0.521484 
5.35449 
-0.360352 
-2.05957 
-0.333984 
6.07324 
-0.878906 
7.15332 
-5.45313 
-0.878906 
-4.68262 
5.47949 
-4.73633 
3.03027 
-1.83984 
-1.38574 
3.00488 
-1.16895 
-0.808594 
-3.80176 
0.552734 
0.441406 
2.27246 
-2.89258 
8.05176 
1.4707 
3.81445 
-2.14063 
5.91992 
-1.70215 
3.58789 
2.59375 
1.46875 
-1.60645 
1.27539 
0.241211 
5.56055 
0.821289 
-0.996094 
-2.24121 
-5.05273 
0.735352 
-5.02051 
0.114258 
-6.22559 
-4.51172 
6.51953 
-3.0752 
2.36719 
-0.000976563 
-4.64551 
0.857422 
-3.71094 
12.082 
-2.86426 
0.905273 
-3.29492 
3.40039 
-3.10645 
2.47949 
1.27734 
-1.80957 
1.93164 
3.59082 
-1.88574 
2.82324 
-1.5166 
1.44043 
3.06445 
-2.78418 
1.67285 
1.98633 
-2.27637 
1.14551 
-3.40527 
0.196289 
-5.42871 
5.22852 
-0.192383 
1.53613 
4.53223 
-2.64551 
0.822266 
2.23828 
-0.196289 
0.205078 
-4.23926 
-1.34863 
2.28906 
3.42578 
3.66602 
4.93555 
-1.83887 
-0.208008 
-2.31836 
4.06738 
2.72363 
-4.37793 
-0.214844 
-5.04297 
3.50098 
2.12988 
4.93262 
-5.67871 
-5.45313 
1.29395 
-0.238281 
-5.11035 
0.605469 
4.70605 
8.0166 
1.01758 
3.68848 
2.75977 
-0.480469 
-2.45117 
-5.18945 
-0.0576172 
-2.71484 
-2.13477 
-3.89453 
-0.205078 
-4.66797 
-0.316406 
-1.68652 
2.42578 
-2.94238 
0.469727 
3.64746 
9.55957 
4.89063 
-4.72656 
5.75195 
-0.855469 
3.67773 
-2.82813 
1.54492 
-2.37305 
2.2959 
-2.14258 
6.21387 
-2.60938 
-1.86328 
5.83008 
-2.41211 
-0.154297 
-2.71289 
1.63574 
-2.2832 
4.90918 
-1.27051 
0.857422 
5.65234 
-0.450195 
3.81152 
-4.32617 
-0.254883 
-4.63086 
-0.857422 
0.853516 
-5.65625 
2.32617 
3.15234 
4.8457 
5.57324 
-1.20215 
-3.26074 
3.16504 
5.21777 
0.635742 
2.7627 
-3.06445 
-2.02832 
-1.99316 
2.52148 
-0.375 
-0.49707 
-3.35059 
0.447266 
8.68457 
2.875 
1.35938 
-0.458984 
-6.22559 
0.212891 
2.87891 
-0.331055 
-4.41699 
3.06543 
-1.91309 
-2.71875 
-1.26465 
-4.38867 
2.6377 
4.32813 
-3.59668 
0.0566406 
9.47852 
-3.02734 
-4.80371 
-3.61719 
-5.29004 
1.64063 
6.32813 
-1.38184 
6.99316 
-3.67578 
6.66211 
2.92383 
0.353516 
-0.810547 
-2.93359 
5.11816 
-0.40918 
7.21094 
-1.21484 
-0.4375 
-1.32813 
3.83789 
-4.73926 
-2.02734 
-1.06836 
-1.39551 
-2.82715 
-0.219727 
1.6123 
3.54883 
-0.490234 
-1.56543 
5.57324 
-4.20117 
-1.05957 
-2.95996 
-0.699219 
-3.86816 
-1.66797 
0.246094 
2.79102 
-3.49121 
-6.22559 
4.66602 
0.0351563 
-2.74414 
3.95508 
1.26953 
0.359375 
-4.83594 
8.62109 
2.87891 
-0.519531 
1.15137 
-2.31152 
1.43066 
5.9209 
2.56152 
0.876953 
-0.636719 
0.199219 
4.09277 
0.0634766 
-2.30273 
-2.19238 
0.868164 
-2.05469 
5.22754 
1.01074 
-5.31348 
-5.70313 
-3.22656 
-0.499023 
-0.664063 
0.241211 
-3.23145 
4.51855 
-4.15527 
3.20801 
4.21875 
1.4375 
4.9043 
1.24805 
0.0615234 
-0.106445 
-4.56055 
-0.0527344 
-3.20117 
0.664063 
-0.395508 
2.90625 
-0.697266 
2.6543 
4.95898 
1.91992 
-1.2041 
2.17383 
-2.19824 
1.77441 
-3.77637 
-1.34277 
3.19043 
5.55762 
-4.00488 
-2.60352 
2.79395 
-1.35352 
3.04492 
-4.61133 
11.54 
3.06934 
-0.96582 
-0.933594 
3.25781 
1.06152 
-1.43262 
3.50781 
-4.15527 
-3.99219 
1.41797 
-3.47168 
-0.170898 
-3.92285 
0.15332 
-4.87891 
1.47559 
3.64648 
1.08789 
0.15625 
6.68457 
-3.89746 
-2.58691 
-0.992188 
1.99219 
2.26953 
1.98438 
2.17285 
2.77441 
4.50977 
0.233398 
-2.96777 
3.7832 
-2.28809 
6.40332 
-1.93945 
-1.97852 
5.70898 
3.8457 
-2.85059 
0.769531 
0.835938 
-2.84082 
-3.12109 
0.326172 
13.6787 
-1.27734 
-4.85254 
1.5791 
3.86914 
-0.128906 
-0.969727 
-2.28613 
2.76172 
-6.22559 
1.96777 
5.46777 
6.17969 
-1.39648 
-4.78711 
-0.633789 
-1.11621 
-5.32422 
2.93945 
0.648438 
3.87988 
1.99805 
0.910156 
4.56055 
-2.64746 
0.34668 
-0.90332 
0.306641 
8.57031 
0.604492 
2.92188 
0.65625 
-1.40137 
-3.79004 
-1.68164 
3.93359 
6.47949 
3.5498 
-3.625 
1.55566 
3.3877 
-3.25293 
2.86035 
-0.610352 
4.05078 
1.64941 
1.98242 
2.58105 
-0.078125 
-2.4502 
-1.74609 
2.06836 
-4.32617 
3.1748 
-0.542969 
-0.249023 
1.48633 
-3.44824 
-3.25293 
-0.578125 
-0.783203 
-1.95215 
-6.22559 
-5.57715 
-3.7168 
2.83105 
-0.22168 
-0.952148 
-2.61523 
2.58301 
4.38477 
-1.8418 
1.95898 
-1.51074 
-0.00585938 
-3.2207 
-2.95801 
-4.0166 
6.66309 
-0.93457 
1.50879 
4.31348 
-1.15625 
4.47168 
-1.8418 
-0.945313 
15.126 
3.51855 
-5.18945 
5.89258 
3.42578 
-2.21387 
4.00977 
0.678711 
4.47168 
4.0 
1.86719 
-0.0546875 
-0.419922 
6.08594 
-0.130859 
-0.453125 
-2.5 
-5.42871 
1.50879 
-2.69922 
3.33008 
-4.58789 
-0.0410156 
-0.612305 
-0.869141 
-0.111328 
-0.0371094 
7.99414 
-2.0791 
8.31738 
-4.80664 
-1.75293 
5.47363 
-1.64551 
-2.14941 
-4.63965 
3.59863 
-0.797852 
-1.19824 
2.55859 
0.246094 
-0.806641 
2.89551 
-4.23047 
6.60059 
0.676758 
1.97168 
-2.62598 
-2.40625 
-2.87012 
-0.25293 
-3.16016 
-1.34082 
-0.817383 
5.83691 
-1.19336 
-1.03613 
5.76758 
1.86328 
2.29297 
1.6377 
-1.83691 
1.75488 
1.05176 
-1.24512 
0.304688 
8.89844 
-3.08887 
1.4082 
4.31152 
-0.115234 
2.09473 
4.76172 
0.890625 
-3.61426 
-2.10156 
-1.46387 
3.83887 
5.86816 
-1.00391 
4.02734 
-0.75293 
-2.35254 
-2.41797 
3.99707 
-3.99805 
1.60742 
-5.01074 
-0.150391 
2.67383 
6.51074 
-4.46777 
-2.19531 
-2.5459 
-2.94824 
-3.39063 
-3.23926 
5.13184 
1.37207 
-1.06641 
-1.63477 
-2.13184 
2.5498 
-1.55762 
-0.645508 
2.10254 
-0.705078 
-4.07617 
1.43359 
-0.00195313 
6.13184 
0.598633 
-0.378906 
8.29688 
-3.95117 
2.79785 
-4.02246 
0.348633 
-0.245117 
-0.65332 
-1.65234 
0.822266 
0.789063 
-1.77148 
-2.13672 
-0.0751953 
2.24316 
-1.75488 
-5.43555 
2.08691 
0.833008 
0.239258 
3.73633 
-2.86816 
-4.2832 
-4.00488 
-0.399414 
-1.69336 
6.12207 
6.66211 
-2.08691 
-0.138672 
-1.32227 
-3.28809 
-0.568359 
4.67773 
-2.60645 
1.2168 
2.56641 
1.48828 
-6.22559 
-1.07129 
5.53027 
-3.94336 
-0.990234 
0.0126953 
0.799805 
-5.52832 
2.2373 
0.193359 
3.10449 
-1.80371 
-3.46777 
-1.90234 
-0.460938 
4.56641 
-1.85742 
-1.50586 
-0.71875 
-0.303711 
-3.04004 
-0.322266 
-1.73828 
-3.33301 
3.22949 
-3.89258 
-1.20898 
2.66113 
1.39355 
4.50293 
-0.556641 
4.16992 
2.59277 
3.34668 
-6.22559 
-2.08691 
-2.55566 
-2.31348 
-1.26172 
0.12207 
-1.73535 
7.63574 
2.89648 
-3.74414 
6.85938 
-3.15625 
-5.05273 
-3.50684 
-1.12305 
-4.91309 
1.76465 
-1.0791 
3.06543 
-1.62891 
-1.02539 
-3.28223 
-1.33008 
-2.82227 
0.704102 
0.658203 
-1.08789 
2.73633 
4.52344 
-0.692383 
0.53418 
-2.08691 
3.47559 
2.71191 
5.05371 
-2.76953 
-0.962891 
-4.77832 
2.60547 
-0.0585938 
-3.06543 
3.5752 
-2.51172 
-1.9834 
-2.3877 
6.5332 
9.2998 
-0.870117 
4.25195 
3.55273 
-4.72656 
-1.6875 
1.55859 
-0.901367 
-4.30469 
4.02051 
-2.24512 
0.801758 
-0.49707 
-1.71973 
-4.78027 
-1.67676 
2.22168 
-0.397461 
1.19238 
-1.49512 
3.07324 
6.90039 
-4.0625 
3.54102 
-5.57715 
-4.14063 
-5.70313 
-0.857422 
-4.58496 
1.33105 
-0.798828 
-4.66797 
-2.88965 
-2.22168 
2.31738 
-1.29395 
-2.83496 
-1.24316 
-1.46094 
-1.95898 
0.115234 
-3.09863 
-3.39648 
-2.38574 
-2.31738 
5.19922 
0.922852 
-0.393555 
0.962891 
-1.55957 
2.83105 
-0.363281 
-1.68262 
-2.2041 
4.88867 
-1.22266 
0.566406 
3.84277 
4.66113 
-3.87402 
-2.29199 
-4.72656 
1.61621 
-0.674805 
0.914063 
1.54492 
1.5625 
-0.735352 
-1.11426 
2.85547 
-0.443359 
-1.40723 
-6.22559 
0.602539 
0.251953 
0.564453 
-2.01758 
-3.38086 
1.93848 
0.431641 
-0.229492 
6.16309 
5.09375 
0.736328 
1.18848 
8.5918 
-1.0 
0.354492 
0.347656 
-1.18848 
-1.25977 
0.677734 
-2.77832 
1.30078 
-4.87793 
1.44922 
0.838867 
0.920898 
-5.13379 
-2.53613 
5.85547 
-3.66699 
1.81055 
-0.978516 
-4.21191 
-1.08887 
5.15039 
-2.09473 
-4.76758 
-3.37598 
6.53125 
2.44531 
-4.16016 
-4.74316 
0.87793 
-1.71094 
-1.24512 
-0.314453 
0.555664 
3.5 
0.538086 
7.06543 
0.578125 
-0.955078 
1.54102 
5.02051 
2.42285 
4.56934 
-0.776367 
8.98926 
-3.23633 
5.35449 
2.67383 
3.80469 
1.26172 
-0.621094 
4.37207 
-4.4209 
-6.22559 
-4.87793 
-5.01074 
1.16406 
3.31543 
-1.87793 
4.42188 
3.61328 
-3.00098 
-0.526367 
0.151367 
0.0458984 
1.63281 
-0.491211 
4.52051 
-1.06934 
1.35742 
8.61523 
1.46973 
-1.67578 
-0.349609 
0.819336 
1.67285 
2.29492 
4.125 
5.13672 
-2.80176 
-3.05762 
0.335938 
-0.546875 
-0.520508 
3.70117 
-4.20605 
-0.49707 
-3.01074 
-3.67773 
-4.25488 
-2.08301 
-3.25781 
-0.124023 
-1.73535 
2.31055 
2.10059 
1.5332 
-4.14063 
-2.35352 
3.8125 
-0.987305 
-4.82715 
4.09473 
6.6543 
-3.89551 
5.98438 
2.25488 
-0.100586 
-0.0380859 
5.44434 
3.30371 
-3.0791 
0.185547 
5.70605 
1.72949 
4.02734 
-3.75488 
0.858398 
-5.13379 
0.00292969 
-4.80664 
2.60254 
-5.31348 
4.29102 
-1.76953 
-4.01367 
3.36816 
2.75098 
6.47559 
4.03809 
-1.34961 
1.51563 
-3.9873 
3.7207 
-3.60449 
7.09668 
2.5918 
-3.27539 
-5.43555 
3.73047 
0.492188 
-4.52051 
0.333008 
3.78418 
3.8457 
2.97559 
4.59863 
-1.56445 
-2.8252 
-2.22754 
-0.238281 
-2.25781 
1.23047 
6.86035 
0.988281 
-0.439453 
-3.21875 
1.39648 
-4.01953 
-2.70996 
6.16016 
-1.42285 
-0.87207 
1.28223 
-2.69141 
-1.18652 
1.39648 
0.71875 
-0.973633 
-2.8584 
3.85352 
3.16406 
1.77051 
9.4834 
-1.96582 
-6.22559 
1.43359 
6.18848 
-0.00878906 
1.42969 
-2.7334 
-0.46875 
5.15332 
-5.5752 
-0.130859 
3.07422 
-5.42871 
6.04102 
-2.02344 
-0.405273 
2.39551 
5.04688 
2.58984 
-1.71777 
2.18066 
-2.77441 
-4.68262 
2.00684 
5.46387 
2.55176 
1.18945 
5.65625 
-3.54785 
1.63184 
-0.353516 
-3.21094 
-3.04395 
2.33594 
-0.0488281 
2.03809 
5.02637 
0.499023 
-3.9502 
-3.2793 
-3.06738 
-0.977539 
-0.500977 
-1.9668 
-1.12207 
0.265625 
-1.05664 
2.20313 
-2.49219 
5.83203 
-1.68066 
9.22754 
5.33984 
6.29297 
-6.22559 
-0.651367 
-3.03125 
2.2373 
-0.182617 
0.851563 
-4.15723 
-0.44043 
-0.62793 
-1.66699 
-0.766602 
10.1396 
-3.24414 
0.233398 
3.60742 
-0.966797 
-5.5752 
4.17871 
4.76172 
0.958984 
0.725586 
2.89844 
-5.31348 
0.322266 
1.125 
-1.4873 
-1.16406 
-2.57813 
2.08398 
0.0625 
-3.50586 
-4.6543 
-0.791016 
6.3252 
-1.60254 
2.18457 
3.34863 
0.925781 
6.23438 
-2.31836 
1.96289 
-1.4541 
-1.6416 
3.41016 
-0.789063 
3.02051 
13.8076 
13.7002 
-2.92773 
-2.90625 
-0.145508 
-0.34375 
5.23926 
-1.81738 
-2.71777 
-1.4541 
1.39355 
-5.57715 
0.762695 
-1.27441 
-2.22559 
-3.0498 
-2.19922 
3.53027 
0.301758 
1.16211 
0.00585938 
-1.1709 
11.335 
-2.83984 
-4.90625 
-1.3252 
-1.04785 
0.436523 
-3.10742 
2.20703 
2.49316 
2.6748 
3.94727 
-2.56641 
0.560547 
3.99316 
-0.0332031 
0.743164 
-1.58984 
-2.05469 
2.90332 
-0.697266 
0.0273438 
2.29688 
-3.75488 
1.27344 
4.66406 
0.555664 
-0.891602 
0.569336 
-4.31543 
-0.916992 
2.46777 
-2.19043 
-1.02148 
-1.23145 
4.91504 
-3.71191 
-4.73145 
2.53125 
-2.31738 
1.57422 
1.48535 
5.94629 
1.30371 
-2.76367 
5.26367 
1.65234 
-4.2041 
0.0263672 
-0.399414 
-0.300781 
3.17188 
2.17969 
-2.01367 
-3.93945 
4.30762 
2.13477 
5.10938 
-1.58105 
-4.15723 
0.768555 
-0.0380859 
-0.818359 
-0.0410156 
-0.376953 
-0.448242 
-4.37793 
-4.98926 
3.13574 
1.33984 
-4.10742 
-3.46387 
1.5918 
1.36621 
4.85742 
-0.676758 
5.41895 
4.30566 
-2.04199 
10.9746 
-0.569336 
7.00977 
6.90625 
-1.55273 
-1.57227 
1.18359 
0.763672 
1.41992 
-0.269531 
0.604492 
5.65723 
0.537109 
-0.253906 
1.50391 
3.17773 
2.03223 
1.33203 
1.48047 
2.09375 
-1.44141 
3.97656 
-0.259766 
-6.22559 
2.78613 
-1.9668 
-0.494141 
5.46484 
4.90918 
0.186523 
7.58887 
-1.72266 
5.34082 
-0.482422 
-2.29297 
-0.112305 
2.38867 
-0.587891 
1.15234 
0.297852 
0.411133 
-2.11719 
4.86426 
4.31836 
1.26855 
-1.52051 
-3.55762 
-0.225586 
3.35352 
7.82324 
0.0185547 
-4.00488 
0.635742 
-2.05859 
-3.51465 
0.408203 
1.52246 
-3.45605 
-1.64844 
-5.29004 
-1.77051 
-4.10742 
-0.744141 
4.94531 
0.915039 
-2.71484 
-3.6543 
-0.708008 
-3.35254 
-2.02344 
-0.130859 
-5.5752 
-4.72852 
6.34375 
-1.0459 
-4.46191 
-0.196289 
-2.12012 
3.85645 
-2.99219 
-3.85742 
-3.12109 
10.0439 
-0.761719 
-0.0390625 
-1.60352 
-0.735352 
5.33203 
-3.41113 
-3.72754 
2.03418 
-3.19531 
1.65723 
-1.0918 
-5.36035 
-0.734375 
3.73145 
4.94238 
-3.73926 
-3.29297 
0.953125 
0.74707 
3.10352 
-2.59961 
-4.10254 
-0.191406 
-1.5752 
-4.96387 
-3.81738 
-2.67383 
2.91211 
-2.11328 
-3.76855 
-1.8584 
1.18262 
4.58984 
-0.441406 
2.5498 
3.15332 
1.59668 
-1.59082 
-0.850586 
3.8584 
-3.02441 
-1.8291 
-1.73828 
-1.16504 
0.5625 
-0.274414 
-5.70313 
4.50586 
-2.01953 
6.4668 
1.96973 
-0.397461 
-1.80371 
3.64844 
1.1416 
4.86719 
1.65723 
1.06641 
5.34375 
-2.54004 
-2.29297 
2.34961 
1.29102 
2.67578 
-3.24023 
2.8457 
-0.701172 
-3.53809 
-3.12207 
-5.5332 
-6.22559 
2.06934 
2.06836 
6.30762 
1.22656 
-2.70605 
3.32324 
2.34961 
-3.23926 
0.683594 
-1.51172 
-1.87402 
-2.79004 
-2.49902 
5.96191 
0.123047 
-1.83496 
5.78711 
-1.96582 
3.12207 
-5.29004 
-2.78613 
9.38281 
0.496094 
-4.10352 
0.231445 
6.3916 
1.6377 
7.23438 
4.0957 
-0.992188 
-0.803711 
3.61719 
-4.73926 
4.81152 
-0.305664 
2.43066 
-1.83301 
-0.532227 
2.10352 
3.08691 
-1.04004 
3.23535 
-2.12598 
-0.579102 
-0.540039 
-0.143555 
4.23242 
1.04883 
1.03613 
-0.0615234 
-2.9834 
1.8623 
-1.42871 
7.10547 
1.58594 
-3.23047 
-4.1875 
-1.85645 
3.05664 
-0.461914 
1.03418 
-0.279297 
2.90137 
-3.21875 
-0.80957 
-0.447266 
1.57227 
-4.13477 
0.984375 
-5.5752 
-2.87891 
5.42285 
1.45313 
-2.92188 
-0.367188 
-6.22559 
0.706055 
3.93262 
-2.69531 
-3.6709 
5.15723 
2.14551 
-0.956055 
-2.2041 
-0.910156 
7.68555 
-4.67578 
-0.59668 
7.36328 
1.1543 
-1.38379 
-0.351563 
-3.16602 
0.609375 
-0.822266 
3.02734 
-1.85547 
-2.11914 
3.4082 
3.36426 
-0.819336 
3.56543 
-0.842773 
-5.5332 
1.03418 
3.69922 
-2.78027 
-1.69629 
3.26172 
-4.32617 
1.74121 
-0.625977 
-2.1543 
1.27539 
1.97754 
0.428711 
-3.24023 
-2.96094 
-1.05859 
0.65332 
-2.48926 
1.60352 
7.17969 
5.37012 
-2.50293 
-1.46387 
-1.32813 
-0.421875 
0.561523 
3.67871 
0.855469 
0.0683594 
-0.28418 
4.17285 
-2.7207 
7.95703 
-1.36523 
1.44238 
5.98145 
-1.05957 
-4.79102 
-1.52441 
1.15723 
3.82617 
7.45117 
-0.881836 
-2.25 
4.8291 
1.02344 
3.27832 
5.93945 
-3.20996 
-3.87598 
-3.50781 
1.37695 
2.06934 
1.32422 
-1.29883 
2.38965 
1.81738 
-0.979492 
0.523438 
4.00879 
-2.75977 
-5.70313 
-1.85352 
-1.95117 
3.86719 
-3.9541 
2.75586 
8.84375 
-2.37988 
0.59375 
-0.0693359 
4.2373 
-1.7793 
-1.51074 
0.722656 
-1.10059 
-0.514648 
-0.78418 
-2.88086 
-4.73926 
3.19434 
3.59961 
5.26563 
1.87012 
2.35059 
-0.597656 
3.25488 
2.78613 
-0.911133 
0.841797 
7.86426 
0.271484 
-5.58984 
1.48535 
-0.162109 
-0.353516 
-0.916016 
0.831055 
-0.460938 
2.10547 
-4.07617 
-0.62793 
1.16797 
2.29102 
0.527344 
0.0 
-0.617188 
-5.57715 
1.08398 
1.27148 
-4.93164 
1.70117 
2.66895 
5.86621 
3.38477 
-2.13281 
5.12695 
0.65918 
4.46289 
0.374023 
-0.501953 
-3.30176 
-3.93652 
-0.873047 
-4.0293 
1.92188 
0.80957 
3.52734 
2.99805 
3.91895 
-0.745117 
4.70117 
-0.148438 
-1.9043 
1.43164 
5.71777 
7.73438 
-0.958008 
-1.05566 
-4.52051 
-0.133789 
-2.46191 
5.91504 
6.94336 
0.679688 
-2.41992 
2.5791 
1.80957 
10.5283 
6.88672 
1.13281 
4.18359 
-5.02832 
-1.90723 
-1.70313 
-0.794922 
-6.22559 
-3.69336 
5.40039 
3.6123 
0.62793 
-2.97754 
1.31055 
5.01367 
-3.74902 
0.955078 
5.05762 
6.93359 
-0.650391 
0.711914 
-0.80957 
1.79004 
0.946289 
-5.5332 
2.95313 
0.259766 
-3.22168 
2.75 
-0.493164 
-3.29492 
-0.526367 
-3.42871 
4.24121 
-0.0537109 
4.85938 
-0.378906 
-5.5332 
-4.10352 
-4.2373 
-3.46387 
2.00293 
-1.63477 
1.89453 
5.19141 
-2.24121 
-6.22559 
1.9668 
-0.141602 
1.2168 
1.25293 
-1.18555 
6.37012 
-3.34375 
5.85254 
0.141602 
0.164063 
-1.79883 
1.18164 
-4.03223 
-3.9707 
0.851563 
-2.60645 
0.969727 
-4.12988 
-2.00781 
-6.22559 
-1.43652 
-0.801758 
-0.738281 
0.551758 
-0.793945 
1.16211 
1.28125 
-1.39258 
-1.9043 
0.164063 
-2.78711 
-0.133789 
-1.77246 
2.08105 
-0.414063 
1.38672 
4.29785 
0.0791016 
3.30859 
-4.27246 
-0.869141 
-0.448242 
-2.97461 
-2.85352 
5.31641 
3.27051 
0.25293 
2.64844 
1.54883 
3.04102 
-4.41211 
-4.6543 
2.06738 
-5.42871 
-4.80664 
1.58496 
-4.08203 
0.860352 
3.7002 
-2.40723 
3.0127 
-2.32129 
4.34766 
2.24023 
1.46777 
0.964844 
-0.664063 
-2.55469 
-3.39258 
0.638672 
-2.09473 
0.654297 
0.137695 
4.69043 
1.37012 
1.94629 
-3.67578 
0.0 
5.21875 
-0.330078 
0.763672 
0.918945 
-1.73145 
-0.483398 
0.365234 
2.05078 
3.48438 
6.2334 
-0.0566406 
-3.09473 
-0.352539 
-3.02148 
6.91699 
-1.94141 
-1.1416 
0.520508 
-0.569336 
-0.987305 
-0.862305 
-1.64941 
-1.18066 
-4.05371 
-1.7373 
4.61133 
2.37695 
-2.05469 
1.02148 
-2.29395 
-1.19238 
4.15918 
7.18652 
0.0478516 
-1.23047 
-0.46582 
0.432617 
-0.175781 
-0.489258 
2.47656 
0.267578 
-3.92285 
-1.46777 
-4.41992 
2.68652 
-1.81543 
5.05371 
2.60547 
-4.10742 
-2.64551 
-0.0976563 
-0.405273 
-1.93652 
-3.66895 
6.27734 
3.7959 
-1.85352 
-2.5 
-3.06445 
-0.723633 
-0.303711 
4.93652 
3.39941 
-2.40332 
2.74609 
-1.64355 
0.313477 
4.29199 
2.68457 
-4.46191 
-0.501953 
2.18652 
2.00977 
2.80664 
2.28906 
4.86719 
-3.93164 
4.68652 
-0.753906 
-3.5293 
1.58496 
3.60352 
1.20605 
4.45117 
4.9873 
-0.633789 
-1.21875 
2.22754 
0.641602 
-2.7998 
0.602539 
0.398438 
1.13867 
-0.68457 
3.74219 
1.80566 
0.477539 
-0.942383 
-4.13281 
-1.68652 
9.87695 
1.04688 
-3.47168 
1.79492 
-1.30469 
-2.70605 
-0.646484 
-1.07129 
4.57031 
5.70117 
-2.39941 
-0.0146484 
4.07227 
3.99316 
-1.04492 
-0.422852 
-0.587891 
0.672852 
2.60547 
-4.0957 
-2.0791 
-1.05371 
2.93652 
-1.14551 
1.02148 
-5.36035 
-0.755859 
-0.140625 
-2.80664 
1.2666 
-0.636719 
0.111328 
-2.44043 
-3.58008 
-1.31738 
-3.30859 
-4.14063 
-0.194336 
0.933594 
-2.23047 
-1.6377 
2.16406 
-0.107422 
2.90625 
2.15625 
3.27051 
2.41602 
-2.77246 
-3.40039 
-2.12402 
-4.59766 
-2.05566 
4.06152 
0.251953 
-2.1084 
-0.31543 
-4.79492 
-0.930664 
1.19141 
-0.788086 
1.77051 
2.50488 
-1.58984 
-2.00586 
-0.00195313 
2.11426 
-0.771484 
0.0830078 
1.68066 
-2.14258 
-1.82129 
3.70703 
-0.714844 
0.275391 
-0.820313 
-1.55859 
-0.578125 
-1.89746 
-4.09473 
1.03516 
-2.22656 
-1.80859 
-1.25391 
-0.604492 
-0.601563 
6.55078 
1.80273 
2.33105 
7.38086 
0.939453 
2.57813 
1.07617 
-3.10742 
-0.74707 
-0.599609 
5.35938 
8.35156 
5.15625 
2.3125 
5.29688 
-5.36035 
4.54102 
2.69922 
-0.848633 
2.54785 
3.72266 
-4.01855 
3.19922 
-5.375 
3.09766 
2.42383 
-1.08691 
2.12207 
-1.63281 
-1.28418 
1.69238 
0.577148 
-4.23438 
0.915039 
4.54102 
-2.8457 
3.02734 
-2.75293 
2.84863 
-1.47461 
-2.33789 
-1.30859 
-3.95215 
0.332031 
-2.62891 
-1.00781 
10.7236 
-1.26465 
2.36328 
2.44336 
4.17871 
4.47949 
2.41699 
0.783203 
-2.37988 
0.875977 
-2.19141 
1.48633 
-3.46387 
-1.5498 
1.34766 
2.57227 
6.50879 
6.71191 
-5.65625 
1.41309 
2.45996 
-1.38281 
4.05762 
-1.41895 
-2.03711 
1.93164 
4.85547 
-1.8584 
-1.38965 
4.25195 
1.62793 
-2.54688 
-1.69922 
2.28027 
5.24707 
4.69336 
5.02051 
3.28418 
-2.49414 
6.64258 
-4.83789 
0.663086 
2.01074 
5.61719 
4.55859 
-3.86719 
-1.87988 
1.16797 
-3.60742 
10.0361 
-3.16797 
-4.24316 
10.3545 
5.47656 
-5.42871 
-4.6416 
3.31738 
0.75293 
-1.67383 
-0.81543 
0.400391 
-2.55566 
-4.44824 
-2.70801 
3.71875 
3.97949 
0.113281 
-5.5332 
2.35352 
-0.389648 
-1.23145 
-2.65625 
-0.967773 
-1.16211 
2.05469 
-4.64941 
-4.66309 
-2.17773 
-2.0127 
0.854492 
-2.74707 
4.58203 
-3.78613 
1.21582 
1.2168 
1.97656 
-0.646484 
4.88867 
2.89746 
-2.16895 
3.92285 
-3.27441 
-1.87402 
3.06055 
-1.50977 
-2.28516 
-4.04688 
2.69434 
-1.60254 
-5.70313 
-4.78027 
-0.0644531 
0.428711 
-1.10059 
-4.46191 
5.97363 
0.777344 
0.5625 
0.672852 
5.80859 
1.18066 
0.225586 
1.34277 
5.61328 
0.155273 
5.04102 
-2.16016 
-3.47656 
2.73047 
-4.11719 
3.20117 
5.61328 
0.578125 
-2.60254 
-2.12988 
-0.705078 
-3.74805 
10.4277 
-0.0117188 
-5.42871 
-4.53027 
4.00488 
-0.644531 
-1.00391 
-0.536133 
2.45605 
-3.18555 
-2.62695 
0.873047 
-0.383789 
0.824219 
-3.32227 
-0.87207 
1.66797 
-0.0244141 
-0.422852 
-4.33008 
0.601563 
0.876953 
1.73438 
-2.20703 
-3.55762 
5.50781 
-1.53418 
-1.37305 
4.61621 
-0.396484 
-1.85645 
-0.260742 
-3.53809 
3.91699 
-0.236328 
0.550781 
-0.40625 
-3.92285 
1.09961 
4.80859 
4.16895 
-1.85254 
-1.55273 
-4.98633 
-0.615234 
0.481445 
2.77246 
-1.57813 
5.31641 
6.02832 
-1.88574 
3.21094 
0.273438 
-2.1543 
2.22266 
-1.99219 
-0.131836 
0.750977 
-2.8418 
-3.19336 
0.513672 
-4.63086 
-0.467773 
-0.0332031 
-2.11426 
2.99219 
-3.28125 
-3.02441 
0.241211 
0.31543 
-0.129883 
10.335 
-2.53613 
0.640625 
6.06445 
3.55273 
0.274414 
3.09863 
1.86133 
-5.29004 
-0.242188 
-1.71094 
2.51074 
0.347656 
-1.7666 
2.25098 
5.13672 
1.63281 
1.45117 
-3.20605 
-4.83789 
5.34277 
-1.77734 
7.58691 
4.37402 
3.03906 
3.23438 
-0.623047 
-2.83301 
-2.47949 
-0.303711 
7.22754 
1.5127 
-0.457031 
-1.76953 
6.97168 
-2.8457 
8.06152 
2.68359 
-4.03027 
3.87598 
2.20703 
2.62207 
-5.375 
-0.249023 
-0.954102 
2.76855 
-3.25098 
-0.430664 
-1.38184 
-1.57715 
-1.05371 
1.62109 
2.8252 
1.73535 
-0.422852 
1.76172 
-6.22559 
1.3877 
-0.0527344 
-3.3584 
0.0761719 
-1.36133 
1.8291 
-0.203125 
-1.83008 
-2.83594 
1.08105 
-1.38672 
-3.81348 
-0.566406 
-4.21289 
0.375977 
1.67676 
5.41211 
-1.29297 
-3.63379 
-1.14453 
-1.03027 
7.06738 
2.84863 
-2.07813 
-0.0292969 
1.94824 
1.05859 
7.11133 
-1.08496 
-2.65332 
-1.33105 
-0.0126953 
-1.69629 
-4.11914 
4.03613 
6.95996 
5.30664 
1.27637 
-0.323242 
-3.79102 
-2.69141 
2.33887 
-1.82617 
-0.0634766 
-1.28223 
0.574219 
-1.0791 
-1.2959 
5.30176 
11.2744 
5.71387 
-0.787109 
5.18555 
3.50391 
-1.85742 
-2.22559 
-3.74219 
4.83887 
1.19434 
8.83789 
2.7041 
-5.5752 
6.06641 
-2.98926 
1.93262 
-1.21582 
4.87207 
-0.0332031 
-4.41797 
5.10352 
-2.2002 
-1.7168 
-0.535156 
-4.07031 
-2.42285 
-3.46387 
0.866211 
-1.95898 
4.86328 
8.89258 
-4.10352 
-4.68262 
2.52246 
-1.22754 
2.54004 
-1.0498 
-2.44922 
0.0585938 
-3.80176 
6.19434 
-1.40332 
-3.30664 
2.3877 
-2.0293 
-0.151367 
6.39941 
-2.53613 
6.88379 
-1.67578 
1.55859 
-2.43652 
1.29004 
-1.67383 
2.10938 
-2.67676 
2.91504 
9.48047 
-0.0214844 
-0.592773 
-1.72363 
2.25 
-2.44043 
0.963867 
2.52246 
4.97949 
-2.04102 
-1.83594 
-1.25195 
-5.5332 
-4.72852 
-1.65039 
-1.20703 
4.29492 
-3.30762 
1.76367 
-0.745117 
5.05664 
-5.65625 
0.817383 
-1.875 
-0.838867 
-2.25293 
-0.132813 
1.0625 
1.38965 
-1.52441 
2.02148 
-0.302734 
1.46289 
-3.46387 
-3.30176 
-1.3418 
0.839844 
-3.25098 
-0.189453 
1.20215 
-1.28418 
5.34473 
0.614258 
0.770508 
-3.76855 
-1.51367 
1.51172 
-0.652344 
2.29688 
0.318359 
-6.22559 
-0.642578 
-3.90527 
-2.6377 
-0.661133 
-2.46484 
-4.77832 
-4.46191 
-0.996094 
-4.24805 
-1.57617 
-4.13281 
1.04102 
2.24707 
-1.29688 
1.2002 
-0.316406 
0.427734 
-3.50586 
2.1582 
-0.720703 
-0.174805 
3.84375 
1.73926 
0.250977 
-1.20801 
-1.04492 
1.37109 
2.87695 
-1.16016 
1.80273 
1.62012 
10.4785 
-1.24023 
5.1084 
-4.72656 
-2.03711 
2.22852 
-2.94141 
2.45313 
-1.43848 
-5.5332 
-2.03613 
4.55371 
-0.904297 
-1.9668 
4.53809 
6.94336 
1.62793 
1.58008 
-3.85254 
-3.24902 
2.88281 
-2.5918 
3.10449 
1.28613 
2.56152 
-0.771484 
1.22754 
4.73438 
-2.43652 
3.14258 
1.01367 
-4.32617 
3.96094 
2.19043 
-1.03125 
0.792969 
1.72266 
10.9297 
-0.762695 
2.24316 
2.36328 
1.30664 
-1.07129 
-1.48242 
-1.69043 
4.17871 
1.00781 
-5.58984 
3.01074 
-1.59766 
2.44238 
1.28418 
4.36816 
-1.40039 
3.03223 
1.46875 
-3.46387 
2.81641 
5.64551 
6.29199 
-4.63086 
-5.70313 
-0.211914 
-5.13379 
-0.396484 
0.108398 
3.01758 
1.22656 
0.59375 
-2.45996 
-4.30469 
0.927734 
-1.40918 
-1.49414 
1.99316 
-2.80762 
1.09863 
-4.79297 
-3.00879 
-1.76758 
-1.25293 
-0.00585938 
4.91797 
-5.65625 
0.388672 
0.418945 
2.33984 
-2.28906 
2.61523 
-2.29297 
2.33594 
-0.664063 
7.77148 
4.51172 
1.30273 
-0.40332 
-0.208008 
-4.87891 
1.17871 
-4.24707 
2.56055 
-1.47559 
3.82031 
-0.361328 
0.867188 
-0.339844 
-5.58984 
1.71387 
-4.44141 
0.413086 
0.393555 
10.8223 
-4.86621 
2.28223 
-2.54297 
1.42578 
-1.7168 
7.12012 
0.832031 
-2.79395 
1.08789 
2.5127 
0.707031 
5.16992 
-2.23145 
-4.72656 
1.0332 
-1.47949 
-0.854492 
1.75977 
-3.03809 
-0.327148 
-4.20215 
4.55469 
1.49219 
-3.16602 
-1.42871 
2.20996 
8.15527 
-2.39551 
-1.5293 
1.48145 
-3.31738 
-2.51758 
-3.2793 
-4.88281 
-1.70215 
4.90625 
-4.5166 
-2.84082 
-4.79297 
3.24609 
2.76367 
0.355469 
1.15332 
0.755859 
1.74902 
-3.44531 
13.5254 
1.67285 
-2.09473 
-2.25781 
2.75977 
-3.23828 
5.20801 
3.90527 
2.7793 
1.31738 
2.40332 
0.883789 
-2.30273 
-2.46777 
-5.31348 
-4.13281 
0.75 
-0.984375 
-0.938477 
3.75195 
1.57227 
1.96387 
-4.50977 
-3.30273 
3.0 
-2.91016 
2.0166 
-2.73633 
0.741211 
-1.95313 
2.57813 
-4.10742 
-2.09766 
0.1875 
-0.856445 
2.62793 
-3.48242 
0.330078 
4.24512 
0.133789 
-1.11133 
-4.63086 
-4.14063 
-2.14648 
-5.70313 
-2.23242 
1.63184 
2.37988 
0.148438 
3.28027 
-1.59863 
7.66016 
0.102539 
-1.16113 
-0.474609 
-2.25586 
11.0146 
6.93457 
-4.64941 
4.51563 
3.06348 
-3.08594 
7.48633 
-3.46387 
0.730469 
-2.86719 
-0.464844 
-2.70215 
-0.569336 
-1.38281 
2.14063 
-4.40918 
-0.932617 
-1.62012 
0.611328 
4.93945 
-0.916992 
1.28418 
0.0390625 
-2.37695 
1.93262 
-0.461914 
-1.90625 
0.276367 
-1.5 
2.37207 
-2.25781 
5.91406 
0.727539 
5.84375 
1.45996 
-1.45898 
-4.38379 
3.85938 
0.250977 
-1.33496 
6.35547 
-1.49121 
1.51855 
-0.342773 
3.17969 
-3.57715 
-3.74707 
6.09863 
2.96387 
1.64648 
-1.06836 
0.794922 
-0.834961 
5.40625 
5.79688 
0.666992 
2.50098 
-0.584961 
7.72559 
1.76172 
1.77051 
-1.16309 
-4.04785 
-1.91211 
4.04199 
-0.633789 
-1.02734 
-5.11426 
-0.907227 
3.77441 
1.23535 
4.0332 
-3.2998 
-0.577148 
-0.983398 
7.24707 
0.857422 
-5.29004 
-1.66406 
-1.28711 
1.5918 
-2.91699 
2.22363 
-2.14258 
-0.332031 
-2.75098 
3.17871 
0.613281 
8.65918 
5.07813 
1.80371 
1.12109 
-1.05176 
2.05859 
-3.06445 
1.02051 
-3.14258 
-3.96191 
1.8877 
-4.4834 
-3.06836 
0.869141 
0.150391 
-6.22559 
3.82715 
3.24609 
-0.705078 
1.30762 
1.44727 
-6.22559 
-1.65039 
3.28223 
4.74609 
-0.0185547 
-6.22559 
1.28906 
4.15137 
-2.90625 
-0.469727 
-0.245117 
-2.75 
-1.34082 
5.08398 
-0.435547 
-0.849609 
-1.59277 
2.89551 
-0.0703125 
-1.52148 
-2.05273 
3.90137 
-0.816406 
-3.85156 
-1.8584 
-4.59766 
1.62695 
4.41992 
-3.55762 
0.0488281 
-0.429688 
1.47949 
-3.29199 
8.07715 
10.249 
4.40723 
-1.62891 
4.66895 
-0.78418 
7.50488 
-2.5459 
-2.01563 
-2.09766 
-6.22559 
-2.54004 
-0.293945 
-4.12695 
2.20801 
-2.30273 
-5.83984 
-1.94922 
0.0947266 
-3.86523 
-4.87891 
-0.319336 
-4.74316 
2.50586 
-5.11426 
-0.537109 
-5.11426 
-3.19141 
1.07813 
1.41602 
2.80176 
-0.0361328 
-0.220703 
-0.393555 
-1.24414 
-4.79102 
-3.55762 
-2.47852 
-0.654297 
-0.841797 
2.06934 
7.32617 
-2.9873 
-1.89551 
-1.7041 
-3.79004 
-6.22559 
-3.4502 
-1.16797 
-1.38086 
1.54004 
5.64746 
2.00488 
-3.42773 
7.32324 
1.17188 
-4.21777 
-2.11621 
2.04102 
-1.01172 
0.849609 
-3.45215 
-0.0361328 
-2.69531 
1.54004 
-1.71973 
-4.27246 
-3.04199 
3.65332 
-5.01074 
0.329102 
-1.10547 
2.20117 
2.2832 
3.10547 
1.31738 
-3.02148 
1.21289 
-3.46387 
3.42188 
-2.7666 
3.58398 
-3.20117 
1.99121 
0.995117 
-6.22559 
0.00195313 
-3.92383 
-3.71973 
4.27148 
5.85547 
2.55859 
-3.93652 
-6.22559 
1.28418 
1.93164 
-3.15625 
1.97461 
-0.874023 
0.120117 
0.841797 
5.30371 
-1.29199 
-2.91406 
-4.24512 
1.84668 
-2.20703 
-1.85156 
-1.78223 
-3.30371 
5.76758 
-4.57031 
1.44043 
-3.35449 
-3.02539 
-0.592773 
-4.52051 
-1.64746 
1.24902 
0.469727 
1.77832 
-1.66797 
-0.12207 
-4.63867 
-3.20605 
2.86426 
-0.983398 
-0.193359 
-3.2793 
1.86328 
-3.9502 
-6.22559 
-1.75195 
3.0625 
-4.09277 
-0.408203 
0.390625 
-5.57715 
9.03906 
-3.25781 
-3.36426 
-0.170898 
0.0136719 
-1.27441 
-1.25391 
-3.23047 
7.87598 
1.06348 
1.2207 
1.75879 
-1.56348 
-3.28516 
-3.64941 
1.30957 
4.91895 
5.43457 
6.13184 
2.77344 
-5.18945 
3.27051 
2.1709 
4.56348 
-2.91016 
-2.14063 
1.48926 
-0.142578 
4.45313 
-3.30371 
-2.87891 
-6.22559 
1.59766 
1.56934 
1.49121 
-2.36816 
-1.36328 
-0.0478516 
-2.88281 
1.96289 
8.6582 
0.692383 
-6.22559 
-2.75684 
-2.24023 
1.44922 
-1.93457 
-2.57813 
6.99219 
4.05078 
-3.71191 
-5.2041 
0.0380859 
3.14551 
-0.103516 
-0.920898 
-5.36035 
-1.6084 
1.13086 
5.1748 
1.20801 
2.97852 
-4.14453 
-0.0185547 
10.9092 
-0.953125 
1.03223 
0.330078 
-1.59375 
-0.657227 
-2.7666 
-2.94434 
-1.07129 
-1.71973 
-1.32227 
-1.66797 
-0.1875 
-3.42969 
-4.45898 
-2.51758 
10.8418 
-2.46875 
-0.213867 
-1.70215 
-1.05273 
2.74902 
-1.04688 
0.102539 
-3.89258 
2.64746 
5.47363 
-1.31055 
-2.87305 
0.603516 
-3.0293 
8.16699 
-4.83789 
-1.51758 
-2.79883 
-1.43066 
0.737305 
-1.59863 
-0.120117 
-1.26172 
-0.790039 
0.523438 
6.24023 
2.11914 
-3.61426 
-1.96973 
1.04688 
1.2334 
0.810547 
0.581055 
4.14551 
0.672852 
1.61426 
-0.861328 
2.11426 
7.07813 
0.557617 
-3.92285 
-6.22559 
3.22168 
-4.87793 
-4.08984 
-6.22559 
2.4834 
-5.36035 
-0.447266 
0.00976563 
-4.07813 
2.9834 
-2.20117 
2.57813 
-0.84082 
-2.12402 
3.93652 
-0.241211 
-4.18652 
-0.570313 
-4.10742 
-0.560547 
4.04395 
3.00098 
0.179688 
-3.17871 
-0.697266 
3.45605 
2.02539 
-2.77246 
0.705078 
3.82031 
1.26758 
1.59375 
0.998047 
-1.09277 
1.11328 
5.41699 
0.27832 
-3.45215 
0.858398 
-0.902344 
-0.545898 
-3.63379 
1.19824 
0.637695 
1.52637 
2.58301 
1.27051 
2.2334 
-0.255859 
0.714844 
2.25391 
8.13281 
0.912109 
-3.06543 
0.978516 
-5.5332 
8.39746 
8.47949 
1.43164 
2.39453 
5.22949 
2.90234 
0.383789 
1.35254 
-1.74609 
-2.36523 
-2.61621 
-4.625 
-6.22559 
-5.43555 
0.820313 
1.38086 
1.56055 
-4.85254 
0.594727 
-1.71973 
-6.22559 
1.34375 
-3.58008 
-2.05371 
2.82715 
3.44531 
-0.888672 
-4.32617 
-3.74121 
1.50977 
4.06836 
3.79004 
1.1377 
-0.214844 
1.11621 
10.0742 
1.98047 
0.180664 
2.24902 
-0.527344 
-1.7998 
-2.22754 
1.35547 
1.85938 
3.0752 
-1.75293 
0.195313 
-2.9043 
1.74902 
-0.228516 
2.44727 
-4.02637 
2.49121 
1.3584 
-3.6582 
-0.798828 
-2.38184 
6.43164 
7.54688 
-4.74316 
-4.25781 
0.24707 
4.95996 
-1.86035 
3.64941 
-2.56152 
3.98438 
1.32129 
-4.46387 
-0.0507813 
-4.46777 
2.06055 
0.77832 
-1.59277 
5.64258 
2.51367 
-3.39844 
-2.46875 
1.63086 
-0.871094 
-3.25195 
-3.62012 
2.28223 
1.69727 
-3.7168 
-3.99609 
2.36719 
-2.04688 
-1.89941 
0.927734 
-0.0595703 
3.92871 
2.66211 
-3.80176 
5.17676 
-3.61914 
-1.93652 
-0.621094 
4.63965 
3.84473 
-3.21094 
2.38379 
2.04102 
12.7275 
3.13184 
-0.584961 
-0.194336 
2.65527 
1.34277 
6.3623 
2.56641 
-2.04004 
-1.33887 
-5.5332 
5.72168 
2.72852 
-1.33008 
4.23047 
3.21289 
0.146484 
-2.40527 
-2.22852 
4.26074 
1.23926 
-1.35742 
-4.35645 
-0.359375 
5.94922 
0.895508 
0.631836 
2.02832 
5.54004 
-3.30273 
1.25781 
0.542969 
-1.30762 
2.1416 
1.04492 
-1.47266 
-2.63086 
-4.3418 
-3.63574 
2.1377 
-3.02344 
3.77441 
-5.36035 
3.69141 
2.49609 
1.51074 
0.673828 
-1.58496 
-1.81152 
1.43359 
-4.53223 
-4.72461 
-0.743164 
1.84766 
0.105469 
3.29883 
-1.35156 
2.12793 
4.2666 
-0.932617 
3.14258 
-1.01953 
7.96289 
-2.96973 
5.16309 
3.78516 
-1.71973 
-3.70313 
5.8457 
2.12207 
-1.99316 
5.48047 
1.57129 
5.45313 
-0.790039 
2.79199 
2.90137 
7.24121 
-4.55176 
0.30957 
4.04492 
-2.33691 
-0.530273 
8.62695 
5.13965 
4.43164 
-0.0605469 
-2.99707 
-2.73633 
5.62305 
-0.417969 
-1.94727 
-0.301758 
-1.49707 
0.8125 
-3.92285 
5.19629 
4.33008 
2.69043 
8.65332 
-3.58691 
5.8457 
-4.79492 
4.62402 
-3.47168 
-0.274414 
3.51074 
5.13379 
8.17383 
-1.45117 
5.24707 
6.95703 
-0.242188 
1.26563 
1.375 
-3.69238 
4.81152 
-0.144531 
2.87891 
-3.63477 
1.09473 
1.0 
4.70508 
0.125 
3.23633 
0.813477 
-1.02637 
3.05859 
-2.74316 
1.28125 
-2.97754 
-3.72656 
-0.140625 
4.52734 
-1.63867 
5.19434 
0.540039 
2.3584 
3.68359 
-1.94727 
5.5127 
7.9502 
4.51758 
-2.42578 
1.52832 
1.33496 
3.80469 
2.32324 
-2.85156 
-0.292969 
2.00586 
-3.45215 
11.4834 
5.98633 
-2.24316 
-3.41504 
-1.5752 
4.04688 
-4.59277 
2.13184 
-6.22559 
-0.944336 
-2.28906 
-2.91016 
2.36719 
0.166016 
-2.8916 
0.652344 
-0.259766 
1.14941 
0.333008 
-2.11914 
4.85449 
7.17969 
2.81152 
-0.0625 
2.13477 
4.64844 
-0.634766 
6.33691 
-5.49609 
2.78809 
-4.10352 
-2.90723 
1.19824 
-0.84668 
3.55176 
2.04883 
3.16113 
-2.16406 
-4.08496 
-2.05859 
-0.955078 
-4.12695 
2.75977 
-2.27637 
-1.58398 
0.476563 
6.49316 
4.33594 
3.95508 
-2.66797 
-1.58887 
-6.22559 
-0.264648 
-3.79395 
0.487305 
-3.46387 
-0.0810547 
2.28711 
-3.81348 
-1.42871 
-2.88867 
-2.75586 
-3.80176 
-2.12402 
3.78223 
4.53809 
-3.74121 
3.39941 
-1.85156 
-1.47461 
-3.0332 
0.402344 
1.7832 
-1.2207 
1.0498 
-0.151367 
-1.32227 
1.11328 
6.72461 
0.643555 
-1.75879 
-2.16211 
-3.58594 
4.25977 
-2.57813 
-3.04199 
4.12695 
-2.25586 
-5.65625 
-6.22559 
4.28906 
-4.22949 
-1.2002 
0.954102 
-5.5332 
1.48535 
2.00391 
1.07129 
9.34863 
-3.77148 
-0.425781 
-6.22559 
1.72559 
6.26855 
6.55566 
5.62402 
-4.07031 
1.97754 
-0.737305 
1.96289 
0.0488281 
-0.280273 
-3.11914 
-4.69922 
-0.43457 
4.16895 
-3.33398 
3.3916 
-4.50586 
-1.61426 
1.62402 
3.88477 
2.76465 
1.40723 
0.514648 
-3.81836 
2.17188 
-1.81934 
6.64844 
-0.40625 
0.148438 
0.172852 
-0.250977 
-1.90039 
2.0459 
-1.24902 
-2.93555 
-0.780273 
-0.791992 
-3.95801 
1.53125 
2.93555 
2.98145 
-1.40918 
1.37207 
-2.90039 
0.121094 
-0.90625 
1.91113 
4.08789 
4.26563 
-4.72656 
-2.70117 
0.666016 
2.50586 
9.25781 
-1.51758 
1.74219 
0.827148 
1.91797 
-1.27148 
-2.81348 
3.25391 
-5.375 
-1.77441 
4.1377 
-3.08398 
-5.83984 
-3.15527 
0.37207 
-1.70508 
-3.25098 
0.929688 
5.25684 
-5.52832 
0.595703 
3.29395 
-4.79102 
3.10059 
-2.79883 
7.5957 
-3.47852 
-3.80371 
-2.76074 
2.95508 
-4.36035 
6.60156 
2.91895 
-3.42969 
-6.22559 
3.31348 
-5.14746 
1.4043 
0.708984 
-1.68359 
-0.611328 
3.29785 
4.4707 
6.39063 
9.58203 
6.71484 
0.450195 
3.01953 
-3.77637 
-1.58496 
-0.336914 
0.356445 
-3.22852 
3.91699 
-3.03516 
5.7207 
-0.748047 
1.88867 
10.8906 
2.01172 
2.31445 
0.861328 
-2.33789 
-4.83789 
-0.885742 
-4.56055 
-1.85352 
6.18848 
4.22754 
11.9951 
3.77734 
-1.76855 
1.95508 
-2.93164 
-2.25879 
-1.81934 
-0.869141 
-0.0888672 
4.92285 
0.72168 
-1.08008 
3.96289 
2.01563 
3.5293 
-2.71875 
0.697266 
-4.93066 
3.64063 
2.58691 
2.96582 
0.458984 
1.41797 
-2.3252 
-0.631836 
-3.92578 
-5.05469 
-4.63867 
2.44922 
1.24316 
-0.239258 
-0.982422 
0.196289 
-2.12207 
-4.66309 
-0.783203 
-2.83105 
-1.78027 
5.42773 
3.99805 
-0.529297 
0.274414 
1.75293 
3.39063 
1.16602 
0.0341797 
0.981445 
6.8291 
2.4502 
-0.865234 
0.130859 
0.787109 
-1.10645 
5.32617 
1.3418 
-2.42578 
1.40723 
-1.20996 
-5.13379 
-0.574219 
4.7041 
4.52051 
-4.67676 
0.09375 
-1.13184 
-3.25293 
6.64355 
-3.05762 
4.95703 
5.9248 
0.324219 
-3.04883 
-4.15625 
5.56055 
-3.19531 
-1.90332 
-0.277344 
1.43164 
-0.742188 
-2.42383 
3.79492 
-1.73828 
-3.30859 
-3.74121 
-3.0752 
3.4043 
-4.72852 
-0.117188 
-1.46094 
4.88477 
2.5 
12.293 
3.39258 
2.58398 
1.71582 
3.02344 
1.06348 
0.814453 
2.06348 
1.4209 
2.80664 
6.32813 
-0.902344 
2.85645 
1.96582 
7.9082 
1.68359 
-2.39355 
-0.78418 
-2.25391 
-4.03418 
-2.55469 
-1.97559 
0.262695 
1.92383 
-0.700195 
-4.35352 
1.42969 
0.213867 
-5.5332 
-4.04102 
3.67969 
-1.27832 
2.48242 
-2.93652 
-3.59766 
-2.71777 
-2.81738 
4.53516 
0.611328 
2.72559 
-2.79004 
-4.01367 
1.87598 
-3.26465 
3.00879 
7.7041 
0.240234 
-1.7998 
2.67285 
-5.375 
-0.625 
3.13574 
-1.28223 
-0.59082 
0.760742 
2.89355 
1.61328 
8.38965 
-3.39648 
1.69629 
2.41699 
-2.7041 
0.484375 
4.74121 
-3.49902 
-2.13281 
1.79102 
-1.61523 
2.45215 
-1.38379 
2.86719 
6.03223 
-0.74707 
-4.80371 
0.885742 
3.21387 
-1.57227 
-0.166016 
-1.22754 
0.820313 
3.47852 
-0.730469 
-2.85938 
1.15527 
-1.06348 
0.969727 
-3.47559 
1.93066 
-5.52832 
-2.34766 
0.291992 
0.572266 
-0.754883 
-1.50781 
7.08398 
-4.79492 
-0.758789 
-1.01367 
4.94141 
-1.00293 
0.34082 
-1.73828 
-0.90332 
-5.83984 
5.53809 
6.62891 
4.38281 
4.49902 
2.41602 
0.21582 
0.890625 
3.15918 
2.71289 
-3.23242 
6.7793 
4.05957 
1.06641 
-0.441406 
1.03613 
-0.259766 
-2.15527 
-1.14258 
3.89648 
8.48926 
3.38086 
-1.95703 
-1.14844 
0.99707 
-2.60254 
3.66113 
-2.60645 
-0.801758 
3.40332 
-5.70313 
-1.71387 
-0.886719 
2.6748 
-5.5752 
-1.5127 
-0.816406 
-1.09375 
-1.13281 
1.01367 
4.14453 
6.9541 
-0.458984 
1.8916 
-3.25781 
0.376953 
-1.9043 
-2.55371 
-3.29102 
8.04688 
-2.84082 
0.570313 
-5.31348 
1.91406 
1.12109 
4.66797 
-1.03906 
3.10352 
-1.39355 
-2.0127 
-0.958008 
1.2627 
3.21582 
4.55469 
-2.37695 
4.63672 
-4.67676 
-0.570313 
-0.294922 
3.13477 
-6.22559 
-1.46875 
1.25195 
-5.18945 
-4.20215 
-1.41016 
-0.0878906 
-4.5918 
0.678711 
3.08887 
-1.20313 
-3.7373 
-0.40625 
0.0576172 
-1.3418 
-0.813477 
8.00977 
3.55469 
0.576172 
4.04199 
-3.10449 
0.980469 
-2.08105 
-1.43164 
0.768555 
2.04297 
0.0322266 
-3.45508 
0.0283203 
-0.857422 
-2.45703 
1.87988 
1.75195 
4.2627 
0.129883 
-5.29004 
1.83496 
-5.5332 
0.0439453 
1.71289 
0.482422 
3.74609 
-2.21875 
2.28418 
0.586914 
-3.12598 
0.967773 
4.26465 
0.46875 
2.11816 
0.568359 
0.0917969 
0.681641 
3.42285 
-0.799805 
3.48926 
-0.635742 
5.17969 
0.908203 
6.37891 
-2.47266 
-1.16602 
2.10156 
-5.5332 
0.800781 
2.27441 
-1.43164 
-0.776367 
-4.26465 
3.71387 
-3.04883 
2.46777 
-3.54688 
-2.13281 
-2.80957 
3.58203 
0.892578 
7.02637 
-4.21191 
-3.51953 
0.851563 
3.88965 
-0.505859 
-2.50586 
-1.57617 
1.41699 
2.83887 
-3.80371 
-3.89844 
-3.26855 
-3.46387 
-0.269531 
-3.59668 
2.67383 
-1.7334 
-1.60156 
-2.29297 
-5.01074 
4.0498 
0.100586 
-1.61914 
7.47559 
-0.476563 
6.61523 
2.93359 
1.63086 
-0.261719 
1.46484 
-6.22559 
-4.38477 
1.77246 
-0.331055 
-3.79883 
-4.87891 
-1.49219 
-0.441406 
-1.4375 
-3.33008 
-2.96289 
2.49805 
4.99707 
-1.93457 
0.431641 
3.00684 
-2.68848 
0.667969 
3.31348 
-3.29492 
-4.85254 
4.79492 
-2.55371 
-2.12109 
-4.66797 
-2.01563 
-2.99219 
-1.89551 
-0.0917969 
-2.37305 
-2.01953 
-0.908203 
-0.522461 
1.60254 
-0.263672 
-0.910156 
2.18164 
-2.63281 
0.770508 
-1.58984 
4.87695 
0.0166016 
2.17188 
-0.991211 
8.91992 
-2.18652 
-4.45898 
3.14941 
1.7334 
1.79395 
9.10352 
3.19434 
-1.50977 
1.06641 
-3.73242 
-2.62891 
-1.58984 
-3.80371 
-1.125 
-1.37305 
2.99316 
2.75293 
6.00684 
1.64551 
1.0791 
-0.360352 
-3.47266 
2.33789 
-5.13379 
-3.58496 
3.9209 
2.47168 
4.56738 
-2.69922 
0.0888672 
-0.84668 
-0.015625 
0.0 
4.3418 
2.66699 
-1.11914 
0.389648 
4.39844 
-4.67773 
-2.86621 
-0.791992 
0.96582 
2.47754 
-0.720703 
-1.17773 
1.05273 
-2.63867 
-3.47168 
2.19043 
4.21191 
-2.85254 
-4.80273 
-3.87109 
3.0459 
1.49219 
1.47461 
4.57422 
-3.71777 
-1.3291 
8.47461 
-0.456055 
-2.37207 
-0.427734 
1.9834 
-4.08105 
-0.300781 
-4.38379 
-1.12598 
-4.06348 
-1.35938 
1.48047 
0.50293 
-4.87793 
-1.69238 
-5.83984 
1.50977 
0.171875 
0.615234 
-2.70996 
-2.32324 
-4.37793 
-1.7627 
0.0400391 
4.375 
-1.41113 
-3.17773 
1.70313 
1.38574 
-0.253906 
1.20215 
-1.52246 
-0.460938 
-6.22559 
9.53613 
6.31543 
3.875 
-2.34277 
1.62793 
1.47754 
4.75098 
2.54492 
1.33691 
1.03418 
-1.8584 
-3.25293 
-0.762695 
2.25586 
-4.79492 
8.41406 
-0.389648 
-0.8125 
-1.01563 
-4.58789 
-5.70313 
-2.55859 
4.37891 
5.34082 
-0.852539 
-2.07422 
-0.838867 
7.12305 
6.09863 
-0.564453 
3.21973 
-3.41602 
4.00977 
5.58105 
4.18555 
4.70605 
2.2168 
2.11914 
1.27832 
-4.67676 
1.51074 
-0.379883 
-2.40723 
2.98242 
-0.101563 
-4.625 
3.04297 
0.988281 
-1.85059 
0.285156 
2.68164 
5.51758 
10.7129 
-2.63086 
-0.09375 
-4.46191 
1.57324 
-3.36914 
-2.39551 
6.83984 
5.52637 
0.326172 
2.30566 
-4.2041 
-0.943359 
-4.78516 
-2.99805 
1.19141 
-1.83984 
-0.651367 
-2.86621 
5.49414 
1.97949 
5.8623 
-2.55469 
-2.16602 
-4.07813 
-2.29004 
2.97266 
8.69922 
-1.14355 
6.83398 
4.8418 
3.36035 
-4.79492 
-3.09277 
-4.54492 
1.6084 
0.174805 
4.03906 
-1.76465 
1.67383 
-5.05469 
1.3418 
-1.76855 
7.36816 
2.75293 
-5.11426 
4.55664 
0.632813 
-4.43945 
0.34082 
2.03418 
3.3252 
1.33984 
-0.701172 
3.62207 
8.5293 
-4.57813 
0.385742 
1.80469 
-0.477539 
-0.851563 
-5.49609 
1.35938 
-1.61426 
-3.4834 
-3.1543 
3.29688 
-3.03613 
-2.89355 
-0.195313 
-2.41797 
1.96875 
4.05762 
0.138672 
1.83105 
-5.5332 
-2.05078 
-0.578125 
-3.36523 
4.68652 
-1.79492 
-1.1377 
4.50488 
5.73242 
3.23145 
-3.6377 
-0.0742188 
2.70605 
3.04199 
1.19824 
-4.10742 
0.373047 
-2.33789 
2.45313 
-3.9502 
-1.68555 
2.875 
0.0166016 
-0.0996094 
5.30078 
-2.51563 
-3.46387 
-3.89453 
4.34082 
-2.39551 
2.60352 
1.18262 
-0.0537109 
-0.974609 
-4.79492 
0.835938 
-1.81445 
-1.10742 
3.69336 
-2.86816 
1.88965 
2.40527 
4.01172 
-3.93457 
3.41797 
-0.950195 
-0.170898 
1.22363 
1.16113 
-1.58691 
4.43945 
-3.49121 
7.79785 
2.24121 
-1.44141 
0.742188 
4.38574 
4.92871 
-4.14941 
-3.22363 
-3.08105 
-2.60352 
3.37793 
-1.6543 
-5.05469 
-3.11523 
-4.09082 
-2.35254 
1.07227 
0.255859 
2.27637 
0.0683594 
1.56152 
-6.22559 
2.09766 
-2.32031 
-2.93066 
0.427734 
-5.43555 
-2.26074 
2.45117 
-4.79102 
1.59863 
-1.87207 
-4.46387 
-1.19238 
3.09766 
6.76465 
1.5791 
3.5459 
0.892578 
-2.28613 
-0.338867 
-1.32715 
-5.58984 
1.99805 
4.25781 
-2.2627 
-3.88086 
4.0 
2.69141 
7.27539 
1.80078 
2.35352 
5.67188 
4.02246 
10.7412 
-1.81836 
6.81543 
1.45996 
-3.15332 
-3.12109 
-1.69824 
-2.15137 
-3.92285 
-4.55371 
6.34277 
-3.56055 
-0.078125 
-1.86816 
10.3701 
7.22461 
3.88184 
-2.25879 
-4.79102 
6.74609 
4.68359 
0.517578 
3.74219 
-4.79102 
-1.2041 
0.110352 
-3.03125 
6.16895 
-4.98926 
0.291016 
2.77734 
-3.30664 
-3.24512 
-3.74902 
-0.148438 
-5.5332 
4.65332 
-3.33691 
1.97266 
0.289063 
-2.12402 
1.14453 
0.0253906 
-2.29297 
0.400391 
-3.33887 
-4.2207 
-0.563477 
2.95703 
-5.13379 
1.96387 
2.21387 
-0.163086 
4.02832 
1.94043 
8.35449 
2.10449 
-4.13867 
2.73242 
2.60059 
-4.17871 
-1.26563 
3.0 
6.64453 
0.738281 
-0.484375 
-2.37305 
-3.66406 
-2.70215 
3.02051 
-3.13184 
-1.48242 
0.975586 
2.35449 
-3.32715 
0.700195 
-3.29199 
-2.82129 
11.1221 
-0.735352 
-3.16992 
-1.96777 
5.92285 
3.38379 
6.95801 
2.1084 
-3.2793 
3.42285 
5.45117 
5.25977 
1.7832 
-3.41406 
-0.457031 
-4.30859 
-0.458984 
-1.02734 
-1.15723 
-1.50586 
6.94824 
1.81055 
-2.31934 
-3.53711 
1.84082 
-3.86914 
0.845703 
-3.39746 
-1.16504 
1.6875 
-0.651367 
-0.316406 
-0.905273 
3.7998 
2.65527 
1.42578 
3.85352 
9.4873 
1.77344 
5.12207 
3.33203 
1.35156 
-1.38184 
2.84473 
1.06543 
-2.11719 
-6.22559 
0.956055 
0.822266 
1.87695 
-0.274414 
-1.9541 
2.18164 
-1.96094 
-3.94043 
2.07129 
1.65137 
-0.0449219 
-3.42676 
-5.05273 
-0.204102 
-4.73926 
-0.94043 
8.44531 
-5.01074 
-2.99023 
2.91797 
-0.0546875 
3.77246 
-1.09863 
3.41895 
4.05371 
5.08984 
1.73633 
4.76172 
2.66699 
-0.739258 
-1.72363 
-3.04199 
-2.82031 
3.27344 
-0.599609 
5.09277 
0.766602 
5.11914 
-3.58496 
4.6123 
4.8125 
-2.0332 
0.429688 
-2.86719 
0.538086 
-2.26855 
4.58496 
-2.85059 
2.50781 
-0.78125 
7.19824 
-6.22559 
-2.75977 
0.84082 
2.80273 
-3.76367 
2.60059 
0.248047 
-0.825195 
-2.59473 
-0.526367 
-3.10645 
-2.42578 
-1.19727 
1.27148 
-2.40527 
0.884766 
-2.25781 
-1.09473 
-1.14746 
-5.29004 
-1.16309 
2.60059 
-2.44434 
-2.4873 
-1.29102 
0.740234 
-4.24707 
0.102539 
-3.26855 
1.01367 
3.66113 
1.2666 
-4.54102 
2.00684 
-3.02637 
-5.70313 
-2.21582 
0.810547 
5.77539 
1.50098 
-1.79004 
2.2959 
0.570313 
1.24316 
4.2334 
-2.51855 
-2.58984 
2.75195 
-4.73926 
-0.941406 
1.80664 
-6.22559 
-1.56445 
-1.43164 
6.36035 
-1.50293 
6.6416 
3.2666 
-2.66406 
-3.19238 
1.25 
-1.17773 
-0.383789 
-0.728516 
-0.950195 
-0.831055 
-2.35254 
-0.428711 
0.367188 
1.74902 
-4.46191 
-3.63184 
3.31348 
-1.82324 
-2.83984 
-1.78906 
-2.93652 
0.805664 
2.0625 
3.50098 
-4.02734 
3.40137 
-1.79004 
3.23926 
-1.29395 
-2.0293 
1.36328 
2.08398 
3.94824 
1.52148 
-2.0127 
-0.78418 
6.28711 
-3.39844 
-0.361328 
5.55664 
0.234375 
-1.2793 
-4.67773 
-3.46387 
2.19824 
-1.80469 
-1.3877 
2.95215 
2.22363 
1.35059 
-1.51953 
0.495117 
5.87891 
-3.98242 
1.47461 
-0.665039 
0.828125 
-2.37109 
-5.43555 
-3.22852 
-5.5752 
-0.104492 
-2.50781 
-0.977539 
5.83398 
0.665039 
-2.2041 
-2.9502 
-3.40625 
5.30566 
0.357422 
-1.7334 
-0.700195 
4.18652 
-1.09863 
0.573242 
-3.02832 
0.817383 
-4.80664 
-1.0 
-4.72656 
-0.647461 
-4.41699 
3.43262 
4.29102 
-3.30664 
3.55469 
3.62305 
-3.92383 
0.574219 
2.66016 
0.285156 
1.92383 
-2.08301 
1.42285 
-2.37988 
2.14746 
0.398438 
4.57031 
0.806641 
-1.28418 
8.43359 
5.59863 
-2.94824 
-1.45801 
-4.73633 
0.632813 
-1.66406 
0.396484 
-3.3877 
3.32422 
0.47168 
7.33984 
3.20215 
-0.170898 
1.87305 
-2.55273 
2.33789 
-1.30664 
0.75293 
2.32422 
2.99023 
2.25195 
1.84668 
1.70703 
4.77246 
-0.537109 
-0.576172 
3.06152 
0.0742188 
-1.89258 
5.01953 
-2.67285 
-4.44824 
-0.0595703 
1.18555 
0.102539 
0.731445 
6.41309 
-3.02539 
-1.06055 
5.69336 
0.958984 
9.36426 
-2.80762 
6.58691 
-4.47852 
-2.82715 
3.41406 
-3.33301 
-0.644531 
5.03809 
-2.2002 
2.27148 
2.75195 
2.27051 
-2.27734 
2.60352 
1.7334 
-3.81836 
2.61914 
-4.26953 
3.0752 
4.85938 
-6.22559 
-1.45605 
0.390625 
-2.96094 
0.0859375 
-1.88281 
4.45703 
6.1084 
-1.4541 
2.00684 
0.415039 
4.15918 
-2.42969 
1.13281 
5.78223 
0.354492 
-4.36035 
0.279297 
5.92383 
0.911133 
3.71289 
-1.14941 
-3.81348 
-2.12402 
-0.43457 
1.61523 
0.867188 
-5.42871 
-1.82129 
1.05859 
-2.69824 
-3.17188 
-1.31836 
2.66504 
3.27441 
-0.716797 
0.515625 
3.61914 
-0.693359 
3.83496 
5.05176 
1.61426 
-2.88965 
-4.87891 
-0.716797 
-2.10645 
-1.05176 
-2.72168 
-1.21582 
-0.885742 
-0.717773 
-0.133789 
-4.03223 
4.08984 
5.67969 
0.6875 
-2.09961 
-0.348633 
-2.83203 
0.540039 
0.136719 
-4.03418 
3.1709 
-4.40918 
6.88184 
0.803711 
3.45996 
-2.99219 
12.8164 
-1.35156 
-0.729492 
-3.92578 
-4.34082 
-3.01172 
5.67285 
4.35645 
-5.58984 
4.27832 
4.18555 
2.7959 
4.1123 
1.56348 
-5.36035 
0.199219 
4.88574 
-0.436523 
2.90625 
1.50488 
-1.27441 
-0.0605469 
-0.202148 
-4.74316 
-4.72656 
-1.78223 
3.55078 
-0.647461 
8.52246 
3.69531 
2.01855 
-5.31348 
3.09863 
1.94824 
-1.81152 
3.70605 
-0.762695 
2.79102 
-4.03418 
-0.625 
-4.73828 
-1.16797 
1.45801 
-1.80176 
2.71387 
-4.92676 
1.7627 
-4.46191 
2.0127 
2.19824 
0.121094 
-2.80762 
-0.510742 
-3.37598 
1.46094 
4.37695 
-1.97266 
2.40234 
2.00195 
3.47656 
1.53418 
-1.06934 
-4.2959 
3.60938 
3.92578 
-0.304688 
-1.53027 
-4.02246 
-0.604492 
-6.22559 
-0.146484 
3.45117 
1.37207 
0.612305 
-2.30664 
2.04395 
7.0166 
-3.78027 
3.07324 
-2.16992 
2.40234 
1.61914 
-3.80176 
5.25879 
6.99023 
-2.35645 
2.35254 
-1.25879 
4.1416 
0.25 
-0.244141 
-3.66504 
-3.30176 
0.607422 
0.870117 
-1.02246 
0.948242 
2.12891 
-2.56934 
-1.91211 
5.12891 
4.91406 
-1.80762 
5.59082 
0.368164 
-0.420898 
-0.970703 
-1.65234 
4.11914 
-4.73926 
3.95898 
4.87695 
5.73047 
2.14551 
-3.92285 
-1.40234 
-4.21289 
1.31836 
-1.76172 
10.2266 
3.27051 
4.30176 
5.0293 
0.537109 
2.56543 
-3.56445 
0.469727 
-2.9873 
0.197266 
-0.00488281 
1.57422 
1.33789 
5.79492 
-0.869141 
-2.95898 
-3.42773 
0.298828 
-6.22559 
5.8252 
-2.91992 
2.8252 
5.00977 
-5.67871 
-3.54395 
5.49414 
2.38477 
2.28613 
-1.59766 
-1.57227 
-0.217773 
0.772461 
2.0332 
-0.911133 
0.510742 
-0.930664 
4.43457 
4.0 
-0.594727 
-0.390625 
-0.982422 
8.95703 
-0.00683594 
-4.37793 
-1.83984 
-4.02637 
-4.87891 
-2.16992 
8.00195 
-0.5625 
-3.50586 
5.39941 
-5.65625 
-0.916992 
4.96875 
-1.5 
1.90137 
-1.99902 
-1.10156 
-0.399414 
0.238281 
5.58008 
0.182617 
-3.10742 
-0.708008 
-4.87891 
2.27051 
-2.42969 
3.74707 
-2.67676 
-2.92578 
-3.6377 
-1.64941 
-2.22559 
-3.10059 
0.34668 
2.24316 
0.787109 
0.0820313 
1.17285 
-0.297852 
0.65332 
-0.902344 
-1.62891 
-0.259766 
-4.03418 
-0.260742 
-3.57813 
-4.79492 
3.98535 
-1.08301 
-1.41602 
2.83203 
-3.87695 
-3.02441 
5.93359 
3.5166 
6.10742 
3.46777 
2.04199 
1.8125 
-3.90234 
1.96484 
0.265625 
-0.535156 
2.85645 
2.75391 
-1.68262 
-4.46191 
1.05566 
-2.58203 
-2.97949 
0.0947266 
1.71875 
-2.31836 
-2.46191 
4.23828 
3.64453 
2.16406 
-1.88965 
-3.15039 
3.12695 
-0.452148 
-0.548828 
9.27637 
0.577148 
-4.32617 
-4.32617 
3.80469 
-0.84082 
4.48242 
-0.488281 
-1.17969 
3.95313 
-2.72656 
-3.80469 
9.73047 
1.09375 
-0.521484 
-1.19336 
2.36621 
-3.57715 
4.66895 
-1.7373 
10.2686 
-5.11426 
-6.22559 
1.40723 
5.66895 
1.0166 
-3.31836 
-3.9541 
1.99219 
-0.732422 
-4.65527 
-2.16797 
-1.35156 
5.64746 
4.86523 
2.94922 
2.00684 
-4.34375 
2.86523 
-0.108398 
5.69141 
-5.05469 
0.342773 
0.530273 
-4.46777 
-3.02344 
-2.2041 
-1.82324 
3.95117 
0.277344 
-3.81152 
1.10059 
-2.01074 
-1.10254 
-0.584961 
0.979492 
3.54297 
-0.449219 
-1.20508 
2.23438 
4.18457 
-3.82031 
3.12305 
-0.485352 
-6.22559 
-0.804688 
-0.348633 
-4.14258 
-2.99023 
1.90625 
2.44336 
-1.77539 
5.7168 
-1.21387 
8.53711 
2.6582 
0.0234375 
-2.37695 
5.02637 
2.52148 
-2.10352 
-5.5332 
-2.37305 
-3.92285 
3.28418 
0.540039 
-1.44336 
7.42383 
6.39551 
4.99609 
1.59375 
-5.43555 
0.359375 
3.39355 
-4.10742 
2.44141 
-1.66113 
6.96484 
2.34082 
5.4502 
-5.70313 
8.52051 
-0.234375 
-6.22559 
-0.767578 
0.521484 
0.59668 
-2.03809 
-5.05469 
-5.5752 
-1.48242 
-4.72461 
-5.70313 
2.23535 
3.34473 
-1.78223 
5.60254 
-3.38184 
6.68848 
1.8584 
-0.420898 
5.09863 
0.501953 
-1.2373 
5.50293 
-4.78711 
1.41504 
-0.257813 
-2.55176 
-1.54688 
1.21777 
0.517578 
-1.4043 
-2.7959 
-2.31836 
8.59863 
-3.74121 
-0.0693359 
-2.86816 
-1.4375 
-0.673828 
-0.431641 
4.83398 
-2.35449 
0.231445 
4.2793 
-1.28125 
-0.258789 
0.762695 
-5.52832 
4.34863 
0.858398 
3.83398 
-0.564453 
-0.529297 
0.518555 
-4.54492 
6.41309 
3.89258 
-1.80859 
2.69629 
-0.357422 
1.4834 
-2.97461 
5.59277 
-0.0537109 
-2.83691 
-2.4541 
1.85449 
0.303711 
-0.886719 
-4.14063 
1.20605 
1.58984 
-3.33984 
3.94043 
-4.32617 
-1.39551 
4.16309 
5.40137 
-4.67773 
8.74609 
0.901367 
-4.87891 
-1.43848 
-2.47266 
2.0625 
-1.62695 
4.67383 
-1.9502 
3.20215 
4.15723 
-4.72461 
-1.56348 
1.86719 
1.5459 
0.442383 
0.618164 
-0.112305 
-4.46289 
1.49219 
-2.26465 
0.539063 
-3.22266 
3.56055 
-2.68457 
-3.89453 
-3.7207 
0.711914 
1.35645 
2.48828 
-1.54297 
5.25 
10.7695 
-3.81836 
-3.78125 
1.09082 
0.400391 
3.78125 
0.410156 
7.33789 
-2.16797 
-1.63184 
0.196289 
0.304688 
-2.95117 
7.13965 
3.13574 
-2.34473 
0.291016 
-3.89355 
4.18066 
-0.401367 
-0.863281 
2.82324 
-0.454102 
-5.83984 
-0.349609 
-1.92773 
-1.2002 
2.91699 
2.89941 
2.72266 
6.15625 
-3.34375 
-2.52051 
-5.83984 
-1.13281 
2.01953 
-2.6416 
6.53516 
-1.04688 
2.59375 
-1.19531 
2.21582 
-3.31152 
4.18262 
2.87109 
-0.454102 
-3.38281 
-2.22363 
1.05371 
1.34961 
-1.55664 
-2.4082 
-4.01367 
-3.45313 
-3.13184 
2.84961 
0.678711 
3.94824 
4.19727 
1.76465 
-1.2998 
3.80371 
-3.67285 
-0.00878906 
0.544922 
-1.45117 
-1.68652 
4.42188 
-1.79395 
-2.55566 
1.62695 
0.699219 
2.24414 
3.12988 
-4.93164 
-0.774414 
0.175781 
1.06934 
4.83398 
1.41895 
0.138672 
3.0127 
-2.38574 
-0.0107422 
-0.782227 
-1.55078 
1.54395 
3.98438 
1.91699 
-3.44824 
-1.54492 
8.74805 
-3.55371 
10.5615 
0.0 
9.87695 
0.287109 
7.55859 
2.78125 
-1.1582 
-1.86133 
0.849609 
0.416016 
-2.26465 
-3.98242 
-0.686523 
-3.87891 
-1.08398 
-0.719727 
-0.941406 
0.366211 
-0.272461 
4.6084 
3.11133 
4.80566 
-0.332031 
-3.06738 
2.25195 
-0.212891 
-1.5127 
-2.8916 
1.91602 
4.70508 
7.27539 
3.14746 
-0.672852 
5.56836 
-3.79004 
0.560547 
-4.49316 
0.558594 
-2.77734 
2.09863 
2.93945 
1.91797 
-1.02734 
5.92578 
-1.66895 
-2.25 
7.44043 
1.00586 
-0.814453 
-0.966797 
-0.925781 
-5.375 
2.66113 
1.97168 
-1.85156 
-2.53613 
8.84863 
-5.02051 
-4.64941 
-2.77734 
3.22949 
1.93652 
2.97656 
3.54199 
1.53906 
4.28516 
5.14844 
-2.43359 
2.79492 
2.7168 
-4.52344 
4.25488 
2.19238 
-1.31934 
0.709961 
-0.947266 
1.30957 
3.53027 
7.50391 
0.486328 
1.86719 
-2.50586 
-3.49023 
-5.31348 
-4.32617 
-0.708008 
-2.22754 
-6.22559 
2.18457 
-3.85938 
-3.81934 
1.59277 
-3.2793 
-2.42383 
3.39453 
-0.193359 
-3.33496 
5.08691 
2.6748 
0.0625 
-3.83105 
4.00195 
-1.22461 
3.71094 
2.5459 
-1.5752 
-3.3457 
-3.10547 
-4.13281 
1.32129 
2.12402 
2.63477 
1.11328 
-0.634766 
1.6123 
-4.57031 
-1.24219 
9.02344 
1.23828 
1.54688 
-2.34277 
-4.81738 
-1.07129 
-3.18164 
-2.5625 
6.75586 
-1.98242 
6.80469 
-2.60938 
-4.72852 
3.66797 
1.70703 
0.296875 
1.09473 
2.37207 
-2.01563 
-4.65527 
-1.49805 
2.10742 
-0.413086 
-0.0566406 
-0.421875 
-2.01367 
-2.29297 
-0.636719 
-0.373047 
-3.92383 
4.54785 
-1.91992 
0.182617 
-0.954102 
-0.206055 
-0.939453 
1.64355 
3.77832 
-2.92188 
2.1377 
1.51172 
-3.39746 
-5.52832 
3.5127 
1.39648 
-3.08398 
0.524414 
0.894531 
1.35547 
-3.35352 
-0.87793 
-0.832031 
-2.56152 
5.2793 
1.64453 
-0.00488281 
-2.52637 
0.494141 
2.31738 
5.30957 
1.03418 
6.76953 
4.06738 
7.89355 
-4.67676 
-0.40625 
-2.56445 
4.78027 
-4.07813 
-2.63965 
2.00586 
-1.3457 
-0.601563 
-3.74805 
2.04102 
-1.86523 
-3.62207 
8.91602 
1.30762 
-4.89258 
-0.560547 
-2.13477 
-2.60449 
4.20605 
3.00391 
-4.29102 
-4.00488 
-4.02832 
-2.55859 
-2.58887 
-3.8916 
-4.69922 
2.10156 
6.75586 
-2.875 
-1.20605 
-2.78418 
-1.44922 
-4.46191 
6.3252 
-0.807617 
0.301758 
-0.456055 
3.74805 
0.969727 
-3.43066 
0.702148 
-2.36719 
3.74512 
1.50879 
0.0859375 
-4.11914 
2.64844 
0.151367 
5.13574 
-3.83203 
4.72949 
2.03516 
1.60449 
5.0 
-4.64551 
-0.357422 
-2.43359 
-2.36035 
-2.96973 
3.66797 
0.334961 
-3.42871 
2.69238 
-2.01563 
0.241211 
1.75488 
-1.65234 
-1.7793 
0.696289 
4.26563 
0.615234 
-0.600586 
-0.78418 
10.0771 
0.688477 
1.26855 
-0.938477 
-4.46191 
-2.79883 
1.14551 
0.72168 
-3.82813 
0.303711 
-0.898438 
-3.09082 
-3.42969 
-2.33789 
10.2764 
-0.165039 
-0.798828 
0.806641 
-4.70996 
1.74805 
3.25 
4.21191 
-0.717773 
-0.431641 
6.91211 
-1.93945 
4.14453 
3.38477 
5.80273 
3.07813 
-1.05176 
-3.36816 
-1.26855 
-1.94922 
-0.714844 
2.31348 
-2.16113 
-1.87988 
1.36914 
1.66797 
1.77734 
3.4502 
-1.51074 
-3.92578 
-2.51465 
-3.47168 
-3.89941 
2.26758 
-2.77637 
-0.787109 
2.19922 
0.326172 
-1.73926 
-0.719727 
5.46582 
3.0293 
-3.01465 
1.65332 
-1.9668 
-1.45117 
-0.078125 
-3.81152 
-0.786133 
-0.667969 
-3.43164 
0.639648 
-3.40332 
-1.41016 
8.72656 
4.57324 
0.929688 
-1.0 
7.05566 
3.50781 
4.07031 
3.73633 
0.693359 
-5.32422 
10.5254 
-1.33301 
-5.375 
-1.67871 
5.78906 
-2.81641 
2.92383 
7.15234 
-2.90625 
-3.47559 
7.29395 
-1.00195 
-1.5498 
-4.92676 
1.36816 
0.623047 
4.10449 
-2.50586 
-0.642578 
-0.639648 
0.379883 
-2.6377 
4.38379 
-2.57715 
0.111328 
-4.78711 
-2.37598 
-4.88184 
-0.421875 
-5.65625 
7.11035 
0.539063 
-0.979492 
-0.90918 
0.553711 
3.56641 
7.92578 
-1.40723 
1.76563 
6.83496 
6.85938 
-1.32129 
-5.375 
0.123047 
-1.92969 
2.70605 
2.66504 
-1.6875 
-2.37305 
0.683594 
-4.26855 
9.37695 
4.55566 
-2.86523 
-0.597656 
8.15918 
-4.54492 
-0.654297 
6.17969 
-2.25293 
5.29785 
0.125977 
-2.15332 
8.00879 
-0.725586 
-2.70117 
0.871094 
-4.2041 
-4.17969 
-0.918945 
-2.54688 
-2.41797 
0.226563 
-2.56348 
-0.157227 
3.70215 
5.21973 
-3.76953 
-2.12207 
-1.34082 
8.33008 
1.85449 
0.242188 
4.63281 
-1.44824 
-2.44141 
0.00878906 
-0.317383 
-1.86328 
-1.63867 
0.771484 
-1.53613 
-3.9541 
1.1416 
0.0585938 
-1.10547 
0.532227 
2.88867 
-3.86133 
0.0751953 
0.603516 
-2.69238 
0.0761719 
-2.09473 
-0.879883 
4.42188 
-4.67676 
3.53613 
4.25391 
0.433594 
9.68359 
-4.06934 
2.25195 
-5.57715 
5.70801 
3.57227 
-0.0820313 
2.70996 
0.805664 
-1.59277 
-3.93652 
0.248047 
0.147461 
-0.893555 
3.49414 
-0.188477 
-1.09082 
0.416992 
-5.42871 
-3.73828 
-4.22559 
1.14063 
-3.60449 
-0.851563 
5.34082 
0.227539 
-5.70313 
-3.08594 
-2.58203 
1.37305 
2.83105 
5.96191 
4.65918 
-0.811523 
-0.795898 
0.918945 
7.37891 
-3.86621 
3.18652 
1.57227 
-1.06934 
-1.27539 
2.09766 
1.60059 
1.7627 
1.25195 
8.99219 
1.49414 
1.10645 
-2.82813 
0.431641 
-4.87891 
-2.6123 
1.45117 
-3.5625 
-3.46777 
3.31348 
-4.30957 
2.87207 
-0.855469 
4.36914 
-4.10352 
4.91797 
-2.63086 
-1.19043 
-2.41895 
-2.94141 
2.63281 
10.6426 
-0.453125 
6.95898 
4.03516 
7.84473 
3.10352 
-6.22559 
-2.13672 
0.287109 
-4.59766 
7.43945 
-0.923828 
-0.40625 
2.12109 
0.323242 
-2.82031 
-2.96094 
-3.56543 
10.502 
3.36523 
2.95703 
1.40918 
1.26953 
1.56738 
-1.10254 
2.64453 
-0.170898 
-2.62891 
2.69238 
-0.864258 
5.58301 
1.28613 
-0.015625 
-0.000976563 
-2.71875 
-1.56445 
-3.25781 
2.0498 
-0.814453 
4.58594 
8.32617 
-1.21973 
-1.51367 
4.7832 
8.03125 
3.21289 
6.60352 
-3.36523 
4.16797 
-0.862305 
-2.35156 
4.20313 
2.08691 
-1.30469 
-1.26855 
-3.17773 
0.31543 
-3.58008 
-1.1582 
-0.148438 
0.414063 
-0.229492 
-1.52539 
-0.542969 
-2.18848 
-1.7832 
-3.33887 
4.3584 
2.71094 
1.18945 
-1.15234 
4.75098 
-5.83984 
2.87402 
-1.44824 
1.05762 
0.582031 
1.22852 
6.38086 
-1.70801 
4.82422 
-1.07129 
1.03223 
-1.15625 
0.143555 
-3.80176 
2.4541 
7.78906 
0.166992 
-3.61914 
-1.08301 
0.579102 
-0.364258 
-2.5166 
-1.82324 
2.77637 
4.89551 
-3.92969 
-3.67578 
-3.2002 
-3.56445 
-2.12402 
0.737305 
-1.50781 
-0.835938 
-0.384766 
-0.506836 
4.27734 
3.46484 
-2.53613 
-1.36426 
-2.57813 
-4.46191 
-1.22559 
-0.647461 
-2.11719 
-3.0791 
-0.392578 
-2.32422 
-4.72656 
-0.8125 
-2.06445 
-0.620117 
-1.35156 
3.93066 
1.71484 
4.66016 
0.571289 
-0.587891 
1.17285 
-0.580078 
-4.15332 
-3.03125 
-1.56543 
4.52832 
3.5166 
-6.22559 
-0.59082 
-4.66895 
-2.14941 
6.46777 
3.54883 
1.99902 
4.03613 
5.16504 
0.00585938 
-1.37012 
4.28418 
-1.71973 
3.68555 
2.73047 
0.0791016 
3.27539 
-0.606445 
4.67383 
-0.541016 
-2.7793 
-3.43164 
1.32715 
-2.5459 
3.59863 
1.76758 
-3.37793 
3.19824 
-0.90332 
-0.5 
-2.17285 
9.47754 
0.842773 
-0.345703 
-0.518555 
1.00879 
-4.3623 
2.55469 
1.05469 
0.245117 
-1.90918 
1.64648 
-0.849609 
-2.91895 
-0.470703 
1.89941 
-1.18066 
0.720703 
5.11816 
-0.333008 
-0.0751953 
4.60059 
0.945313 
-4.89258 
3.16211 
-4.89258 
4.78125 
0.274414 
0.701172 
2.51465 
-5.5752 
5.86914 
2.19043 
0.0722656 
1.47656 
1.36719 
3.40918 
4.62793 
6.68555 
9.41309 
-0.918945 
4.53027 
2.3291 
2.11621 
-1.43555 
-1.18945 
-4.82715 
-0.842773 
2.15039 
-0.683594 
1.79102 
-2.70996 
-0.666016 
0.648438 
-5.29004 
-1.45508 
-0.428711 
0.647461 
-4.89746 
4.08984 
-1.87793 
-0.774414 
-1.84668 
-4.67578 
-0.888672 
-3.1123 
-4.14063 
-0.499023 
2.90234 
0.0742188 
-5.05273 
5.67676 
1.03809 
-5.5332 
0.415039 
4.90723 
0.360352 
8.30664 
8.88086 
-1.24609 
-5.11426 
0.402344 
-3.39063 
-4.97363 
0.491211 
-5.375 
3.41992 
1.86523 
-0.354492 
-6.22559 
0.199219 
-4.85938 
2.73535 
5.09277 
-1.85254 
-1.6377 
0.289063 
4.8291 
7.1123 
-2.88574 
2.93457 
3.30469 
-2.15137 
2.11719 
1.86133 
-2.19238 
-1.13281 
1.53027 
0.0244141 
3.06934 
4.88184 
-4.87891 
0.992188 
-0.947266 
2.04297 
3.82031 
-2.75488 
-0.457031 
2.94336 
3.42969 
5.70996 
2.08594 
-0.691406 
0.173828 
-5.70313 
0.69043 
0.242188 
4.69434 
6.8916 
1.62598 
0.00683594 
-4.83789 
7.16309 
1.88086 
5.59277 
2.24414 
1.59082 
-1.63281 
4.33301 
-0.552734 
2.65527 
-3.33008 
5.55078 
1.69238 
-0.175781 
6.74512 
1.10645 
-0.941406 
-0.823242 
6.29102 
-0.834961 
7.36719 
-1.70313 
5.80078 
1.77832 
-4.02051 
-3.22559 
3.49512 
-2.63184 
-2.04004 
2.14648 
-0.407227 
1.93848 
-0.392578 
3.06055 
-1.51855 
-4.40527 
-4.69922 
9.26563 
5.14551 
-5.70313 
0.614258 
2.5 
0.0332031 
5.81543 
-0.00390625 
0.287109 
-0.52832 
-5.70313 
1.41016 
-1.62695 
-1.59961 
-3.15723 
-2.83984 
16.1875 
-0.555664 
1.35059 
-2.66797 
2.02539 
2.4375 
-1.37695 
3.72656 
-2.45605 
2.86523 
-2.78418 
5.9873 
-1.09766 
-2.79395 
-0.143555 
2.13477 
-4.87891 
2.15234 
-2.41016 
1.34668 
5.61621 
-2.37305 
0.379883 
-2.66602 
3.9502 
-0.211914 
-4.70996 
-2.66504 
6.90723 
-1.78906 
-4.57813 
1.36816 
2.29297 
1.99707 
-3.25 
-1.1875 
3.55762 
-0.716797 
1.9209 
0.527344 
-0.841797 
4.29688 
1.7168 
-2.94238 
0.485352 
0.40918 
-2.69531 
-0.835938 
0.397461 
0.99707 
2.72754 
-1.29883 
-5.52832 
-0.630859 
-2.5459 
0.0205078 
-3.94336 
11.3242 
3.29004 
-2.88086 
1.39551 
-4.23047 
5.18262 
-2.2373 
-2.01758 
-0.165039 
-0.995117 
-2.65527 
6.3877 
0.667969 
1.26855 
0.0322266 
-3.74707 
-1.64551 
-0.826172 
3.19824 
4.10547 
-0.0917969 
-3.23047 
-4.5166 
1.44824 
2.34473 
2.67285 
-1.95117 
-0.50293 
-0.864258 
-3.77539 
-2.93652 
2.16699 
1.18945 
-3.98242 
7.07813 
-0.74707 
-4.12695 
6.05859 
4.59082 
1.75195 
1.50781 
-1.73633 
5.3291 
-2.63965 
-5.70313 
-5.57715 
1.54492 
-2.4082 
-0.71875 
2.79688 
2.0459 
4.75 
3.30957 
0.329102 
-0.307617 
-1.86816 
-1.20801 
2.1582 
-1.57227 
2.11816 
-5.57715 
-5.5332 
2.16797 
-3.29199 
3.34277 
1.54395 
-3.10254 
-1.48242 
4.37598 
6.25586 
-1.63574 
-0.587891 
2.78516 
6.67383 
-2.12012 
0.271484 
3.75 
2.0918 
4.74707 
2.24805 
-4.26367 
2.33008 
6.01758 
1.43945 
-0.963867 
1.03613 
5.46387 
1.89453 
1.13867 
0.347656 
2.89453 
2.05176 
-0.742188 
-4.68164 
-0.823242 
-0.856445 
-1.83594 
-0.429688 
-1.64258 
-1.38867 
2.62695 
0.709961 
3.08301 
8.31836 
-4.02832 
5.07129 
-5.83984 
-2.24902 
0.950195 
-2.2793 
-3.99805 
-5.67871 
-1.91504 
6.63281 
-2.08105 
-0.567383 
-1.79395 
0.905273 
-4.22559 
3.65332 
0.443359 
-1.00098 
-4.14063 
-0.43457 
-5.42871 
4.75098 
-3.94531 
7.26855 
6.88086 
-3.80176 
-0.229492 
2.22852 
2.84082 
0.734375 
-1.66211 
4.74414 
2.81641 
-3.59766 
7.06934 
-3.25879 
-4.76758 
-4.78516 
3.4668 
-3.76953 
-4.54492 
3.61719 
0.214844 
1.94629 
0.248047 
-2.80762 
-4.21387 
-2.28027 
-1.85645 
-3.48438 
8.50098 
-1.72363 
2.1416 
2.33203 
4.08887 
-2.05762 
5.7041 
-3.2002 
1.9668 
-1.06445 
0.386719 
-0.87207 
-3.86133 
-3.67578 
0.478516 
2.08398 
-0.308594 
-0.822266 
-0.768555 
-3.16602 
7.08398 
0.236328 
-0.331055 
-2.3125 
0.96875 
-0.104492 
0.657227 
-4.31738 
3.20996 
-3.41113 
-1.87402 
0.327148 
5.93457 
1.5957 
-0.404297 
-1.67188 
2.58691 
4.05273 
-1.65039 
0.688477 
-3.39258 
0.183594 
5.76563 
-3.36523 
0.09375 
-3.57715 
0.663086 
-5.42871 
1.49219 
-2.30273 
-1.74902 
-5.06738 
-1.91797 
-4.46191 
3.79492 
5.00195 
4.07715 
-2.45703 
-0.0175781 
-0.65625 
0.162109 
-0.954102 
-1.28906 
-5.31348 
2.00391 
-2.4541 
-0.861328 
5.7168 
5.53906 
-1.20605 
-1.7832 
-2.18945 
-0.529297 
7.20703 
-2.12402 
9.62305 
-1.16992 
1.66895 
3.40332 
1.86523 
-5.70313 
-1.29785 
0.564453 
1.16797 
-3.58008 
0.768555 
-0.557617 
-1.73926 
-6.22559 
6.41504 
-0.916992 
-2.7334 
2.55469 
-4.2373 
0.301758 
3.83496 
-0.749023 
-1.4541 
-1.76563 
-0.537109 
-0.505859 
2.44629 
2.19336 
-5.14746 
-1.73633 
-1.04297 
-6.22559 
-3.16016 
1.4707 
2.37891 
7.43555 
5.01172 
-3.53711 
0.663086 
-0.469727 
-1.12695 
4.44629 
-0.84668 
-1.71582 
-2.67188 
-0.141602 
5.17773 
-1.05371 
-2.92578 
0.951172 
-3.67773 
1.27441 
-3.81445 
-0.450195 
4.42969 
0.452148 
-5.5332 
3.14844 
0.697266 
-1.20898 
2.56445 
-2.29004 
0.477539 
4.59766 
4.00195 
2.31543 
-3.46289 
0.663086 
6.4668 
0.275391 
-0.772461 
8.11133 
-4.7207 
-3.25195 
5.17285 
1.45117 
0.300781 
1.07227 
3.80273 
1.16406 
0.831055 
-1.33398 
5.48145 
0.335938 
-1.12109 
0.858398 
-3.6709 
-2.2793 
3.77539 
-0.235352 
-0.833984 
4.65039 
-0.771484 
-5.01074 
1.35645 
-1.10645 
1.89844 
0.131836 
6.62402 
-1.60352 
-0.249023 
-3.875 
2.6377 
-2.02148 
-3.70801 
-4.78711 
-1.56738 
-2.30566 
-3.44824 
-0.74707 
-4.5 
1.87012 
3.19531 
1.4209 
-6.22559 
-1.30664 
-2.07617 
-2.18555 
0.108398 
-3.92578 
3.62793 
-5.70313 
-2.44629 
1.86719 
-1.2334 
-3.67578 
0.360352 
0.516602 
-2.05078 
-6.22559 
-0.296875 
-3.5293 
3.29688 
-1.50098 
4.59473 
-2.40527 
4.71582 
0.180664 
4.96191 
-0.441406 
1.68555 
-4.03809 
1.72266 
-3.83789 
-3.49023 
3.10254 
-0.862305 
1.27441 
0.785156 
3.37988 
-4.00098 
-2.37305 
-0.955078 
5.50098 
-5.5332 
-1.5127 
2.80273 
3.93945 
-1.8877 
0.549805 
2.88379 
1.99805 
2.05273 
-1.70898 
-3.21484 
-0.790039 
-0.418945 
-4.00586 
1.99121 
2.98438 
-1.50586 
1.25098 
0.189453 
1.22461 
-0.123047 
-5.31348 
2.43652 
-2.57617 
-0.71582 
3.53906 
3.69824 
0.577148 
2.95605 
-2.13086 
-2.52051 
-2.76953 
-3.14941 
0.435547 
0.413086 
2.47363 
-1.75293 
1.73242 
-2.04004 
0.331055 
-2.08203 
2.53516 
-1.8125 
0.466797 
-0.341797 
-0.620117 
5.05566 
-3.47168 
-1.87012 
4.62793 
-4.64941 
-1.74121 
-4.20703 
-1.29395 
3.22168 
2.5498 
-1.77539 
2.60156 
5.97754 
-1.58984 
-4.01465 
-0.413086 
-1.18262 
-4.12695 
-1.18359 
-1.5 
1.76758 
-2.10352 
2.5957 
3.84961 
3.94238 
-0.554688 
-2.13281 
-0.457031 
0.384766 
2.27637 
-0.0693359 
1.81836 
4.95996 
-1.53809 
-4.24316 
2.6123 
-4.09375 
-1.30566 
-0.939453 
3.96582 
2.1582 
-0.336914 
1.00586 
2.83789 
-3.5127 
0.890625 
4.05566 
1.30078 
-3.95703 
0.810547 
4.08008 
-0.594727 
1.96582 
1.10156 
-1.65137 
-2.17188 
3.69238 
2.90527 
-1.19922 
-5.11035 
6.27734 
-2.74219 
3.02148 
-3.53809 
-5.32422 
3.96387 
-0.376953 
-2.30957 
-4.96387 
3.15625 
-2.05957 
0.787109 
-1.25781 
-0.576172 
-3.53516 
4.36816 
-1.24512 
-2.22852 
-3.85938 
1.22852 
-2.19238 
8.00488 
4.91992 
-0.354492 
-3.33691 
2.62402 
-4.58789 
-0.492188 
1.16016 
1.18555 
-1.09961 
1.25879 
-2.08301 
-4.08887 
-2.76953 
2.05859 
-3.61035 
-4.13281 
3.02344 
-4.77832 
4.14551 
7.33789 
-4.40723 
4.0498 
0.226563 
6.10547 
-0.566406 
-0.40918 
1.78223 
4.23438 
-1.2959 
-4.31738 
-2.36523 
-2.37305 
-3.4375 
-2.43066 
-2.57031 
-1.89355 
-2.83984 
-2.5166 
-1.76855 
0.376953 
3.26172 
4.7666 
5.92383 
-2.94434 
2.48145 
6.74414 
2.67773 
2.70313 
5.87305 
-2.12988 
1.7959 
1.7998 
2.12695 
9.0459 
1.74609 
-4.58789 
-0.803711 
-2.75586 
4.8252 
6.44141 
-2.96289 
-0.124023 
-1.10742 
7.31543 
3.61621 
-3.31738 
-0.383789 
-1.29785 
-1.98926 
0.591797 
-3.97363 
7.74414 
5.2168 
4.12598 
-0.0927734 
-2.33789 
-1.47559 
-2.24023 
3.51953 
0.441406 
-1.28418 
1.58691 
-2.92578 
2.97266 
-1.60742 
0.141602 
-3.38477 
-0.107422 
1.16602 
-3.99414 
-5.11426 
2.15625 
3.18555 
3.19434 
2.19336 
0.787109 
2.07227 
2.27148 
-5.52832 
3.20313 
-0.542969 
-3.25684 
-3.41406 
-0.87207 
6.24902 
-0.546875 
-3.74219 
4.09082 
-0.708984 
-4.03027 
0.114258 
-2.95898 
0.55957 
5.29297 
5.50293 
7.11035 
6.41406 
-4.72656 
0.587891 
-3.02734 
-0.578125 
-1.19043 
4.6416 
4.95898 
0.220703 
-1.76855 
-2.12402 
5.45508 
-3.33008 
-1.55664 
-2.14844 
0.166016 
-1.27344 
5.81152 
-1.95898 
0.56543 
2.89063 
3.83594 
11.6533 
0.667969 
1.90137 
0.231445 
2.40527 
-1.32813 
2.30273 
-4.93945 
-0.741211 
0.597656 
1.54004 
-3.85742 
-0.503906 
1.98926 
-5.70313 
-3.42969 
-3.45215 
-1.07129 
-2.75977 
4.5752 
-4.1416 
6.82031 
5.86426 
8.39648 
-0.969727 
-2.26367 
-1.64258 
-1.60742 
-6.22559 
-2.26465 
6.9502 
-2.83398 
-2.69824 
-2.0791 
-3.9502 
4.27539 
-3.39746 
-4.59766 
1.50391 
0.0576172 
-1.64063 
4.52637 
0.744141 
-0.912109 
1.19531 
6.23828 
-0.182617 
0.298828 
2.36523 
-1.30664 
-0.251953 
1.14648 
-4.14063 
-3.78613 
-4.82715 
-0.317383 
-1.49805 
-2.86523 
0.285156 
-1.82813 
0.115234 
-1.98535 
-2.80273 
4.17676 
0.920898 
-4.72656 
-4.14063 
-3.81152 
-3.78418 
-4.14941 
-4.35645 
0.352539 
-4.75488 
-0.879883 
0.350586 
3.5957 
6.8252 
0.428711 
-4.41699 
-0.579102 
2.06543 
-3.59766 
1.58691 
4.2002 
9.00879 
-3.55371 
-6.22559 
6.4082 
-3.90918 
-1.68262 
0.741211 
4.39355 
-0.00976563 
4.46289 
-0.670898 
4.46777 
-5.70313 
-2.48535 
-4.02832 
-1.2627 
4.48047 
0.157227 
1.12109 
-5.36035 
2.53613 
-1.04102 
1.83691 
4.79395 
-1.92969 
6.19629 
-0.539063 
-1.47949 
-4.85254 
-0.954102 
-4.59766 
-2.86621 
0.251953 
-2.13672 
3.45117 
0.705078 
-4.46191 
1.12207 
4.24512 
-3.57324 
-3.12012 
-0.212891 
3.60547 
-3.39258 
-0.847656 
-1.42676 
-2.10156 
0.50293 
4.15527 
0.220703 
-3.80371 
-1.28418 
-0.84082 
0.0703125 
3.82227 
-2.8418 
-3.55859 
4.58496 
5.99609 
0.34375 
0.0175781 
1.92285 
-0.295898 
6.81055 
1.98926 
7.03223 
-3.03613 
2.01953 
2.61035 
0.364258 
0.0966797 
5.55469 
-1.10352 
0.292969 
-0.933594 
5.35156 
-0.0673828 
0.419922 
-3.64258 
2.97363 
-3.38574 
-0.702148 
0.532227 
0.865234 
-1.69141 
0.243164 
-3.5625 
5.18359 
2.66602 
0.753906 
0.800781 
-1.20313 
-0.475586 
-1.35547 
6.45508 
-4.23926 
-4.77832 
-5.11426 
-3.64258 
0.0703125 
4.85449 
-1.53125 
1.01758 
0.402344 
-3.80371 
2.86035 
-1.1543 
-2.00781 
1.42383 
-4.61816 
4.2334 
-3.70996 
2.76367 
-1.21777 
2.9043 
-4.82715 
1.80176 
0.670898 
-0.905273 
1.4043 
-2.76758 
-4.51758 
2.69727 
0.862305 
1.82617 
3.26172 
1.79102 
1.44141 
1.10938 
0.603516 
-1.40918 
-6.22559 
-0.0078125 
-2.91406 
-1.64844 
0.743164 
1.38184 
-0.716797 
-0.883789 
2.67676 
-2.71094 
0.22168 
-4.4834 
1.00488 
1.87012 
-2.58691 
4.62891 
3.9707 
-1.56543 
4.0332 
-1.14551 
7.0332 
1.33691 
0.167969 
2.70508 
2.84375 
-1.09961 
-0.874023 
-0.269531 
6.39453 
3.7793 
2.48145 
4.05859 
2.93164 
4.71387 
3.27832 
-3.72754 
0.152344 
2.3457 
4.47168 
0.612305 
-1.44629 
4.59473 
5.35352 
-2.17285 
1.46875 
-0.149414 
4.39746 
0.25293 
-0.113281 
0.442383 
1.84668 
1.33301 
5.48145 
-3.29492 
-1.26465 
2.65723 
13.958 
-0.930664 
-1.50879 
-0.314453 
7.60352 
2.22559 
5.40723 
-1.66406 
-3.71973 
-0.272461 
-0.527344 
-1.35547 
4.3623 
-2.31055 
6.91797 
-2.16113 
-0.151367 
1.12695 
-2.05371 
-1.68359 
0.765625 
0.820313 
1.11328 
-2.0332 
5.68848 
-3.88965 
-6.22559 
-0.756836 
3.35547 
0.24707 
0.0673828 
2.32227 
2.47656 
0.345703 
8.33398 
-1.5791 
0.858398 
9.35059 
1.52637 
8.20898 
3.90137 
2.85156 
-5.06738 
-0.380859 
2.47559 
-1.42773 
-6.22559 
0.865234 
-4.78711 
-2.06152 
-0.922852 
5.6377 
5.69434 
0.304688 
-4.9043 
1.92773 
1.14648 
4.38281 
4.98047 
-0.831055 
-3.33008 
2.55273 
1.32813 
2.00293 
-1.49512 
5.70508 
0.964844 
0.248047 
-0.518555 
2.54785 
0.647461 
-2.85938 
-3.17188 
2.72559 
-0.524414 
-1.17383 
-3.24414 
-4.87988 
-1.45605 
-4.67773 
-0.369141 
2.73438 
-3.02637 
0.125 
-1.80762 
0.682617 
6.33203 
-1.19336 
1.8125 
3.2041 
-0.132813 
1.77051 
-5.29004 
-3.45313 
-0.694336 
-4.1543 
-3.67383 
-4.46582 
1.11133 
-2.17969 
1.46191 
-3.04297 
-0.148438 
2.60449 
3.0957 
4.82813 
0.811523 
2.84961 
2.43164 
5.69531 
6.18164 
0.435547 
-1.41211 
-1.90625 
-3.24121 
0.71582 
9.97754 
2.00586 
-1.68066 
-1.73145 
-1.50098 
2.50098 
-1.00391 
0.256836 
1.0127 
-5.58984 
-3.45215 
0.202148 
-0.356445 
-0.160156 
-4.02539 
-1.44629 
-0.438477 
-2.33984 
-2.5625 
-0.836914 
-2.36914 
0.810547 
2.84082 
-2.59473 
-0.436523 
1.16309 
-0.126953 
2.0166 
0.867188 
5.89648 
3.91602 
6.93652 
-1.68066 
0.103516 
4.94531 
-1.24512 
0.665039 
6.76367 
3.64355 
1.08203 
-1.10059 
-3.66504 
-0.731445 
-2.68262 
4.31738 
-2.10059 
-1.61914 
-4.07715 
3.54199 
-1.11816 
0.861328 
-2.05859 
-1.05176 
2.06445 
1.53516 
0.0644531 
-1.36914 
-3.10352 
-0.729492 
-2.11523 
3.79395 
1.96387 
2.01172 
6.19629 
6.36719 
0.181641 
-4.66797 
1.33984 
0.65918 
-4.1543 
0.591797 
-0.176758 
7.0957 
-0.0751953 
1.71484 
-1.64453 
-0.197266 
-1.83496 
-0.918945 
0.322266 
-0.62793 
1.73633 
-0.0566406 
-0.745117 
-0.295898 
1.85254 
6.76563 
3.03516 
1.17578 
2.04199 
3.03906 
-2.6416 
1.06543 
-3.72656 
3.21094 
-1.42969 
2.02344 
4.6582 
1.11133 
2.81445 
-0.0400391 
1.54688 
-3.57129 
3.92676 
-1.44336 
5.09375 
-1.50293 
-1.01367 
-5.36035 
-4.13184 
1.3877 
-2.46484 
-2.89453 
0.395508 
5.42285 
0.922852 
-0.84375 
1.66309 
1.5166 
4.48242 
5.7793 
-0.0410156 
0.364258 
3.30273 
-0.182617 
6.73047 
4.84473 
0.768555 
3.18262 
-3.92578 
2.76465 
-4.72461 
-4.89746 
-2.33691 
-1.02246 
-0.945313 
0.329102 
-3.29492 
-0.269531 
-1.47363 
2.42969 
0.827148 
3.49023 
5.85059 
5.7998 
5.75879 
-0.798828 
0.291992 
-1.03809 
-4.73633 
-4.2627 
1.96387 
-2.3916 
4.6084 
-0.772461 
-1.18164 
1.20898 
-1.90625 
0.339844 
-1.81348 
8.10352 
1.20508 
3.10059 
2.1377 
-0.663086 
3.17383 
7.11719 
-1.67969 
-4.27051 
-1.64941 
-1.04395 
6.13379 
1.21387 
0.393555 
6.27441 
-4.0957 
-0.556641 
4.38281 
-1.56348 
-0.523438 
0.75 
-1.91602 
-6.22559 
2.94531 
2.52441 
-5.31738 
-2.94824 
5.32031 
0.910156 
4.44336 
-6.22559 
0.594727 
-4.87891 
-1.76855 
2.55859 
5.04395 
7.61035 
3.61719 
-2.09961 
-4.12695 
2.47754 
1.9668 
-2.60352 
2.95801 
-4.64941 
-1.63281 
0.0400391 
3.86523 
-3.16309 
-3.67578 
-0.182617 
-0.110352 
-3.67578 
3.89844 
1.07031 
-0.681641 
-1.21875 
3.3125 
4.0127 
0.532227 
3.22461 
2.62305 
-3.40332 
3.71289 
4.61426 
0.807617 
-1.18164 
2.14355 
2.97168 
-5.57715 
-1.48242 
0.99707 
0.0244141 
-3.7373 
0.0703125 
4.16309 
-1.28516 
-0.524414 
-0.380859 
-4.93945 
1.77539 
8.95117 
-1.25879 
-0.291992 
3.5293 
-3.23047 
-4.65527 
8.87207 
-1.74609 
4.27148 
1.08594 
-3.21289 
-0.245117 
-1.2041 
4.33984 
0.908203 
4.9082 
0.316406 
-1.40234 
-1.68359 
-0.451172 
3.71875 
4.06348 
0.806641 
-3.81543 
5.93848 
-3.16797 
0.842773 
-2.59668 
0.59082 
2.5625 
-2.05762 
2.07715 
-0.710938 
-0.766602 
-2.05664 
-4.91309 
-3.74121 
0.706055 
1.49414 
1.68555 
-1.91211 
0.185547 
-3.04199 
4.79199 
3.22559 
-2.69922 
-3.36035 
-2.19238 
0.106445 
0.609375 
1.79102 
-1.89551 
0.732422 
-0.955078 
-5.65625 
-6.22559 
-0.701172 
-1.47168 
0.462891 
6.74609 
-1.15332 
2.50879 
-0.879883 
3.43945 
0.451172 
8.04102 
0.901367 
0.739258 
0.943359 
2.79395 
1.42773 
-3.1123 
-0.803711 
4.05371 
-0.478516 
-4.61816 
-4.88379 
-3.06543 
5.11816 
-3.3291 
-4.23438 
0.976563 
1.02148 
5.53418 
-1.375 
-1.74805 
1.46777 
1.38184 
-4.83789 
-1.5459 
-1.13184 
9.26758 
1.28125 
-2.44629 
-1.53809 
0.966797 
-2.40234 
2.85352 
-5.5332 
6.50195 
0.250977 
1.56641 
0.848633 
0.905273 
-2.57813 
-4.11719 
1.53125 
-2.7627 
0.217773 
7.53223 
-4.09863 
-4.79492 
-3.45801 
-0.792969 
-0.876953 
-1.82129 
-1.23242 
0.391602 
4.73633 
-2.49609 
-2.68457 
2.37891 
-3.56445 
-0.0507813 
-3.07813 
3.30176 
1.19922 
0.99707 
1.55762 
-0.912109 
-3.15332 
3.45898 
1.70703 
-3.53418 
-1.59277 
2.60352 
5.0625 
-4.12012 
-1.4707 
6.31934 
-5.58984 
2.95117 
-1.33105 
6.44043 
4.07617 
0.910156 
3.13184 
-2.3125 
0.804688 
4.47559 
1.83008 
3.42188 
-2.93066 
-4.45898 
0.638672 
-1.86816 
2.36133 
0.711914 
0.453125 
-4.4209 
-0.295898 
-4.93164 
-2.16602 
0.551758 
0.87207 
-1.82227 
-3.04883 
-0.319336 
-0.780273 
-2.55078 
-3.10156 
0.592773 
-3.90527 
-2.76563 
-2.14746 
-1.63379 
-2.21484 
4.14648 
0.879883 
-3.0293 
-3.45215 
-1.07715 
5.57324 
-3.18555 
7.7373 
-4.30957 
-1.15918 
0.50293 
2.26563 
-1.98535 
1.99805 
-1.44043 
-3.85254 
-2.73047 
3.52539 
2.48242 
9.44922 
1.3877 
-4.0957 
1.11523 
2.29199 
5.58496 
-0.666992 
0.69043 
0.546875 
-1.12305 
0.102539 
4.51758 
-2.80762 
-3.20215 
0.488281 
-1.45703 
-3.42578 
-4.85254 
3.90723 
-1.82031 
1.23438 
-0.272461 
3.11035 
-3.96289 
-1.64063 
2.96484 
-2.79688 
-0.0371094 
0.811523 
-0.233398 
-3.70117 
-4.76758 
-3.0918 
0.5 
9.3252 
0.984375 
0.204102 
0.453125 
-2.34863 
-3.27344 
-2.39551 
-3.6084 
-1.50293 
-0.0615234 
-2.73926 
1.31738 
-0.435547 
-0.577148 
-1.22559 
5.73535 
0.00390625 
3.2002 
0.995117 
-2.94336 
0.0263672 
1.68066 
-1.44531 
-1.76074 
-3.71094 
-3.42676 
-3.22168 
-0.87207 
2.34082 
0.947266 
1.41602 
-0.165039 
1.50293 
-4.72656 
7.4541 
3.07715 
-3.74414 
-0.701172 
1.55762 
-2.82324 
4.33398 
-3.49414 
5.50684 
4.72656 
-2.59863 
-2.10938 
-4.15625 
3.79688 
-0.47168 
-2.93555 
-2.60352 
-0.801758 
2.31641 
1.1377 
0.130859 
-1.06934 
3.4707 
3.02637 
0.430664 
-5.43555 
-1.50586 
1.46777 
-1.96191 
5.94238 
-1.5918 
2.66113 
-1.4668 
-5.83984 
-2.42578 
1.7666 
5.13086 
-2.58691 
-1.40332 
-6.22559 
-2.89941 
7.61133 
-0.00585938 
-5.65625 
-1.53418 
-0.773438 
-2.31836 
6.90625 
4.8916 
-0.397461 
-1.15039 
1.68848 
-5.375 
-1.81543 
0.749023 
-2.0166 
-1.78125 
0.0429688 
0.53125 
0.046875 
-2.36621 
1.41211 
3.38379 
2.80859 
-6.22559 
-5.5752 
1.03809 
0.553711 
0.870117 
-1.06152 
-3.45215 
1.3877 
2.94434 
1.07227 
1.55762 
-0.238281 
-2.70215 
-1.03809 
-1.18555 
1.68262 
-2.2207 
4.74512 
1.01758 
-1.44043 
1.66992 
4.65625 
3.1709 
-1.74707 
-2.37598 
1.2002 
0.526367 
-5.57715 
0.481445 
5.72559 
-1.04395 
0.0654297 
-0.202148 
-1.9668 
0.833008 
-5.375 
3.57324 
2.57324 
-0.583984 
0.0185547 
2.86621 
1.79102 
1.19922 
0.526367 
7.97852 
-0.399414 
-0.600586 
4.36035 
-1.05957 
-0.832031 
-1.34277 
-1.2334 
0.363281 
4.68848 
-5.375 
3.43066 
-1.40332 
-0.959961 
1.39258 
3.99219 
-2.68359 
0.84668 
2.12402 
1.81934 
0.477539 
-4.31738 
-4.22949 
-3.38867 
4.80273 
2.16504 
-0.976563 
1.05078 
0.134766 
1.58008 
-3.11328 
1.99609 
-3.02344 
-0.138672 
1.89063 
-2.94531 
-4.79883 
3.24219 
2.52148 
-0.338867 
2.10645 
0.0458984 
12.1533 
5.62207 
-4.73633 
-2.53516 
-3.68945 
-1.86523 
3.37402 
2.17383 
0.15918 
-1.77539 
1.55273 
-3.14648 
6.44824 
4.56152 
3.46875 
-3.05762 
10.2344 
2.1875 
8.69043 
-4.46191 
0.203125 
-0.398438 
-1.91504 
-1.79102 
-4.26367 
-1.95898 
4.91309 
4.70703 
3.55469 
1.00586 
-2.42285 
0.109375 
-3.33301 
1.85254 
-2.88281 
-1.67676 
2.71484 
-1.34961 
-1.68945 
-1.72363 
2.34473 
-3.03809 
8.15527 
1.60742 
1.25684 
0.925781 
8.21582 
-4.3623 
-3.71191 
-0.611328 
-1.66602 
-3.25 
2.53906 
-0.719727 
3.68359 
2.59082 
1.83105 
-3.81348 
2.62793 
0.646484 
0.980469 
-1.54883 
2.41797 
-2.6543 
-1.55273 
-1.76855 
-0.78418 
-0.333008 
-2.21582 
4.04102 
-0.253906 
-2.92285 
-0.0537109 
-3.5293 
-4.51172 
0.253906 
2.16211 
-4.1582 
1.89063 
-0.932617 
-4.92676 
0.393555 
2.70801 
0.258789 
-0.188477 
5.43555 
2.27832 
-1.74707 
7.84668 
-0.507813 
0.374023 
2.91797 
-2.7832 
6.42969 
-1.56445 
-3.07227 
4.19336 
2.52734 
-5.31738 
-3.91504 
-3.30762 
3.95117 
-2.48828 
-3.16992 
-1.67188 
-3.43945 
1.16895 
-0.866211 
5.01855 
0.459961 
-0.0947266 
3.23828 
-3.41211 
-1.71973 
1.07813 
1.67188 
-2.64941 
-1.27734 
1.05176 
1.4502 
0.43457 
-2.36621 
-5.52832 
-2.74707 
4.68359 
10.1797 
-2.2627 
1.59863 
7.34277 
-4.93945 
-4.75488 
-0.410156 
-5.65625 
-0.814453 
1.05469 
-4.13672 
-2.59082 
-5.5752 
-0.919922 
-1.3125 
-0.995117 
-1.5 
-0.873047 
2.71777 
-0.0976563 
1.3877 
-0.945313 
0.451172 
2.89746 
2.7998 
-2.10938 
-2.25098 
4.80566 
-4.32617 
2.05176 
8.08984 
-1.23047 
-3.54785 
1.69238 
-1.08691 
0.00976563 
9.20313 
-3.61426 
1.62793 
1.17285 
-4.52051 
7.18066 
2.37109 
-4.05371 
-3.36523 
3.0 
1.53809 
1.12598 
0.952148 
-0.217773 
-0.885742 
-5.36035 
1.3252 
1.22852 
2.34082 
-2.65918 
-0.572266 
0.0908203 
-5.83984 
3.15332 
-1.4873 
-3.65137 
-6.22559 
4.01074 
-4.31348 
-1.99512 
-2.33594 
-0.453125 
4.93555 
1.42188 
-3.0 
0.506836 
2.26855 
0.481445 
-2.94336 
-2.52832 
-0.862305 
1.98047 
11.625 
-1.76563 
8.72949 
2.39941 
0.610352 
3.04395 
-5.57715 
3.51367 
1.7002 
-1.81738 
1.39453 
0.334961 
0.493164 
5.35938 
-2.73633 
-1.14258 
1.27344 
0.371094 
-4.16699 
-5.375 
5.61133 
-2.67773 
-2.67773 
-2.79785 
3.72754 
1.84668 
3.96387 
3.13965 
-2.59668 
-2.21973 
10.2393 
-5.70313 
0.900391 
-1.21289 
1.35352 
0.0224609 
2.89844 
0.479492 
5.19531 
4.36426 
-0.576172 
-4.28125 
2.57129 
2.69336 
0.830078 
-5.58984 
0.458008 
-5.13379 
3.21875 
2.44629 
0.735352 
-5.65625 
0.227539 
-3.52734 
4.14941 
-0.399414 
-3.75098 
2.27637 
-1.83301 
0.131836 
2.71973 
-2.0332 
3.69434 
-0.0888672 
0.791992 
-1.84863 
-4.4834 
-3.30078 
-2.7832 
3.59277 
7.93945 
-1.54785 
0.907227 
3.83691 
1.91113 
-3.25879 
1.41992 
-2.90039 
-2.90234 
0.849609 
-0.948242 
-0.301758 
0.972656 
-5.42871 
3.69238 
-1.10742 
-1.94727 
3.91406 
1.26074 
-3.01465 
1.24902 
-2.60645 
-2.17578 
1.66992 
-3.94629 
1.10352 
0.71582 
0.858398 
2.85547 
-2.73047 
-3.76953 
3.38574 
-2.1709 
-0.838867 
0.964844 
3.24219 
-3.35547 
-3.27539 
1.07227 
-0.169922 
-2.42188 
0.977539 
-2.54004 
3.85156 
2.54688 
3.40234 
-0.359375 
1.03906 
-3.40332 
2.67969 
-3.24316 
-1.5166 
8.53223 
2.66211 
-3.29395 
0.104492 
0.548828 
-1.75 
5.08398 
0.173828 
2.11426 
-2.16406 
-6.22559 
3.30078 
-2.54004 
2.07031 
-0.848633 
-3.45605 
12.9746 
0.557617 
-1.45508 
-0.790039 
-1.56934 
2.34375 
0.0224609 
-1.12988 
1.17285 
1.82324 
3.0293 
-2.51953 
-3.56738 
0.0898438 
-3.81152 
-2.375 
-4.46191 
-0.133789 
0.226563 
-0.423828 
-0.0966797 
-2.05078 
0.783203 
1.89648 
0.0810547 
-4.26855 
6.23438 
1.14648 
-1.85156 
0.608398 
-1.08496 
0.798828 
-3.19727 
-2.90625 
-3.93945 
4.00684 
3.10938 
-1.10254 
-0.626953 
-2.98438 
-0.209961 
-0.78418 
-6.22559 
3.2959 
-2.04004 
-3.74121 
-2.66309 
5.25098 
0.836914 
0.869141 
-4.09082 
6.2002 
-0.822266 
2.51465 
-1.42871 
1.53516 
1.30664 
0.720703 
1.18359 
3.16211 
0.224609 
0.660156 
1.29102 
-4.46191 
-1.91113 
0.720703 
-2.33789 
-0.693359 
-4.59766 
-0.0908203 
3.81934 
3.1748 
4.9707 
-1.52734 
-3.36816 
-0.0117188 
5.13379 
-0.679688 
-1.18945 
0.529297 
1.0625 
-0.917969 
10.376 
-5.14746 
-0.817383 
-2.06738 
1.0332 
0.546875 
-0.238281 
-2.83594 
-3.16797 
0.691406 
-5.36035 
-0.150391 
-0.424805 
-2.85938 
4.0791 
0.37793 
-5.52832 
-1.68066 
3.24609 
1.21582 
-1.77734 
-4.67383 
-4.4248 
7.66309 
7.64355 
-1.10352 
-0.722656 
-4.06152 
-5.31738 
-0.179688 
4.14746 
6.20996 
-1.34668 
-1.78125 
0.71582 
-2.53711 
-1.78027 
-0.393555 
-4.13477 
0.357422 
2.12402 
-2.07324 
4.83008 
-0.878906 
0.296875 
2.11719 
5.45508 
0.430664 
3.87402 
2.09766 
8.19922 
5.66895 
4.21387 
1.31055 
-1.83301 
3.55176 
4.69922 
-0.78418 
-0.645508 
-0.0761719 
2.6709 
2.88574 
-1.36621 
-3.37402 
-4.29199 
-1.79688 
4.69531 
2.44434 
3.84473 
-3.19141 
-1.31836 
-2.60645 
1.05078 
2.5957 
-0.601563 
-0.0771484 
6.78125 
2.42188 
8.16016 
-4.65527 
1.89648 
-2.28809 
-0.0146484 
7.01074 
-4.79492 
2.08105 
-2.70996 
-1.62305 
1.61719 
-1.47461 
5.42871 
3.7959 
0.55957 
0.0566406 
3.60938 
4.52539 
-2.61719 
0.239258 
-3.6709 
-5.65625 
1.37695 
-4.70996 
3.47461 
-4.46777 
3.87695 
2.5332 
0.657227 
-4.1582 
0.329102 
-2.60449 
-3.59766 
8.86426 
6.00098 
1.20605 
0.541992 
-0.897461 
3.28125 
4.95215 
-1.28613 
-3.99414 
0.852539 
0.489258 
-1.08594 
-1.96973 
-5.49609 
-0.570313 
-5.5332 
-0.226563 
-2.69922 
-2.64551 
1.33301 
6.14941 
-0.777344 
-4.76758 
-4.03613 
6.66797 
6.96094 
-2.69141 
5.88574 
-2.64063 
-3.06543 
-3.6709 
-0.266602 
6.81445 
3.87402 
0.634766 
-3.80469 
1.10742 
-0.608398 
1.92871 
1.31641 
5.93262 
2.26758 
-0.816406 
-0.134766 
3.25391 
0.28125 
-2.94141 
0.458984 
-5.58984 
-1.08789 
-0.729492 
3.36816 
2.05176 
2.02734 
-1.98633 
-2.52051 
-5.31348 
-5.70313 
1.86719 
2.97266 
0.892578 
-3.45215 
-5.29004 
5.68359 
-4.88477 
-3.21484 
-1.25391 
-0.985352 
1.2666 
3.14648 
-0.104492 
-0.157227 
-2.66602 
-0.885742 
4.06152 
-0.59375 
1.17285 
-0.955078 
2.14453 
-0.696289 
-0.577148 
-1.51367 
1.27637 
2.84863 
3.18359 
0.185547 
-5.5332 
-0.922852 
1.13867 
-1.40723 
2.00098 
-2.37305 
-3.15527 
2.25098 
-2.66895 
6.52051 
0.905273 
3.82813 
7.89941 
-0.615234 
-2.74219 
4.75098 
-2.26855 
0.430664 
-0.287109 
-5.70313 
-0.418945 
3.84375 
-0.125977 
5.45801 
0.383789 
-0.925781 
-1.94238 
-1.9668 
1.25586 
2.99609 
-5.11426 
-0.299805 
4.4209 
0.27832 
1.70605 
-0.880859 
-1.32031 
0.130859 
0.423828 
2.125 
2.79492 
2.7998 
2.20605 
-3.10938 
-2.05273 
4.41699 
-4.24316 
1.38477 
0.614258 
