0.274414 
-4.75684 
-1.2998 
2.4502 
-1.27148 
-7.69043 
3.01172 
2.0918 
-0.133789 
-1.22461 
-0.864258 
-0.358398 
-1.47754 
4.51367 
-2.05566 
-0.0253906 
0.779297 
1.38184 
-4.61426 
0.613281 
-2.47949 
3.03125 
-1.12695 
2.76074 
-1.59863 
-1.68066 
-1.50488 
1.82324 
1.90332 
-3.0625 
1.0752 
1.0127 
-3.61328 
-5.54785 
1.14453 
0.672852 
-1.50488 
-5.12402 
3.1123 
1.23242 
0.391602 
-1.63867 
2.9541 
-1.8252 
-2.08887 
-1.79199 
-0.939453 
2.29688 
-0.431641 
1.29688 
1.22559 
1.29395 
2.96094 
-3.85449 
1.68262 
-6.48438 
-5.03906 
4.24609 
1.40723 
4.50977 
2.8291 
1.24414 
-3.29199 
3.78613 
-0.0830078 
0.867188 
3.59961 
-4.73438 
3.88867 
-6.05371 
1.67188 
2.50391 
0.0195313 
-1.34668 
-4.09375 
0.459961 
-2.25977 
1.62305 
-0.176758 
0.830078 
1.27832 
-4.99805 
0.292969 
2.52148 
1.07617 
-6.34668 
2.68359 
-3.3584 
-3.30664 
3.35059 
-1.83984 
-1.42383 
-5.14355 
-6.34668 
-1.19336 
2.39746 
4.14453 
3.37988 
2.34277 
-2.03223 
1.34473 
4.66895 
-5.39746 
-4.71094 
1.32617 
-1.7207 
4.55176 
0.12793 
0.605469 
-3.98047 
-3.20508 
1.31738 
-0.916016 
2.22949 
2.78809 
-0.669922 
-3.51074 
2.65234 
2.02832 
-2.81934 
-0.00976563 
-1.67676 
0.993164 
1.7002 
1.16895 
-0.609375 
2.15625 
2.08301 
5.18945 
2.18652 
-3.58984 
4.02539 
2.27441 
-4.60547 
-6.54785 
-4.99805 
3.36328 
-3.3584 
3.69629 
-2.07715 
0.900391 
-2.42871 
-1.125 
-5.39746 
-3.57129 
-2.44531 
2.70313 
4.2666 
-2.47168 
3.91895 
-3.29395 
1.41406 
-7.69043 
1.82129 
-1.10742 
-6.75879 
2.51563 
-4.76465 
0.396484 
-7.00684 
-5.15332 
-2.98828 
0.308594 
-0.286133 
0.977539 
0.0625 
-7.69043 
-3.41699 
0.332031 
-0.770508 
-0.726563 
3.84473 
-0.655273 
-1.76855 
0.27832 
-0.475586 
0.858398 
1.87793 
0.791016 
-0.494141 
2.20898 
-1.7334 
1.18652 
2.95508 
-0.104492 
-1.50391 
-0.404297 
-1.07715 
-6.0752 
-3.62207 
2.45703 
1.42969 
-1.9502 
1.97363 
-2.32422 
2.00879 
-2.375 
1.93066 
1.75 
-0.760742 
1.88086 
-3.3291 
-0.831055 
-0.0673828 
-2.36426 
2.5293 
3.29688 
-5.04785 
0.207031 
2.17578 
-0.621094 
-1.48438 
3.22656 
1.61328 
-3.47168 
3.21582 
4.79395 
0.387695 
5.21973 
-1.04883 
2.16699 
-0.708984 
-6.48438 
-1.75391 
0.974609 
0.445313 
0.873047 
1.35156 
3.13867 
-3.22852 
0.759766 
3.32617 
-1.50098 
-0.454102 
-4.3584 
0.0498047 
-0.264648 
1.83008 
0.451172 
0.706055 
-0.114258 
1.92871 
2.93945 
1.50488 
0.140625 
4.69336 
1.71387 
1.07715 
-6.75879 
2.39063 
-1.05273 
2.92383 
-3.20703 
-3.77148 
1.42188 
4.53906 
1.53711 
2.62793 
-4.08105 
2.50488 
1.04785 
-0.500977 
-0.494141 
0.151367 
1.85547 
2.88672 
-7.69043 
1.16699 
2.67773 
2.40527 
-5.35449 
3.05273 
-1.6709 
-3.25488 
3.69043 
4.03711 
2.34863 
3.05957 
-3.60449 
-1.6416 
-5.5293 
3.56055 
1.86816 
-3.20703 
3.38281 
-6.31641 
0.966797 
2.50195 
1.44043 
-1.65527 
-2.49609 
1.3877 
-5.55273 
0.299805 
0.930664 
-0.419922 
-0.177734 
0.696289 
1.3457 
-2.3877 
1.8623 
2.34277 
-0.761719 
-4.4209 
2.35645 
0.399414 
-1.4375 
2.78125 
2.61133 
-1.84473 
3.53906 
-2.63477 
-1.9541 
-2.89941 
0.503906 
-2.91113 
-2.2002 
-3.70313 
-1.79395 
-2.75195 
-2.01172 
0.993164 
-0.40332 
-3.39941 
2.86914 
-1.24707 
-0.578125 
-4.7959 
-1.75684 
3.33105 
2.11621 
0.728516 
-7.69043 
3.01465 
0.402344 
2.18262 
-1.53906 
1.48438 
3.82031 
-1.24316 
0.899414 
-1.33301 
-3.02051 
-1.30273 
-3.0498 
3.21582 
1.70605 
1.21289 
1.64844 
0.0410156 
3.82617 
-1.89063 
-1.8584 
0.641602 
-2.24609 
-2.47559 
-0.487305 
-4.33105 
-3.125 
3.72461 
3.20215 
-1.80469 
1.96582 
3.69629 
1.38672 
-1.04297 
-3.23145 
4.03516 
-1.40039 
2.02148 
-0.576172 
-2.56738 
-1.43945 
-1.59082 
3.39258 
-3.58301 
-2.69141 
1.42969 
-1.65332 
3.45117 
-2.68555 
-4.94043 
-1.33887 
-0.662109 
3.12988 
2.41992 
2.22852 
-5.28027 
4.91309 
4.23242 
1.49512 
3.75977 
0.376953 
-6.54785 
1.31836 
-5.86426 
-0.298828 
2.30371 
-7.69043 
-2.61621 
1.32715 
0.736328 
-2.62793 
1.64453 
1.43848 
-6.06445 
2.20215 
1.62598 
-4.03516 
-2.13965 
-4.20898 
1.55371 
2.39551 
-2.89063 
2.35938 
-2.61914 
-3.31836 
-2.21777 
0.501953 
-4.3584 
-6.2832 
-2.15234 
-3.40332 
0.363281 
-4.30664 
-3.36035 
4.21094 
2.30176 
4.36133 
-0.500977 
3.49316 
-2.28906 
-2.16992 
-0.862305 
-2.4834 
0.552734 
3.52441 
0.157227 
-1.33789 
-0.583008 
-3.81934 
0.178711 
0.479492 
-2.40234 
0.548828 
-4.76465 
1.06641 
0.643555 
-2.1748 
4.10059 
2.14844 
5.48926 
-0.641602 
-1.50488 
2.21191 
1.62598 
1.79102 
-4.86426 
-4.27051 
0.469727 
0.68457 
2.31348 
2.25 
1.28906 
-3.35742 
-3.81934 
-1.3623 
-1.29395 
-0.401367 
-0.015625 
1.7334 
1.51758 
-2.5127 
1.16504 
2.68164 
2.34863 
1.65625 
-3.81934 
2.62012 
2.48438 
0.442383 
-0.19043 
-5.12598 
-0.527344 
0.748047 
1.92676 
-0.6875 
2.33789 
-2.36035 
4.16406 
-3.03418 
2.55469 
-2.6582 
-5.26953 
-3.01367 
3.81348 
0.0966797 
-1.29199 
0.157227 
0.445313 
-2.04785 
-2.68555 
-2.41699 
-2.75293 
-3.69824 
-0.439453 
4.08691 
-0.233398 
-1.02344 
0.944336 
-0.777344 
3.72266 
-0.424805 
0.628906 
0.367188 
2.90723 
2.93359 
-5.98828 
-3.45703 
3.34473 
-0.429688 
2.84082 
-0.280273 
1.56445 
-3.25488 
-0.344727 
0.866211 
3.27148 
-5.3418 
0.0498047 
-0.55957 
-1.1709 
-1.94336 
-0.119141 
-2.2002 
4.87793 
2.93359 
1.94727 
0.185547 
-6.2832 
1.05469 
1.25879 
4.71387 
-1.8877 
4.18945 
-0.775391 
4.90723 
-4.2998 
-1.01465 
-3.81934 
2.60547 
-2.63965 
-4.00098 
-2.00293 
1.81836 
0.455078 
-4.74707 
2.27441 
-1.83105 
1.36621 
3.37793 
-0.973633 
1.94238 
1.68555 
-0.145508 
-4.4209 
3.01758 
2.98926 
-1.15332 
-0.930664 
-4.78711 
-0.320313 
3.04199 
-0.00390625 
1.50391 
2.99707 
-0.796875 
-0.0693359 
-0.191406 
-3.50391 
5.4541 
3.09277 
-2.79492 
-5.3418 
-0.604492 
2.53125 
0.123047 
1.21289 
2.12012 
-0.40918 
3.39258 
-1.88574 
2.72363 
1.30664 
-2.67578 
0.203125 
3.07031 
-1.50195 
0.269531 
-2.04199 
2.2168 
1.23828 
1.45801 
3.53223 
-1.81445 
-0.246094 
2.09375 
-6.19043 
-6.48438 
2.04688 
0.505859 
3.0332 
3.17285 
-1.28027 
0.558594 
4.26172 
2.21973 
3.3125 
-2.47754 
-2.24414 
4.14453 
-1.69922 
3.64746 
0.923828 
2.78125 
1.53027 
-0.577148 
3.04102 
-2.33984 
-2.08008 
-0.139648 
2.61426 
-0.158203 
4.2334 
1.53711 
-1.9834 
1.0459 
-5.25 
1.70313 
-7.69043 
0.300781 
2.70215 
1.81152 
2.53418 
2.27734 
-1.26758 
-3.1377 
-2.69824 
1.24512 
-4.98438 
-4.92188 
-3.76855 
-6.34668 
-3.13867 
3.15039 
2.44336 
-0.503906 
-6.41309 
3.60352 
-0.46582 
3.22168 
0.72168 
-5.13086 
-0.28125 
1.54004 
0.773438 
-4.3584 
1.15918 
2.01758 
3.59375 
-4.84668 
2.63281 
3.00293 
3.23438 
-4.80762 
1.81934 
4.62891 
-2.03516 
3.84277 
1.34082 
3.43066 
0.920898 
2.99316 
2.24512 
0.988281 
0.773438 
1.08398 
0.219727 
0.740234 
-0.265625 
2.49316 
2.37012 
-6.92188 
2.87793 
-3.84863 
1.18457 
0.734375 
2.08496 
1.65234 
-4.47559 
3.14941 
-1.79004 
1.78809 
-2.88672 
3.35352 
-2.50781 
-6.73828 
-2.88672 
0.992188 
-1.16602 
1.85156 
1.84375 
0.87207 
-4.04785 
-0.863281 
2.15527 
0.625 
1.49512 
4.79395 
-1.99219 
0.680664 
1.60449 
0.472656 
2.66504 
4.86914 
4.27246 
0.217773 
1.54688 
-5.03906 
0.136719 
1.78906 
0.606445 
-5.59961 
-2.375 
2.20508 
-0.791016 
1.93457 
1.18164 
0.818359 
-1.56738 
1.11719 
1.61523 
-0.313477 
-2.88086 
1.69434 
-7.69043 
-2.89258 
-0.500977 
2.83789 
-7.69043 
1.19238 
-2.20703 
2.17773 
0.532227 
-0.643555 
-2.15039 
2.56934 
-0.249023 
1.24219 
-2.82324 
1.79199 
-0.84668 
3.93066 
2.21582 
2.11035 
3.92871 
0.962891 
-3.98047 
0.902344 
2.10449 
1.55176 
1.7666 
1.0918 
1.44727 
0.0830078 
2.1748 
3.54688 
-5.22363 
1.19922 
-5.41504 
-0.880859 
-0.414063 
-5.60449 
-2.44531 
-2.84277 
2.15625 
1.68652 
1.65234 
0.268555 
0.62207 
1.76758 
-3.97266 
2.72363 
1.48535 
0.467773 
1.16309 
1.64844 
3.19629 
-2.75293 
3.82031 
2.79492 
-0.506836 
-7.69043 
-4.78711 
2.10352 
-3.3291 
-1.77051 
1.36035 
0.242188 
-1.59961 
0.636719 
1.11914 
2.16211 
-5.67188 
0.954102 
0.373047 
-0.473633 
-6.75879 
2.0332 
-0.275391 
-0.430664 
-0.40332 
4.23926 
0.556641 
3.12891 
1.13379 
-3.4873 
1.93359 
0.59082 
0.467773 
-0.353516 
-0.931641 
1.93652 
-6.67188 
1.78613 
0.318359 
-2.85059 
0.495117 
4.64844 
-6.2832 
3.56641 
-3.81934 
-2.93262 
2.48242 
2.70996 
2.67871 
-0.333984 
-5.38086 
-2.47363 
0.994141 
0.77832 
-4.34863 
1.29395 
-5.6416 
1.58398 
-0.901367 
4.14648 
-4.44922 
-3.80273 
3.27441 
-2.7793 
1.9873 
-1.70605 
-2.61816 
3.4082 
-1.0918 
1.63574 
4.14746 
-5.26465 
2.9707 
0.788086 
-1.11621 
1.58301 
0.572266 
1.66016 
-1.57617 
-0.911133 
4.07324 
1.09082 
0.989258 
3.94336 
2.41797 
-0.558594 
-3.31836 
0.482422 
0.150391 
-5.57813 
3.87402 
-3.4082 
-2.62695 
0.166992 
1.7168 
2.18555 
-0.862305 
-6.31641 
-6.63086 
-1.88672 
2.02051 
-5.28027 
2.88867 
1.63867 
2.50879 
-1.18262 
3.5332 
-6.19043 
-4.57227 
-1.3252 
-2.84277 
-6.41309 
1.19336 
2.49609 
0.635742 
-2.61914 
-0.360352 
-3.13867 
-6.41309 
-0.862305 
0.454102 
-1.24707 
-0.495117 
4.15723 
1.78613 
0.371094 
1.52344 
1.40234 
-1.75488 
-3.55957 
1.54688 
0.729492 
-5.35449 
-0.242188 
-4.13281 
1.02051 
1.13574 
1.05078 
-1.99316 
-5.05762 
-1.10547 
-6.06445 
-1.53906 
-0.225586 
1.06934 
-5.43066 
0.750977 
5.46387 
-2.61328 
0.361328 
-3.28516 
1.49316 
4.38379 
-6.62402 
-1.76172 
1.16406 
1.95801 
-1.81934 
-4.49023 
1.16992 
1.43066 
1.77148 
-1.70508 
0.84375 
2.84766 
2.00977 
-3.00684 
-0.0732422 
-1.99316 
3.00781 
-1.47559 
-4.02344 
3.12402 
3.08789 
0.734375 
0.685547 
-0.50293 
3.625 
2.50195 
1.00781 
2.66504 
-0.107422 
-1.13184 
0.210938 
-2.64844 
3.40527 
1.95508 
-0.935547 
2.5332 
-2.61621 
4.59375 
-4.08691 
4.16992 
-4.52344 
-2.80957 
-1.99512 
0.219727 
-1.20313 
3.77734 
1.93652 
3.33203 
-3.23242 
-1.73145 
-5.41504 
0.448242 
2.22852 
2.6709 
-1.85059 
1.43555 
1.59277 
0.00390625 
-4.46973 
-3.2041 
2.71973 
1.79004 
-1.9375 
2.80566 
1.05859 
-1.20996 
-0.524414 
-4.80469 
-5.15332 
2.74023 
2.82813 
0.176758 
1.23438 
2.52344 
0.460938 
-0.643555 
1.59863 
3.07324 
0.0957031 
0.947266 
-4.15332 
-0.901367 
0.732422 
2.51953 
4.61426 
-5.69238 
-3.54395 
-0.158203 
-0.296875 
2.8252 
1.91406 
2.85547 
-2.85449 
-4.69434 
-3.33496 
4.44336 
2.7959 
1.3457 
0.549805 
0.646484 
5.86523 
0.885742 
-1.9834 
-1.30664 
1.19727 
2.48535 
-5.63281 
-4.00098 
1.50391 
3.49414 
-0.743164 
-0.771484 
2.24219 
-2.38281 
1.9082 
1.38184 
-1.54688 
2.1084 
-0.345703 
3.2207 
0.233398 
2.56641 
-7.69043 
0.703125 
3.29492 
-1.83789 
0.378906 
4.40625 
-0.928711 
0.0195313 
-1.83789 
3.44629 
-4.57031 
3.54395 
0.761719 
0.542969 
4.71191 
-4.90918 
-2.07227 
2.55371 
2.89355 
3.37109 
1.38965 
-1.58398 
1.46094 
-0.0664063 
-1.73047 
3.12793 
1.9873 
1.32129 
-0.491211 
-1.70801 
2.22949 
1.73145 
2.40527 
2.02637 
2.71484 
0.316406 
-2.8291 
2.36035 
-1.33496 
-3.60156 
0.0322266 
0.348633 
-2.58789 
-0.536133 
-0.883789 
1.1084 
-0.401367 
-3.50781 
3.70215 
0.416016 
-1.40137 
-1.05273 
3.86816 
-1.19922 
-0.579102 
1.10352 
-5.48242 
-6.19043 
-1.9209 
-5.7793 
1.75488 
0.80957 
-1.97852 
-3.81934 
-4.80762 
3.74023 
0.0507813 
-5.23145 
-2.34473 
-2.39355 
1.80859 
5.02051 
1.15332 
1.35156 
2.07324 
-4.33789 
-4.07715 
1.2666 
1.16992 
1.40039 
4.35254 
3.32324 
-0.378906 
1.89355 
2.75879 
-0.692383 
0.459961 
-2.87012 
-1.02539 
0.00390625 
0.415039 
-1.23926 
-3.94531 
-4.97168 
1.50391 
2.11035 
2.50098 
-5.80078 
1.54297 
-2.10547 
-3.73438 
1.13965 
-0.826172 
-1.28223 
-2.70313 
0.56543 
2.15137 
-0.808594 
-0.291016 
-5.41504 
-0.34082 
-3.8418 
4.78516 
-0.946289 
2.05469 
-0.578125 
2.87598 
0.256836 
3.69141 
2.52051 
-0.147461 
1.37988 
2.21582 
-0.774414 
-0.722656 
1.95801 
-1.7002 
-3.11816 
2.8418 
-2.65723 
-1.39258 
-3.59375 
-2.95703 
-4.08691 
2.01563 
-3.38281 
2.73438 
2.86035 
5.04688 
1.46777 
3.57129 
3.56836 
-3.71875 
-1.47559 
-0.224609 
-3.18164 
-3.24023 
-6.0752 
1.0498 
2.00391 
1.48926 
1.46289 
-0.19043 
-1.92871 
-1.22363 
-5.83691 
-3.81641 
-4.04883 
-1.73047 
-5.9668 
-0.141602 
-4.62891 
-0.265625 
0.196289 
0.517578 
0.861328 
2.75586 
2.21484 
1.62402 
-1.05273 
-1.12207 
2.3877 
0.412109 
-3.57324 
1.43066 
2.08691 
0.299805 
-1.6416 
0.539063 
3.10254 
4.30078 
-1.31445 
1.69434 
-1.0293 
-5.39453 
0.433594 
-3.57324 
4.07422 
0.477539 
3.33594 
-0.321289 
-5.47559 
0.330078 
4.09766 
-6.0752 
0.384766 
-1.13574 
1.80859 
-3.96191 
-4.80469 
1.35352 
0.951172 
3.50586 
2.63965 
0.929688 
1.49219 
2.34473 
-2.44531 
-7.69043 
1.44141 
3.74023 
4.38672 
2.41699 
-1.31055 
3.53711 
2.91602 
-0.359375 
-0.666992 
1.77051 
1.16992 
2.19434 
0.170898 
-2.40723 
-1.32715 
-2.58789 
-0.322266 
0.046875 
3.79785 
1.99023 
-1.58691 
2.1709 
-0.870117 
1.10059 
-3.22461 
-2.44531 
-2.89063 
-3.74121 
1.93848 
-4.52539 
-1.67676 
1.15723 
5.30957 
-0.642578 
0.0830078 
2.27734 
-0.635742 
-0.611328 
1.60547 
0.274414 
-2.94141 
2.13477 
-1.50391 
-3.03516 
0.423828 
2.90137 
-3.70703 
-1.03516 
0.205078 
0.273438 
-7.69043 
-1.60645 
-1.75391 
2.83789 
-1.51758 
-7.69043 
-0.557617 
-2.70117 
-2.64941 
3.63379 
-4.76465 
-2.96387 
3.45117 
-0.806641 
2.99902 
1.24316 
3.27734 
-0.329102 
4.40723 
0.961914 
-3.20703 
-0.231445 
1.65234 
-0.370117 
1.37891 
0.427734 
-5.38477 
2.78125 
-1.96289 
0.75293 
1.97461 
3.40625 
2.52539 
2.42383 
0.55957 
-5.39746 
-3.42383 
3.30273 
2.71191 
4.50488 
5.24023 
-3.64063 
-1.91504 
0.115234 
0.756836 
2.92676 
5.3291 
-1.85156 
0.970703 
-3.28223 
-4.52539 
-2.40234 
-1.29395 
-4.33594 
3.97266 
3.19238 
-4.28809 
3.64551 
-0.777344 
-1.9834 
-2.08887 
-2.17383 
-0.129883 
1.51563 
-1.51465 
2.58301 
-2.12207 
-6.54785 
1.85059 
0.599609 
-2.00098 
-1.1875 
2.36133 
-2.96875 
-3.09473 
2.49121 
0.65918 
-0.238281 
3.26172 
-5.51465 
-1.98145 
1.76465 
5.0166 
-7.00684 
-3.81934 
-4.90918 
2.74512 
-2.0 
4.33398 
4.41992 
-1.4209 
1.9082 
2.34668 
-2.25195 
0.708984 
1.42285 
-2.80957 
-2.75293 
2.53516 
1.88672 
-1.0752 
-1.73438 
1.87012 
-2.44531 
-1.1543 
1.91406 
-4.99805 
2.125 
1.83008 
-2.08105 
1.07031 
-3.78027 
-0.586914 
2.51758 
-2.36621 
-6.54199 
-0.598633 
3.80176 
-0.583008 
3.66699 
-1.50293 
0.329102 
-2.67676 
1.875 
0.488281 
-0.644531 
2.62695 
-0.591797 
1.69531 
-1.69727 
1.0166 
0.297852 
0.513672 
0.931641 
-1.59082 
2.91992 
3.96973 
0.378906 
0.188477 
0.810547 
1.00293 
-2.70117 
0.639648 
-2.38672 
2.40137 
-2.03223 
0.0517578 
1.38867 
-0.916016 
1.00293 
-0.318359 
2.84277 
2.88867 
-0.185547 
-3.45898 
-0.708984 
2.72168 
-1.84863 
3.96387 
-6.63086 
-0.178711 
-5.72949 
1.58887 
-4.71387 
1.05176 
-1.24023 
0.00488281 
3.4248 
-0.924805 
0.119141 
-3.55957 
1.81641 
0.842773 
3.1582 
-3.97266 
2.70508 
1.34863 
1.45898 
-3.89746 
3.22754 
-2.88086 
4.70215 
2.56934 
1.8584 
-1.09961 
0.521484 
-1.47949 
1.81738 
1.5166 
0.424805 
-2.70898 
-5.83691 
0.875977 
-5.85547 
0.376953 
-7.69043 
-5.21973 
4.56738 
-2.81934 
-1.43555 
-2.33984 
-5.26465 
0.245117 
-3.56348 
4.28516 
-1.37793 
1.36133 
-3.15234 
3.07324 
-1.83984 
4.09375 
-1.58008 
-1.63965 
0.389648 
3.35938 
-1.54102 
2.78516 
-0.102539 
-0.520508 
5.48926 
-1.85742 
3.48242 
2.53711 
-3.31445 
2.56348 
-4.69238 
-0.573242 
-4.02344 
2.92383 
0.0898438 
0.649414 
2.94141 
-2.01367 
-1.43164 
1.73633 
1.01367 
1.27637 
-4.74707 
-2.29883 
0.1875 
2.76367 
2.51465 
4.70215 
-1.99316 
0.928711 
-3.89746 
2.4834 
3.17188 
-5.57813 
0.112305 
-3.61035 
3.02344 
0.990234 
2.1416 
-7.69043 
-6.63086 
-0.9375 
1.38867 
-7.69043 
0.583984 
0.804688 
4.50098 
2.83887 
2.01367 
0.602539 
-2.04785 
1.20215 
-5.83691 
-0.597656 
-1.4248 
-1.36719 
-3.90918 
1.8877 
-5.80078 
2.82324 
-2.22266 
1.38477 
-2.29883 
1.75293 
-0.544922 
3.71484 
2.87598 
-5.27051 
2.34082 
0.761719 
2.89844 
-1.12793 
3.99414 
-0.970703 
3.27637 
-2.02148 
4.3877 
-2.2041 
-0.53125 
2.74805 
-1.69531 
0.724609 
-2.92969 
1.94141 
-2.36719 
1.7959 
-0.422852 
-1.63867 
2.46777 
0.445313 
2.72754 
-3.80273 
0.849609 
-5.11035 
0.143555 
0.681641 
-6.62402 
-1.2041 
2.28516 
2.62891 
1.00391 
-0.973633 
-4.04004 
0.608398 
3.40137 
-0.0791016 
3.02832 
-2.42676 
-2.52539 
-0.863281 
3.07324 
-0.118164 
-1.88672 
-2.19336 
-0.540039 
4.65332 
0.957031 
1.73535 
0.550781 
-7.69043 
-0.788086 
1.04492 
-0.287109 
-6.2832 
0.871094 
-1.69238 
-1.51953 
-2.35449 
-6.34668 
1.88184 
3.4248 
-3.68555 
0.761719 
3.72852 
-1.7002 
-5.8584 
-4.26367 
-6.34668 
0.266602 
2.43359 
-0.707031 
3.70215 
-3.80273 
2.41113 
0.707031 
0.999023 
-0.0390625 
-1.99512 
2.89355 
-1.92188 
2.78418 
-1.87793 
-0.148438 
0.18457 
2.64453 
-4.27051 
-1.79395 
1.50391 
-1.02637 
-2.00098 
-2.70117 
1.34375 
0.615234 
-1.73242 
0.839844 
3.33496 
-5.13086 
-2.85059 
-0.561523 
-0.241211 
-5.66309 
-1.47363 
2.78613 
3.34473 
-5.53223 
-7.69043 
0.709961 
-0.107422 
-3.18164 
1.79785 
2.18555 
0.274414 
-5.59961 
5.03906 
0.286133 
-1.01953 
1.37402 
-4.19043 
1.93555 
3.88184 
2.0625 
1.77148 
1.05371 
1.69727 
2.6748 
-2.01465 
-3.76074 
-4.20508 
1.0127 
-1.68652 
1.33203 
2.5498 
-5.84277 
-7.69043 
-1.06348 
-1.82813 
0.858398 
1.58594 
-5.12402 
4.54785 
-5.92578 
0.719727 
4.32813 
-0.0810547 
1.14941 
2.14355 
1.47559 
0.459961 
-6.34668 
1.33398 
-1.91113 
-0.955078 
-0.548828 
1.24414 
0.655273 
2.09668 
2.85352 
2.23438 
-0.648438 
3.49902 
-3.19824 
1.0791 
-3.06641 
1.60156 
1.70801 
3.65234 
-2.9541 
-4.52539 
0.912109 
0.297852 
1.41895 
-6.62402 
4.24121 
0.510742 
-0.703125 
0.723633 
0.900391 
2.72559 
-2.3457 
1.47266 
-6.2832 
-4.53809 
-0.383789 
-3.22461 
-1.00684 
-4.52539 
1.66602 
-4.94727 
2.09863 
2.14746 
1.80762 
0.0996094 
5.24023 
-6.2832 
-0.126953 
-0.680664 
2.61035 
0.21582 
3.25488 
1.43652 
1.68457 
1.51074 
3.93164 
-2.97559 
2.12891 
-1.21094 
2.54395 
-4.08691 
-2.625 
4.25781 
0.709961 
-0.608398 
0.744141 
1.5752 
-4.87305 
-2.89941 
-0.391602 
4.47461 
-1.84863 
-6.41309 
3.0 
2.52246 
-0.651367 
1.75488 
-1.43164 
1.82031 
-7.69043 
1.67188 
2.94531 
3.27148 
-1.39844 
-4.16406 
-1.99609 
-1.89844 
-6.54785 
2.52832 
0.748047 
3.76953 
2.17578 
-0.132813 
4.18066 
-1.06445 
-0.300781 
1.36133 
-0.702148 
3.3457 
-0.667969 
2.80078 
1.08789 
-0.25293 
-2.91113 
1.57129 
2.98438 
3.05566 
1.41406 
-3.08789 
2.78027 
3.81836 
-5.35449 
3.40918 
2.01172 
0.969727 
1.99512 
1.42285 
3.03809 
0.773438 
-3.62598 
-0.408203 
1.31543 
-3.80273 
1.40234 
-2.24414 
-2.94336 
2.24902 
-1.96289 
-5.35449 
-1.91211 
1.3623 
-1.4834 
-7.69043 
-5.17383 
-4.47559 
2.13574 
-0.427734 
-1.02441 
-2.07715 
1.40625 
2.26563 
-0.667969 
2.72266 
-0.267578 
1.21094 
-4.57227 
-5.25 
-3.24023 
1.94141 
-2.02344 
0.804688 
3.35059 
-2.61621 
2.45996 
-5.26855 
1.30273 
3.8916 
3.63867 
-5.74023 
2.57129 
1.48047 
-2.62891 
2.75195 
-0.854492 
2.55078 
3.72656 
1.6709 
-0.914063 
-2.61328 
3.69824 
0.805664 
-1.24316 
-3.66602 
-2.88086 
2.61328 
-3.87402 
1.52637 
-6.54199 
-0.515625 
-1.59473 
0.822266 
3.71484 
-2.54395 
-0.0566406 
-3.81934 
3.43848 
-4.61426 
-2.37988 
3.0332 
-0.668945 
0.564453 
-3.80078 
3.04688 
-0.524414 
1.65234 
4.11035 
-1.44043 
-1.64648 
0.353516 
-4.48145 
5.04297 
-0.206055 
4.18945 
-1.94922 
-3.95215 
-3.98926 
-3.22168 
-2.07813 
-0.939453 
-3.43359 
4.58691 
-0.424805 
2.14746 
2.69629 
3.0918 
2.02051 
1.43555 
-2.40723 
1.50879 
0.121094 
-0.698242 
0.524414 
4.25781 
-3.3291 
-0.783203 
1.33789 
0.142578 
-0.805664 
0.824219 
-1.16895 
-4.2998 
-2.36523 
-0.839844 
2.27832 
2.59277 
1.41699 
2.60547 
0.945313 
-3.45898 
-1.51367 
1.57715 
-3.96191 
3.75977 
-5.50684 
1.7666 
2.61719 
5.96289 
-5.12598 
-5.05664 
-1.70801 
-0.701172 
-3.68555 
-3.7002 
3.42285 
0.96875 
1.74609 
-2.10449 
-1.08203 
4.02441 
1.35352 
-1.22363 
2.62891 
-1.97168 
-2.80078 
-1.23828 
1.19727 
2.83887 
-0.792969 
1.44531 
4.01367 
-6.19043 
2.79297 
-2.90234 
-0.473633 
0.740234 
-0.177734 
-0.632813 
3.29492 
-1.05566 
-3.77051 
0.104492 
0.392578 
-1.08301 
-1.81738 
-6.31641 
0.170898 
2.86035 
1.19922 
1.47949 
-2.34473 
-5.34668 
-4.77051 
2.21777 
-0.993164 
2.19727 
3.41602 
-0.0410156 
1.62598 
0.634766 
-7.00684 
2.39941 
0.392578 
-0.961914 
-0.920898 
3.00977 
2.33691 
-7.69043 
-2.21289 
3.29688 
-5.39453 
1.4082 
-0.459961 
-0.0673828 
-5.14063 
2.83203 
0.56543 
4.37402 
-0.970703 
-4.57031 
-1.58105 
0.367188 
2.94434 
-1.2998 
-0.808594 
-0.446289 
0.507813 
-1.80371 
-0.591797 
-2.00098 
-4.1416 
2.83496 
-5.2168 
-0.157227 
3.53223 
-1.03125 
2.30957 
0.119141 
2.80957 
3.7832 
0.345703 
-6.63086 
-1.99609 
-2.2334 
-4.16504 
-0.77832 
-1.06445 
-0.78125 
3.39258 
2.05469 
-6.62402 
3.20313 
-2.96875 
-4.69434 
-3.55957 
-0.655273 
-6.31641 
-1.74121 
-0.441406 
2.63574 
-2.94238 
0.28125 
-5.23145 
1.85742 
-2.38086 
2.01465 
2.17383 
-1.04395 
3.5957 
2.37109 
0.0546875 
1.38379 
-2.44824 
0.456055 
0.196289 
2.51465 
-2.40234 
-0.277344 
-5.83691 
-0.445313 
0.724609 
-4.08008 
4.50098 
-1.64453 
-1.60645 
-0.957031 
4.64746 
3.22363 
-1.57129 
3.98145 
2.95703 
-2.44043 
-3.69824 
-0.583008 
-0.737305 
-4.76465 
1.92578 
-1.98242 
-0.323242 
-1.12305 
-1.86816 
-6.54785 
-1.08496 
0.706055 
-0.262695 
0.920898 
0.525391 
1.18945 
3.81055 
-4.81641 
0.850586 
-6.54785 
-4.56348 
-6.54785 
-0.107422 
-5.03906 
2.44434 
-0.223633 
-4.42676 
-3.79785 
-3.58984 
2.75098 
-1.1582 
-3.74609 
-2.36621 
-0.265625 
-0.887695 
2.61914 
-2.92969 
-2.79102 
-1.7666 
-2.9502 
1.36621 
0.412109 
-0.276367 
1.21289 
1.49023 
0.0126953 
2.47266 
-0.916992 
-2.07617 
4.13379 
1.69336 
-1.84863 
3.31836 
1.29297 
-5.20703 
-3.3291 
-4.03516 
-0.373047 
-0.973633 
1.53613 
-0.0292969 
1.72852 
3.02051 
-2.27832 
0.84082 
-0.293945 
0.341797 
-7.69043 
3.71289 
1.99219 
0.776367 
-2.18555 
-2.41699 
1.00977 
0.845703 
-0.870117 
4.62305 
1.21191 
2.12402 
-1.43066 
5.65723 
1.88281 
0.902344 
0.492188 
-0.394531 
-3.3584 
0.866211 
-1.65234 
1.7334 
-6.2832 
-0.726563 
0.988281 
0.540039 
-6.31641 
-0.266602 
3.85742 
-3.97949 
1.2168 
1.13281 
-3.87402 
-0.135742 
2.44824 
-1.56738 
-6.34668 
-4.05957 
5.31934 
0.308594 
-4.3584 
-5.63281 
2.35742 
-1.66406 
0.799805 
1.69727 
2.77246 
2.34863 
1.70215 
2.85059 
0.37793 
0.328125 
3.4248 
4.33301 
1.55469 
1.22461 
2.89258 
2.4209 
-3.54785 
4.06836 
3.13574 
1.94531 
0.492188 
-0.320313 
3.13281 
-6.92188 
-7.69043 
-5.36133 
-7.00684 
0.308594 
3.32227 
-3.15527 
1.62109 
1.94238 
-3.58301 
1.44727 
0.652344 
1.79688 
1.57617 
0.402344 
3.19629 
-0.946289 
-0.604492 
2.29297 
-1.51465 
-1.90723 
0.605469 
-0.342773 
1.57813 
2.95605 
2.43848 
0.746094 
-2.89746 
-3.16406 
3.30078 
-2.35059 
1.70605 
1.15039 
-7.69043 
-0.44043 
-2.78125 
-4.00195 
-6.33301 
-1.67871 
-4.08105 
-3.13086 
-0.93457 
1.93066 
1.93945 
0.322266 
-4.34277 
-2.19531 
4.59277 
2.83105 
-3.83301 
4.27246 
3.46387 
-4.6582 
3.7207 
0.84375 
-1.65625 
1.31641 
1.83203 
2.95313 
-0.830078 
-2.0625 
1.57813 
2.22949 
3.86816 
-2.98242 
2.10547 
-6.75879 
1.15039 
-4.61426 
2.24414 
-6.98535 
2.93848 
-1.06445 
-5.53223 
2.55176 
3.03027 
3.59473 
1.93359 
-0.53125 
-1.54004 
-3.83301 
4.47461 
-4.08691 
3.16699 
1.23633 
-1.65234 
-6.31641 
0.454102 
-2.20313 
-7.69043 
0.881836 
1.95313 
1.33496 
-0.0771484 
1.9502 
-0.428711 
-4.68945 
-1.43945 
1.72266 
-1.44141 
0.888672 
3.93848 
-0.443359 
0.299805 
-3.18262 
-1.41992 
-4.72559 
-1.83398 
3.50977 
-2.15332 
-0.824219 
1.28906 
-3.07422 
0.15918 
1.94141 
-0.854492 
0.374023 
-0.207031 
2.82227 
1.19531 
1.53809 
4.77832 
-2.67676 
-7.69043 
0.984375 
3.76367 
1.07617 
3.5166 
-2.52539 
2.63672 
3.01465 
-6.75879 
0.734375 
1.24316 
-5.39746 
1.08594 
-0.208008 
-0.604492 
-1.21973 
4.50098 
0.850586 
0.424805 
2.51953 
-4.20215 
-5.72949 
1.50391 
2.67578 
3.63965 
0.579102 
3.51367 
-4.31836 
2.46582 
-0.737305 
-3.44629 
-4.65723 
2.20117 
1.33789 
3.73926 
3.31836 
0.415039 
-4.76465 
-3.33691 
-3.62207 
0.341797 
3.81348 
-2.24414 
0.776367 
-2.08887 
-3.20801 
2.32617 
-4.56445 
1.19043 
-0.501953 
4.49805 
1.81445 
2.41113 
-7.69043 
-0.0146484 
0.0195313 
0.441406 
0.751953 
1.6709 
-2.96875 
1.26367 
-0.487305 
-1.86914 
-1.06836 
5.31934 
-2.89941 
-1.11914 
3.25684 
-1.41016 
-5.83691 
3.07813 
1.59375 
1.24512 
0.486328 
2.07715 
-5.92578 
0.104492 
0.245117 
-2.61719 
-0.165039 
-2.37402 
1.03027 
0.913086 
-3.85449 
-5.57813 
-0.334961 
5.12207 
2.04297 
2.31934 
3.97656 
0.564453 
2.43066 
-4.50684 
2.89746 
0.288086 
-1.0459 
2.8877 
0.430664 
2.20801 
4.87695 
4.78125 
-1.80859 
-1.8125 
2.27051 
-0.21875 
2.62988 
-1.34766 
-2.01953 
-3.02051 
0.363281 
-5.50098 
0.126953 
-1.94727 
0.703125 
-3.71875 
-1.24902 
4.44824 
0.737305 
2.07422 
0.405273 
-2.21191 
3.92871 
-3.09863 
-4.02344 
-0.855469 
0.90625 
1.45703 
-2.00195 
1.52344 
1.37891 
1.76074 
3.49121 
-2.86328 
1.01758 
4.4707 
0.0927734 
2.66504 
-1.25684 
-0.941406 
3.69531 
3.00879 
-0.539063 
2.84766 
-2.98242 
0.679688 
2.90039 
-0.0566406 
-0.265625 
-0.0107422 
-5.55273 
-0.0947266 
-0.579102 
-0.834961 
-1.60938 
-1.08301 
2.0332 
-3.43262 
-3.99023 
0.830078 
-1.99707 
1.8418 
0.646484 
3.74414 
0.632813 
-3.09766 
4.00488 
1.86426 
-4.03516 
2.44238 
-1.12012 
3.12988 
3.12305 
1.55957 
-1.36035 
-3.81934 
2.80859 
-0.332031 
3.17383 
-2.16602 
-2.96875 
0.0683594 
1.4375 
1.16016 
-0.90625 
-2.99805 
0.673828 
-4.02734 
-5.39453 
1.24707 
3.55762 
-5.35449 
-3.36523 
-0.619141 
2.12793 
1.00977 
-1.63867 
5.32813 
0.852539 
-2.73242 
5.54492 
-1.08105 
3.09766 
3.94727 
-3.72754 
-2.32031 
2.23926 
-0.592773 
1.68848 
0.954102 
2.46191 
2.27734 
2.63184 
1.00879 
0.469727 
3.95605 
1.37402 
0.00683594 
-1.98438 
2.14648 
-0.161133 
4.70117 
2.27051 
-6.31641 
0.307617 
-2.24414 
1.2041 
2.45117 
1.59668 
-2.29297 
4.28418 
-1.33496 
2.99023 
-0.964844 
-1.6416 
0.649414 
2.50488 
-1.57324 
0.926758 
1.2627 
3.36133 
-0.62207 
2.0625 
0.125977 
0.55957 
-1.24316 
-3.02051 
1.25391 
2.16992 
1.82813 
-1.73242 
-5.69238 
1.66211 
-0.77832 
-3.39063 
0.327148 
2.43066 
-2.39355 
0.426758 
-6.34668 
-0.267578 
-4.97168 
-0.118164 
2.99121 
1.7041 
-3.11426 
-2.91113 
-0.399414 
-5.58984 
-2.58691 
0.734375 
-5.83691 
-4.3584 
3.8418 
-2.56348 
-3.05078 
-2.55957 
-4.99805 
3.81445 
-1.73145 
-3.16016 
-2.89941 
6.51172 
0.290039 
2.25195 
0.52832 
-0.75293 
3.23145 
-2.67383 
-4.70996 
3.58203 
-1.48438 
2.45996 
-4.14063 
-6.48438 
-1.57324 
2.5 
3.28711 
-3.86133 
-4.24219 
0.639648 
1.98047 
1.33984 
-2.19727 
-4.14063 
0.259766 
-0.873047 
-6.0752 
-2.82031 
-1.28418 
1.78613 
-2.95117 
-3.85449 
-1.13477 
0.856445 
3.54395 
0.185547 
-0.654297 
0.650391 
1.80762 
-1.91211 
-1.92578 
4.55566 
-2.87793 
-2.75977 
-2.75977 
0.585938 
0.00585938 
2.63281 
-6.19043 
3.60938 
0.198242 
2.27637 
1.11816 
-0.438477 
-0.710938 
2.87207 
3.72168 
2.62891 
3.2832 
0.990234 
4.41602 
-1.26563 
0.432617 
3.13281 
-0.493164 
2.05566 
-2.41504 
2.34473 
-0.250977 
-3.79199 
-0.454102 
-7.69043 
-7.69043 
1.06152 
1.84375 
3.67383 
1.62109 
1.63184 
1.50781 
1.20703 
-4.00098 
2.74219 
-0.838867 
0.516602 
-4.40332 
-2.22461 
3.42676 
1.0752 
1.0459 
3.81934 
-3.05078 
3.47852 
-6.34668 
-4.80762 
4.90918 
0.539063 
-1.05176 
3.50098 
3.56934 
1.1377 
5.00195 
4.02246 
0.835938 
2.58301 
0.738281 
-1.74023 
4.94336 
0.232422 
2.44922 
-3.27734 
1.21094 
1.93555 
2.90723 
-2.40723 
1.93555 
-3.11426 
-0.733398 
1.06152 
-0.426758 
1.09277 
-0.642578 
0.0820313 
0.856445 
-3.88672 
2.99414 
-4.47852 
4.5625 
0.740234 
-2.3418 
-3.08301 
-2.58008 
0.901367 
1.32813 
0.503906 
0.198242 
3.27441 
-2.51074 
-0.19043 
1.27734 
-0.31543 
-4.08105 
0.231445 
-4.79004 
-2.93457 
0.362305 
-1.49316 
-2.66406 
0.378906 
-7.69043 
2.90918 
3.29883 
-2.61523 
-5.12598 
2.38184 
1.16895 
-1.09961 
-3.14258 
2.37695 
3.00293 
-5.19043 
0.772461 
3.12891 
-0.0673828 
-1.95898 
-1.60156 
-2.79102 
5.11621 
-0.858398 
4.1377 
-0.841797 
-2.63184 
1.48828 
3.76758 
-0.0859375 
4.19043 
-1.37598 
-7.00684 
-2.22363 
3.04102 
-2.16992 
-1.00195 
1.36328 
-3.80273 
2.47949 
1.17383 
-0.458984 
2.39941 
0.555664 
-1.16016 
-2.13672 
-2.47559 
0.0537109 
-1.85156 
-1.56934 
1.80762 
3.24121 
2.9043 
-2.18164 
-2.8584 
-0.0869141 
-1.29395 
3.20996 
2.43652 
1.72461 
1.03906 
0.551758 
2.03516 
-2.13672 
2.7793 
-1.56738 
-0.152344 
2.15039 
-1.03516 
-5.41797 
1.57227 
-0.186523 
4.25684 
2.66016 
-1.29102 
-3.24219 
3.19531 
0.746094 
3.10742 
-0.424805 
-2.95703 
-3.2373 
-1.61816 
0.205078 
1.5332 
2.31641 
-1.9541 
1.08887 
1.86035 
0.6875 
0.144531 
3.3877 
-3.13574 
-6.19043 
-1.02441 
-2.77246 
2.10938 
-2.97559 
2.91504 
4.52246 
-3.69824 
-1.2334 
-2.18848 
3.28223 
0.173828 
-3.05078 
2.11621 
-1.55957 
-0.290039 
-1.66406 
-0.939453 
-5.64453 
3.22266 
2.03516 
4.36035 
0.611328 
4.1416 
1.52637 
3.14063 
2.66406 
-0.964844 
0.602539 
3.41504 
2.12012 
-6.92188 
-0.871094 
0.46875 
3.50977 
-0.704102 
0.705078 
0.367188 
2.09082 
-5.26465 
-0.864258 
0.165039 
3.01953 
0.313477 
-1.81543 
-2.84766 
-6.54785 
0.358398 
-0.271484 
-6.31641 
0.0410156 
1.73535 
2.69824 
1.52148 
-2.77344 
3.32617 
0.84668 
1.77734 
-0.579102 
1.57617 
-3.62207 
-5.55273 
-0.459961 
-5.14063 
2.51953 
-1.01172 
0.858398 
2.70801 
2.80566 
0.379883 
2.08789 
1.62988 
-0.0664063 
1.80176 
4.37891 
1.57422 
1.1123 
1.27148 
-2.87891 
-2.47656 
-1.47852 
3.9541 
2.95215 
1.6084 
-1.6875 
3.01074 
0.0800781 
5.35352 
4.5 
2.53418 
3.24512 
-6.75879 
-3.23242 
-1.57031 
0.608398 
-7.69043 
-5.48828 
2.89941 
2.49512 
0.378906 
-1.91602 
1.46191 
4.47656 
-5.77344 
-0.90625 
2.93164 
2.22363 
2.11426 
0.470703 
1.62598 
0.938477 
1.0127 
-7.00684 
3.23438 
0.553711 
-2.54688 
1.88965 
-1.125 
-3.15234 
-4.26465 
-3.3125 
1.71289 
0.628906 
4.35547 
0.916016 
-7.00684 
-3.35742 
-4.61426 
-1.99121 
0.543945 
-1.71094 
0.573242 
2.2998 
-0.0146484 
-7.69043 
0.313477 
-0.338867 
1.05957 
0.251953 
1.33301 
2.01465 
-4.82422 
0.818359 
0.237305 
-0.0078125 
-0.538086 
0.404297 
-4.80762 
-2.55371 
1.0127 
-0.644531 
0.616211 
-5.39746 
-3.4873 
-7.69043 
1.2959 
0.577148 
-0.914063 
0.375 
-1.9209 
-0.0673828 
1.125 
0.119141 
-4.15723 
1.02441 
-3.3291 
-1.08496 
-2.35645 
2.14063 
1.46484 
0.441406 
1.08691 
-2.39844 
-0.736328 
-2.81934 
-2.27734 
2.77246 
-2.15625 
-3.16504 
1.61035 
2.87012 
1.41699 
2.37305 
1.95801 
5.28027 
-6.98535 
-5.57813 
1.91016 
-5.39746 
-3.24023 
-0.322266 
-3.8457 
0.694336 
1.12207 
-1.31055 
2.12695 
-2.69727 
2.94531 
1.36426 
-1.44629 
1.62598 
-0.0673828 
-2.16699 
-3.8418 
0.652344 
-1.56738 
0.389648 
2.21582 
4.7168 
2.11035 
-0.242188 
-3.80273 
-0.866211 
3.71191 
-1.23242 
-0.633789 
-0.31543 
-3.71875 
-0.832031 
1.36621 
1.5625 
4.45605 
0.90625 
1.02148 
-3.84863 
-1.87891 
-4.90918 
4.65625 
-0.743164 
-1.34766 
0.101563 
-1.10352 
-1.48047 
-2.44531 
-0.116211 
-1.83789 
-5.39453 
-1.93262 
3.63379 
1.66016 
0.375 
1.05078 
-1.125 
0.950195 
3.27441 
0.614258 
2.20801 
-0.172852 
-0.760742 
1.85156 
0.28418 
1.69824 
-0.482422 
-0.249023 
-3.07129 
-0.90332 
-5.34668 
3.18555 
-2.26563 
1.34668 
0.416016 
-3.94727 
-1.69336 
2.28223 
2.69336 
-2.95605 
-4.92188 
3.4502 
0.917969 
0.118164 
-3.3584 
-3.54395 
0.445313 
-1.70801 
2.21289 
0.104492 
-2.74121 
0.518555 
-2.84863 
1.0332 
3.25391 
1.14941 
-2.44531 
-0.500977 
-0.548828 
2.33887 
1.3418 
3.71582 
3.7002 
-3.31152 
2.10938 
-1.24707 
-3.68555 
-0.15918 
3.05566 
0.0263672 
2.07813 
2.00781 
-1.14941 
-2.73828 
1.60547 
0.631836 
-0.0820313 
-0.0419922 
0.308594 
0.923828 
-0.328125 
4.23926 
-0.353516 
-1.84668 
-0.77832 
-4.80762 
1.03223 
4.20703 
1.10938 
-3.22461 
2.73438 
-0.238281 
-0.354492 
0.274414 
-2.21289 
1.87891 
4.56641 
-3.87305 
-1.8584 
4.84766 
3.87402 
-1.20215 
-1.74121 
-1.56738 
-1.26953 
2.46777 
-2.97559 
-1.95801 
-2.02051 
0.238281 
0.913086 
-1.03418 
-5.11035 
0.625 
1.46191 
-0.839844 
0.916016 
1.05371 
2.13477 
-3.63965 
-2.73242 
-0.0517578 
-3.88086 
-4.00098 
-2.88477 
0.308594 
-1.44727 
-1.04395 
1.16504 
2.79492 
1.42969 
3.12598 
0.804688 
1.77246 
-3.15234 
-4.52539 
-2.42676 
-4.04883 
-1.30664 
3.32129 
0.535156 
-1.9834 
-0.364258 
-3.96191 
-1.67578 
1.98242 
1.75195 
1.78906 
0.37207 
-4.6582 
-2.12207 
0.382813 
1.13867 
0.0283203 
1.04785 
0.84375 
-0.486328 
-1.99316 
0.0322266 
-0.975586 
-1.0791 
-0.579102 
-1.47754 
0.560547 
-3.29199 
-2.15918 
2.25098 
-0.870117 
-3.54688 
-2.99805 
0.0166016 
1.54883 
1.21484 
0.288086 
3.09668 
4.36426 
-0.967773 
1.27246 
-0.401367 
-0.62793 
-2.31152 
0.708984 
1.51465 
4.17969 
1.4209 
3.65723 
1.24023 
-3.96777 
3.42676 
1.69238 
1.32129 
3.76074 
1.0127 
-4.42578 
3.38574 
-6.41309 
2.59668 
1.57031 
-0.625977 
1.26074 
0.360352 
-1.53516 
1.74023 
-2.0127 
-4.02344 
1.04297 
3.53711 
-4.94043 
3.69141 
-1.83301 
1.02051 
-1.80371 
-4.00586 
1.0625 
-5.41797 
0.975586 
-2.70801 
-0.500977 
5.72461 
-0.151367 
3.73047 
2.30566 
1.88477 
4.51758 
2.11426 
0.948242 
-3.69824 
-2.60742 
-1.40137 
4.36719 
-2.22266 
-2.66992 
4.33105 
-0.597656 
3.68359 
4.11914 
-6.62402 
0.848633 
3.94824 
-0.579102 
1.46973 
-0.941406 
-0.99707 
-1.70215 
0.941406 
-1.51465 
-0.200195 
3.20215 
2.18555 
-1.50195 
0.114258 
1.16016 
4.32031 
2.0332 
3.8623 
-1.00977 
-2.17285 
2.75098 
-5.12598 
1.21582 
0.59375 
3.0498 
3.00098 
-2.74121 
1.16699 
3.08008 
-2.75488 
4.69531 
-1.55957 
-5.96973 
5.11328 
3.81934 
-5.39746 
-5.2041 
1.17578 
2.51172 
-1.35156 
-1.41113 
1.60449 
-2.33203 
-3.01367 
-2.3418 
2.0498 
3.77344 
1.74805 
-7.00684 
2.31055 
-1.2998 
-0.354492 
-2.80469 
-1.79492 
-2.0166 
1.88672 
-5.41797 
-5.25684 
-2.95117 
-1.13281 
0.481445 
-3.08301 
3.77246 
-4.6123 
1.70898 
0.65918 
2.2002 
-2.48828 
2.18359 
1.0498 
-1.14844 
2.62402 
-3.38281 
-1.10645 
2.53223 
-2.59863 
-3.69531 
-4.96094 
0.808594 
-1.02832 
-7.69043 
-4.24219 
2.18848 
-2.45801 
-0.611328 
-6.2832 
3.72656 
-2.56738 
2.48438 
0.523438 
2.64551 
0.949219 
0.597656 
-1.06641 
4.10742 
2.93359 
4.20996 
-3.97754 
-2.0127 
0.597656 
-3.23242 
2.02637 
3.53906 
1.79395 
-2.46875 
-3.3125 
-2.35449 
-5.41797 
4.54004 
2.31348 
-5.39746 
-5.83691 
1.08789 
2.40918 
-2.5127 
0.44043 
1.41211 
-4.71094 
-1.79395 
-0.280273 
-1.8877 
-0.0253906 
-1.81934 
1.21094 
1.94629 
-0.217773 
1.61035 
-5.23828 
1.21973 
0.0263672 
0.639648 
-1.20508 
-3.02051 
1.36328 
-0.546875 
-2.2627 
2.26172 
1.36523 
-2.375 
-2.07324 
-5.86426 
5.37109 
1.65234 
3.08008 
1.60547 
-3.59375 
-0.357422 
1.27637 
2.64453 
-3.3125 
-3.31934 
-6.0752 
-0.142578 
0.547852 
1.02344 
-4.76465 
2.99609 
3.85742 
-1.32715 
3.73047 
-4.04785 
-2.94238 
3.19629 
1.13379 
-0.360352 
0.464844 
-1.56055 
-4.52539 
0.50293 
-6.48438 
1.50879 
0.318359 
0.219727 
2.30957 
-3.10156 
-3.19141 
-0.0605469 
-2.58984 
0.231445 
3.13574 
-1.58398 
-0.145508 
3.16211 
3.98828 
-1.52637 
1.59375 
2.82031 
-6.34668 
1.00586 
2.52148 
4.10645 
-0.428711 
-1.48438 
1.1084 
3.05371 
0.501953 
-0.538086 
-5.35449 
-6.48438 
3.0 
-2.62207 
1.78613 
2.36133 
2.17969 
0.324219 
-3.05078 
-2.60352 
-1.40137 
-1.70313 
1.98535 
1.50391 
-1.0625 
-0.104492 
1.93359 
1.16504 
3.24414 
0.547852 
-4.35059 
2.4873 
1.28223 
1.1875 
-6.41309 
1.6416 
0.920898 
0.853516 
0.329102 
-0.242188 
-1.49414 
-0.414063 
2.90039 
-0.473633 
3.02051 
0.338867 
-0.371094 
0.651367 
-7.69043 
2.27148 
-1.23242 
-0.5625 
0.229492 
-1.41602 
3.37012 
1.12012 
-1.37305 
-4.08105 
1.25684 
-1.18457 
-5.14063 
2.73828 
-6.06445 
1.53027 
3.66113 
4.31934 
-2.56543 
-3.00195 
0.224609 
-0.936523 
3.77734 
1.22754 
-3.56348 
-2.58789 
0.435547 
1.36426 
4.38477 
-0.762695 
-4.14844 
-1.47559 
0.102539 
0.682617 
-3.13184 
3.00781 
3.76758 
0.84375 
1.01465 
0.595703 
-3.61328 
-3.07422 
0.942383 
-0.78125 
1.12109 
-2.6875 
1.27637 
-1.1748 
-1.11914 
0.969727 
4.62305 
0.874023 
0.126953 
3.65918 
2.75488 
-1.11328 
-1.28711 
-5.06934 
3.88184 
1.88184 
3.47656 
1.59766 
-6.75879 
2.62793 
-2.90625 
3.03809 
-0.396484 
3.5166 
-0.874023 
-5.8584 
4.18945 
-1.37695 
-1.48047 
-0.157227 
-4.34863 
-2.71582 
-3.36523 
0.958984 
-0.706055 
0.854492 
4.4209 
-3.35742 
-5.72949 
1.87988 
0.873047 
0.579102 
-2.84961 
-2.56543 
0.183594 
-3.55957 
3.9248 
-1.60938 
-3.35742 
1.67383 
-1.67773 
1.08789 
2.38867 
-0.916016 
0.90625 
-0.859375 
1.92676 
-2.72363 
0.707031 
-0.0195313 
2.04004 
-1.12598 
2.42188 
3.12109 
1.65332 
-1.08008 
-3.05176 
2.02344 
-2.44531 
0.443359 
3.16699 
3.31641 
-2.17383 
-1.33789 
-1.70801 
-7.00684 
-6.67188 
-2.62207 
-2.37402 
2.77637 
-3.39063 
0.813477 
-0.442383 
4.53125 
-6.62402 
1.07324 
-1.19336 
1.78711 
-1.22363 
4.03711 
0.529297 
0.949219 
-3.91797 
1.45898 
-0.705078 
1.24609 
-3.36523 
-3.42871 
-1.21289 
1.50488 
-1.47559 
-0.423828 
1.4541 
-0.681641 
2.5752 
0.522461 
3.58203 
-4.33594 
-1.44531 
1.02734 
-1.06055 
0.754883 
-0.662109 
-7.69043 
-0.716797 
-5.22363 
-2.18848 
-2.66699 
-3.02539 
-5.38477 
-4.93945 
-2.43359 
-5.56445 
1.32227 
-6.62402 
-0.143555 
1.58301 
-2.34473 
-0.802734 
-0.0429688 
1.48047 
-5.35449 
0.25 
0.0566406 
1.09766 
1.81934 
-2.53027 
0.488281 
-3.22461 
0.135742 
0.317383 
2.30859 
0.817383 
-0.258789 
2.75684 
3.34668 
-1.76172 
1.56836 
-4.03516 
-1.1875 
2.01465 
-3.36523 
-0.488281 
-1.45117 
-7.00684 
-0.121094 
5.12305 
0.732422 
-2.24414 
1.74121 
1.71484 
3.27246 
0.806641 
-5.47559 
-1.99316 
0.768555 
-4.84863 
1.77832 
1.99805 
2.97754 
-2.41699 
0.954102 
3.10742 
-1.02539 
-0.629883 
-2.25293 
-2.95703 
3.10254 
0.793945 
-2.54883 
0.992188 
2.11035 
2.53027 
-1.64258 
-1.88965 
3.83301 
0.867188 
-1.75098 
1.00586 
-2.67676 
3.96973 
1.53027 
-5.42188 
1.81152 
-0.587891 
3.43457 
0.270508 
1.32715 
1.22363 
2.89551 
1.30176 
-3.36523 
1.24023 
2.35449 
1.88574 
-5.33594 
-7.69043 
1.66211 
-6.19043 
0.710938 
2.0332 
2.75293 
4.7168 
0.720703 
-0.914063 
-3.26465 
-1.94531 
-1.49609 
1.95703 
2.17188 
-0.697266 
2.28223 
-4.62891 
-4.66992 
-0.779297 
-0.649414 
1.84863 
2.96875 
-6.62402 
2.27148 
0.401367 
1.91406 
-2.45605 
2.53906 
-3.74805 
3.4248 
-0.610352 
3.63672 
3.18359 
2.22656 
-0.453125 
1.45898 
-6.73828 
-0.535156 
-3.11426 
3.25 
1.30762 
2.87793 
2.94336 
0.251953 
-1.72559 
-6.92188 
1.02344 
-5.69238 
0.96875 
-1.3125 
4.87793 
-5.25 
2.06445 
-3.43359 
1.83301 
-2.17676 
3.86816 
0.685547 
1.21777 
2.53516 
3.27246 
-1.83789 
1.33789 
-2.80957 
-4.03516 
1.28711 
-1.52832 
-0.662109 
2.26563 
-4.05957 
1.46777 
-6.48438 
2.7168 
2.06152 
-2.51465 
-0.185547 
2.16016 
4.2041 
-3.1377 
-2.80176 
2.64355 
-2.19043 
-1.70313 
-2.80078 
-5.15332 
-2.05664 
3.09277 
-3.76074 
-1.75293 
-4.62891 
-0.472656 
0.759766 
1.01172 
-0.00585938 
1.5957 
2.16016 
-2.05371 
5.66895 
-0.763672 
-1.56738 
-1.63477 
2.06445 
-2.99805 
1.00195 
0.120117 
2.95313 
-3.3584 
1.68359 
-1.01367 
-2.71191 
-2.69434 
-5.61133 
-6.62402 
3.15137 
0.160156 
1.67871 
2.64941 
0.364258 
0.231445 
-3.84863 
-4.46582 
1.98535 
-0.986328 
2.80762 
-2.62891 
3.05566 
0.314453 
0.959961 
-4.97168 
-0.547852 
2.80762 
-1.36328 
0.636719 
-5.98828 
1.99512 
2.16211 
0.499023 
0.564453 
-6.48438 
-3.75684 
-2.86426 
-6.19043 
-2.47559 
-0.350586 
3.66602 
1.51465 
2.19922 
-2.8584 
3.75098 
3.65039 
-1.66992 
0.0273438 
-2.88477 
3.42871 
3.85645 
-5.41797 
3.53516 
2.32715 
-3.22461 
1.80371 
-3.36523 
1.63477 
-2.61328 
-3.63965 
-0.762695 
-1.92188 
2.01953 
1.41406 
-5.43066 
-1.93555 
-3.2168 
-1.31641 
1.46289 
0.954102 
0.56543 
-1.49512 
-3.99023 
1.78516 
-0.443359 
0.509766 
3.04883 
-0.433594 
0.448242 
-1.79785 
1.89063 
2.32227 
2.63281 
1.53223 
-0.338867 
-7.69043 
3.86133 
0.134766 
1.12891 
2.05957 
-1.36035 
0.212891 
0.185547 
3.18066 
-3.78906 
-4.38574 
1.46289 
1.91406 
3.04785 
-1.31641 
1.37402 
1.08398 
3.27637 
1.39063 
2.19434 
2.55859 
-0.775391 
3.44727 
1.64648 
1.47461 
-0.875977 
-2.25195 
0.981445 
2.89063 
-1.54199 
-1.18457 
-6.06445 
0.208008 
1.85352 
2.24805 
1.71191 
-2.45898 
-0.197266 
0.494141 
2.23145 
1.46289 
-5.28711 
-1.73633 
-0.823242 
2.61719 
-3.83496 
1.0459 
-2.33887 
-0.875 
-3.30664 
2.58398 
-0.779297 
1.9834 
3.95801 
0.522461 
-0.683594 
-1.6123 
-0.399414 
-2.42676 
1.0166 
-3.99023 
-3.28027 
0.719727 
-4.20215 
-1.17773 
1.01758 
1.63574 
-7.69043 
0.824219 
2.4082 
-0.514648 
1.54395 
5.15332 
-7.69043 
-2.66016 
3.75586 
4.01855 
2.71094 
-7.69043 
-0.547852 
3.8916 
-2.16992 
3.27637 
-1.27734 
-2.56152 
0.330078 
3.79004 
-1.51855 
-0.487305 
-1.28809 
3.16406 
-1.64258 
-3.78223 
-0.148438 
3.82422 
-3.20801 
-4.57031 
-2.89746 
-6.34668 
1.4375 
2.08105 
-3.73828 
3.43066 
-1.56445 
0.808594 
-3.19141 
2.70215 
3.92188 
2.74805 
-0.591797 
1.84766 
-2.10742 
3.09277 
-1.70801 
0.780273 
-2.35352 
-7.69043 
-3.45703 
-2.38379 
-2.94434 
0.779297 
-2.20508 
-6.64355 
-1.80469 
0.0283203 
-5.25 
-4.75684 
1.61914 
-5.63281 
1.25098 
-7.69043 
-2.29688 
-7.69043 
-2.42578 
2.10352 
0.0830078 
2.42676 
-0.0332031 
-3.12891 
1.5791 
-1.81934 
-3.52637 
-2.08887 
-0.726563 
2.35742 
0.320313 
1.16309 
3.64355 
-3.27832 
-1.7334 
-2.19336 
-3.60156 
-7.69043 
-5.27051 
1.80859 
-0.493164 
2.30762 
4.85156 
2.8291 
-4.76465 
3.07715 
1.02441 
-5.23145 
-5.13281 
3.0918 
-0.00976563 
0.286133 
-3.81934 
0.935547 
-2.37891 
2.06055 
-1.86816 
-6.19043 
-5.39453 
3.28809 
-6.19043 
0.857422 
0.5 
2.17383 
3.88281 
0.577148 
-0.225586 
-5.22266 
0.652344 
-3.36523 
2.33203 
-6.06445 
0.751953 
-4.05957 
4.56152 
2.23535 
-7.69043 
3.36914 
-1.79492 
-5.28027 
-0.163086 
4.21973 
2.16602 
-3.9541 
-7.69043 
0.526367 
1.10547 
-2.96875 
1.36328 
0.0595703 
2.97852 
3.25 
2.2041 
-0.974609 
-2.81445 
-6.34668 
2.36133 
-1.22363 
-1.33008 
-4.125 
-5.66309 
3.36621 
-5.11035 
0.595703 
-3.41895 
-1.65527 
-1.23926 
-4.37891 
-0.457031 
1.2959 
1.00098 
3.15918 
-2.80957 
2.32227 
-4.02344 
-3.77051 
-0.288086 
-1.29785 
-0.806641 
-3.55957 
1.81543 
-4.76465 
-7.69043 
-2.16992 
3.36133 
-4.70117 
0.376953 
3.24121 
-6.54785 
3.0498 
-4.08105 
-3.98047 
0.467773 
1.87988 
1.21777 
-0.993164 
-3.26953 
4.8125 
3.20215 
1.46484 
1.91504 
-0.946289 
-6.05469 
-4.32129 
1.83984 
2.43848 
3.60547 
2.08008 
0.998047 
-5.74023 
-2.08789 
1.00098 
2.94531 
-1.41602 
-3.89746 
2.38184 
-2.21094 
3.44824 
-4.07715 
0.949219 
-6.75879 
0.101563 
3.21582 
1.23633 
0.0800781 
-1.33789 
2.1084 
-3.93848 
3.125 
4.22266 
0.404297 
-7.69043 
-0.333008 
-2.80469 
0.84668 
1.11621 
-0.243164 
5.0293 
2.47949 
-4.13281 
-5.90332 
-1.07422 
2.33203 
1.67969 
1.53711 
-3.75195 
-1.97168 
-1.98438 
3.77344 
2.76367 
2.875 
-5.17188 
-0.488281 
4.17969 
-1.33301 
2.54492 
1.34863 
-4.0752 
0.0976563 
-3.20703 
-3.4082 
1.34082 
-3.96191 
1.21387 
-0.677734 
0.981445 
-2.67969 
-5.55273 
-2.73242 
3.69824 
-1.53809 
0.0791016 
-2.52734 
-1.23242 
3.07813 
1.13281 
0.768555 
-4.7832 
1.85449 
0.974609 
-0.873047 
-4.19531 
1.08496 
-2.375 
3.62207 
-6.48438 
-2.06348 
-1.13086 
-2.89746 
2.10742 
0.819336 
-0.0947266 
-0.351563 
-2.2334 
1.11621 
1.76758 
3.37109 
-4.2998 
-0.917969 
0.707031 
2.875 
3.4502 
1.2998 
3.93555 
-0.0839844 
1.05762 
-0.77832 
1.95898 
3.27344 
0.798828 
-3.07129 
-6.54785 
1.1748 
-5.36133 
-3.16309 
-6.31641 
3.09766 
-6.48438 
1.1875 
0.223633 
-2.89258 
4.22754 
0.0595703 
3.46973 
-1.4209 
0.472656 
0.355469 
1.03125 
-4.68066 
0.472656 
-4.37891 
0.728516 
3.53906 
1.39746 
-1.8252 
-1.48926 
0.849609 
3.44922 
0.922852 
-3.62598 
1.71484 
0.475586 
-0.390625 
1.06152 
1.7666 
-3.3584 
0.672852 
2.97363 
-1.98633 
-3.81934 
2.57227 
0.810547 
-1.22363 
-3.68555 
1.33301 
2.12988 
3.43848 
2.44629 
0.801758 
3.0459 
0.224609 
3.20703 
3.13086 
5.45605 
-0.248047 
-2.70117 
1.12891 
-7.00684 
2.94141 
4.68652 
0.150391 
0.623047 
2.99121 
3.32813 
-0.0449219 
3.56934 
-2.84961 
-1.27734 
-0.576172 
-5.98828 
-7.69043 
-5.26953 
0.395508 
-0.236328 
0.505859 
-6.41309 
1.0 
-1.86816 
-7.69043 
-1.27734 
-3.16406 
-2.92969 
2.1543 
2.67578 
-0.396484 
-2.62598 
-5.05762 
2.07813 
1.49219 
1.74023 
0.510742 
0.541992 
2.89258 
0.97168 
4.09473 
0.4375 
2.4082 
0.355469 
-2.49219 
-1.43945 
1.91309 
2.20313 
2.50586 
-1.63379 
0.558594 
-0.571289 
-0.732422 
0.299805 
1.68359 
-3.50098 
0.826172 
0.866211 
-4.40527 
-0.223633 
-4.28809 
3.64063 
4.74219 
-6.31641 
-2.75488 
0.597656 
5.125 
-0.699219 
2.27344 
-1.52539 
5.86133 
-0.0546875 
-5.13281 
-0.0488281 
-5.12598 
1.28906 
0.567383 
-1.08887 
2.58594 
0.65332 
-5.3418 
-1.53809 
-1.14648 
-0.772461 
-4.63086 
-2.83984 
2.36426 
-0.201172 
-5.54785 
-5.43066 
0.337891 
-1.5752 
-1.7793 
1.53809 
1.02051 
1.90527 
0.814453 
-3.55957 
1.33301 
-3.93066 
-2.65332 
-2.54102 
3.36035 
2.4707 
-3.44629 
0.0 
0.709961 
4.80566 
0.807617 
0.987305 
3.37598 
2.28125 
2.79688 
1.78613 
1.62598 
-2.00488 
-0.822266 
-5.02832 
1.45898 
4.01367 
0.513672 
2.19238 
2.81348 
0.110352 
0.740234 
-0.919922 
2.82227 
-0.439453 
2.88867 
-3.8457 
-1.77832 
1.94727 
2.7998 
-0.134766 
2.04688 
2.90527 
-2.44922 
1.43555 
0.373047 
0.810547 
0.938477 
2.8877 
0.0507813 
-4.35059 
-5.00488 
-3.47168 
1.40234 
-1.89551 
1.45508 
-6.48438 
1.87695 
2.41211 
0.804688 
-1.05762 
0.535156 
0.734375 
3.62695 
-4.47559 
-5.49121 
2.44727 
2.69336 
2.83887 
4.66309 
-2.29883 
1.13867 
4.77832 
-2.67676 
2.55859 
0.0517578 
4.47656 
-3.25684 
2.75293 
2.17285 
-1.11914 
-4.02344 
5.02832 
3.60742 
-0.483398 
2.50293 
1.23242 
4.64746 
1.99023 
4.16504 
2.21777 
2.55664 
-5.27344 
3.11719 
3.78125 
-0.850586 
0.245117 
2.58594 
3.67383 
3.5332 
-2.06738 
-4.8584 
-2.62891 
1.38965 
-1.85059 
2.80371 
-0.141602 
-2.28711 
0.320313 
-3.46582 
1.13867 
1.34277 
1.41504 
4.72461 
-4.47559 
3.50098 
-3.96191 
0.62207 
-3.22461 
2.26855 
3.33594 
0.671875 
4.41504 
-3.05859 
0.87793 
1.5 
0.375977 
-0.0966797 
1.36621 
-1.72852 
3.23047 
-1.66797 
1.52539 
-5.11035 
2.79883 
-0.0683594 
1.60742 
-1.41113 
1.58594 
0.412109 
-1.50293 
0.943359 
-1.14355 
-1.24121 
-1.82422 
-3.78613 
0.124023 
4.12012 
-1.10059 
2.13574 
2.85059 
2.64844 
1.05371 
-2.60742 
3.2959 
3.58691 
3.73828 
-1.38477 
1.46875 
2.02832 
2.58496 
1.04688 
-1.47559 
1.6377 
3.47852 
-3.81934 
4.00684 
3.73535 
-2.1582 
-4.9209 
0.269531 
4.95703 
-4.93945 
0.675781 
-7.69043 
0.320313 
-3.91504 
-3.01465 
2.4082 
2.63672 
-2.75293 
2.1709 
0.0429688 
0.804688 
-0.850586 
-1.91602 
2.67188 
1.01172 
1.78613 
-0.386719 
0.286133 
2.00098 
-1.41504 
4.83008 
-6.54199 
2.53223 
-2.42871 
-2.08887 
0.0722656 
0.901367 
4.48438 
0.606445 
0.728516 
-2.70117 
-2.89746 
0.56543 
0.328125 
-3.91797 
3.51855 
-1.81738 
-2.25781 
0.467773 
3.71289 
2.59863 
0.879883 
-2.86035 
-3.96191 
-6.31641 
1.75098 
-5.61133 
2.82227 
-2.30859 
3.18945 
-1.65234 
-2.67676 
-1.72461 
-4.05957 
-2.42871 
-3.55957 
-0.901367 
1.37891 
1.22363 
-4.01074 
1.08496 
-2.64648 
-2.38477 
-2.67676 
0.371094 
3.00488 
-2.58008 
0.693359 
-2.24609 
-0.507813 
2.22852 
3.02051 
2.80566 
0.0507813 
-2.41309 
-2.49414 
3.3457 
-1.75098 
-2.67871 
4.51465 
-1.8252 
-6.62402 
-7.69043 
1.0791 
-6.62402 
-0.413086 
0.506836 
-7.00684 
1.4873 
2.69824 
0.580078 
5.33398 
-4.44922 
0.724609 
-7.69043 
1.82129 
3.27051 
1.22559 
1.78027 
-4.93945 
-1.21094 
0.333008 
0.452148 
-2.12891 
-2.00098 
-3.13086 
-4.02344 
-2.8584 
3.24707 
-5.60547 
2.30273 
-5.83691 
-1.82031 
-1.07422 
3.19238 
1.90234 
2.65918 
1.95508 
-2.30273 
-0.431641 
-1.56445 
3.83691 
3.23828 
1.45898 
4.00391 
-1.39063 
-0.783203 
0.920898 
-1.8584 
-4.96094 
-0.228516 
-2.1748 
-5.57715 
1.2832 
0.959961 
1.96582 
2.3623 
0.318359 
-3.55957 
2.45703 
2.02051 
0.94043 
2.62695 
0.0507813 
-4.03516 
-3.31836 
0.666016 
2.17578 
4.44629 
0.84375 
0.691406 
-0.410156 
2.40039 
-2.04199 
-2.30859 
2.48242 
-6.41309 
-0.611328 
4.09082 
-2.89746 
-7.69043 
-1.81445 
1.25391 
1.2998 
-3.21191 
0.603516 
2.69434 
-6.2832 
-0.463867 
1.44238 
-6.98535 
0.442383 
-2.8584 
4.33008 
-4.27539 
-3.68555 
-1.74219 
-0.762695 
-5.26855 
3.43555 
1.83008 
-2.67969 
-7.69043 
1.08984 
-4.9209 
0.902344 
1.56836 
-1.80859 
-0.310547 
1.03027 
1.29004 
4.61328 
2.85449 
3.52051 
1.0918 
-0.101563 
-3.99805 
-0.00683594 
1.50391 
0.232422 
-3.2959 
2.2627 
-4.21973 
2.98047 
-1.61523 
1.41504 
2.89746 
1.5166 
3.30078 
-0.222656 
-2.38086 
-4.98438 
-1.46387 
-6.34668 
-3.29102 
2.61523 
1.8623 
4.55859 
1.70117 
-0.0664063 
2.80273 
-3.16406 
-2.14551 
1.05371 
-1.09961 
-1.04102 
3.07227 
1.75195 
1.58301 
3.70703 
1.17285 
0.673828 
-2.16895 
1.46484 
-2.61133 
3.28027 
0.769531 
1.1748 
1.45215 
1.1377 
-1.95117 
1.1543 
-3.79199 
-6.54785 
-6.31641 
-0.308594 
-0.696289 
0.280273 
-1.56738 
0.707031 
-1.95313 
-5.13184 
-0.976563 
-1.7334 
-2.18555 
1.38672 
3.18359 
0.121094 
2.27051 
3.26367 
3.0166 
2.07324 
-0.257813 
-0.0537109 
3.27246 
2.85645 
-1.12988 
0.442383 
-2.40918 
-1.87695 
3.82617 
2.41602 
-3.3584 
3.78125 
1.12891 
-7.69043 
0.274414 
2.30762 
3.81543 
-5.35449 
0.0820313 
1.34082 
-3.35742 
1.59766 
-3.16406 
3.18164 
2.92285 
1.8584 
-4.08691 
-2.30859 
4.02148 
-2.48438 
0.155273 
0.901367 
0.817383 
-0.556641 
-3.90918 
1.67285 
-1.29297 
-3.7207 
-2.95117 
-2.72266 
2.77441 
-6.67188 
2.16504 
-0.265625 
2.63477 
1.66602 
4.24414 
2.78223 
0.911133 
0.297852 
3.08594 
1.05078 
1.46484 
1.69434 
-0.950195 
0.332031 
2.00879 
-1.90527 
2.53125 
1.18652 
4.53027 
2.29297 
-3.27148 
-0.494141 
-3.08301 
-3.35156 
-2.16699 
-1.25391 
-0.142578 
1.83691 
-0.429688 
-3.33691 
2.37891 
0.0878906 
-5.63281 
-4.58594 
2.47363 
-1.75391 
0.564453 
-3.11816 
-4.50195 
-1.47656 
0.950195 
0.72168 
-1.44922 
3.21484 
-1.79004 
-4.42383 
0.0214844 
-2.20605 
0.0400391 
3.61035 
1.12109 
-3.97266 
2.1084 
-3.4873 
-1.05273 
3.11133 
-2.73535 
-3.97559 
2.62695 
2.16211 
1.43066 
3.12305 
-1.96289 
2.16406 
1.68359 
-2.93945 
0.477539 
3.50391 
-2.44336 
-3.81934 
0.352539 
1.52441 
1.40625 
-0.794922 
1.05273 
3.99805 
0.303711 
-5.8584 
1.16309 
0.90625 
-1.36914 
0.90918 
-1.83984 
2.43066 
2.40332 
-2.01465 
-2.24609 
2.05957 
-0.648438 
-1.54004 
-3.45703 
0.857422 
-5.22363 
-2.76855 
1.60449 
0.0253906 
1.69141 
-1.18848 
1.98828 
-2.97559 
-2.8623 
-0.757813 
2.1543 
0.25293 
0.233398 
1.93066 
1.13965 
-6.67188 
3.38184 
2.35938 
2.95508 
1.12207 
2.66602 
1.17969 
0.775391 
3.73535 
1.07324 
-2.49316 
5.42383 
1.35059 
1.72363 
0.172852 
1.12793 
-0.147461 
-0.74707 
0.558594 
3.09082 
3.9248 
2.33496 
0.749023 
0.888672 
1.63086 
-1.9834 
3.19238 
-0.0537109 
-2.67969 
0.753906 
-6.19043 
-2.29199 
-1.21582 
1.18066 
-6.75879 
-0.745117 
0.00976563 
-2.58789 
1.63379 
-0.485352 
3.60059 
4.56055 
-1.32715 
-0.635742 
-4.05859 
2.47168 
1.67285 
-0.0683594 
-4.15332 
4.29297 
-4.01074 
1.49219 
-5.61133 
0.824219 
1.83203 
0.881836 
0.679688 
-0.357422 
1.00586 
-2.62305 
-1.28809 
-1.375 
1.67383 
3.07813 
-2.61621 
3.74902 
-4.42285 
-1.8584 
0.669922 
2.28711 
-7.69043 
-0.431641 
1.99219 
-4.67285 
-5.35938 
0.364258 
1.78906 
-7.69043 
2.34082 
1.60742 
-1.62988 
-5.41797 
1.22559 
-0.307617 
-2.37793 
2.89453 
2.93848 
4.63184 
1.53223 
3.66113 
-5.13281 
-0.362305 
0.491211 
-3.3584 
1.36035 
2.22559 
0.705078 
-0.259766 
-0.198242 
1.16016 
-2.28223 
2.45898 
3.47852 
2.25 
-0.672852 
-4.73242 
-0.383789 
-7.69043 
0.370117 
-0.619141 
0.682617 
1.95801 
-2.74609 
2.3125 
0.290039 
-5.07715 
0.133789 
1.32813 
-0.0175781 
2.55762 
-0.662109 
0.492188 
0.523438 
1.16992 
-1.31738 
1.77539 
0.882813 
2.9668 
2.06152 
4.5293 
-2.67969 
0.394531 
0.492188 
-7.00684 
-0.829102 
-0.688477 
-3.3584 
-0.974609 
-3.50293 
0.455078 
-5.54785 
2.61133 
-5.7793 
-0.755859 
-1.85352 
1.83203 
-1.50684 
2.54688 
-5.66309 
-2.47168 
1.75781 
1.68359 
0.966797 
-0.335938 
1.32227 
-0.542969 
0.0527344 
-2.18555 
-3.11426 
-2.52344 
-1.99121 
-1.6416 
-3.70703 
2.13965 
-2.88477 
0.598633 
-1.6416 
-5.95996 
2.97754 
0.0664063 
-0.724609 
2.1709 
0.299805 
2.44629 
2.81543 
1.09766 
1.37695 
0.938477 
-6.75879 
-6.06445 
2.14648 
-0.0664063 
-4.14063 
-2.47168 
-0.0849609 
-1.95898 
0.373047 
-2.21875 
-3.55957 
2.44824 
4.3877 
-0.382813 
0.518555 
0.880859 
-2.95605 
4.52148 
1.65527 
-3.15234 
-5.46094 
1.43262 
-2.36426 
-2.07715 
-5.80078 
0.224609 
-3.35742 
-1.71094 
0.15918 
-0.970703 
-3.05078 
-2.67871 
0.472656 
3.49902 
0.245117 
1.36621 
3.62109 
-2.00684 
1.83887 
-0.518555 
1.12207 
0.263672 
1.95117 
-2.36035 
3.5625 
-2.77246 
-5.3418 
1.81152 
2.93457 
2.10449 
3.96484 
1.31055 
0.526367 
1.95898 
-4.90918 
-2.18555 
-0.518555 
-3.80273 
-3.28418 
-1.33008 
0.493164 
2.37891 
2.89844 
0.714844 
1.19043 
-0.494141 
-5.53223 
2.30176 
-4.07715 
-6.73828 
0.332031 
3.0498 
3.23145 
-3.20703 
-2.33594 
-2.62207 
1.96582 
1.20703 
2.9248 
1.66406 
0.560547 
1.19238 
2.12695 
-6.2832 
-3.19824 
-0.137695 
2.3457 
1.51074 
1.8252 
-0.647461 
1.29297 
-1.45703 
-3.22461 
2.43555 
0.160156 
-2.89551 
-4.77734 
-3.27051 
2.62598 
-0.1875 
3.7334 
0.40625 
-1.40723 
0.370117 
2.55664 
-0.616211 
-3.36523 
-2.94336 
1.47559 
-3.06836 
1.05469 
-5.39746 
-0.595703 
-6.92188 
-2.02246 
2.51074 
0.947266 
-6.75879 
-2.22363 
-6.67188 
1.0752 
-1.49805 
-0.955078 
-2.85059 
-4.37207 
-5.6416 
-3.31934 
1.13477 
1.6416 
1.4375 
-1.69922 
3.16602 
-0.62793 
-2.28027 
-0.200195 
-3.47168 
0.367188 
-7.69043 
5.1084 
3.51465 
1.79492 
-0.385742 
3.72754 
0.65918 
0.126953 
0.214844 
2.14746 
-1.20508 
-2.33594 
-3.85449 
-0.402344 
4.59863 
-3.96191 
2.57031 
-1.05273 
0.112305 
0.981445 
-3.75195 
-6.19043 
-1.37695 
2.63379 
2.23145 
0.53418 
-0.53418 
-1.31641 
4.15039 
2.34668 
1.1748 
2.42578 
-3.55957 
3.78613 
1.36328 
-0.224609 
3.96777 
-0.701172 
1.93359 
3.35742 
-5.35449 
1.30273 
-0.915039 
-0.742188 
2.92383 
-0.430664 
-5.98828 
2.53809 
-0.970703 
-1.93359 
-1.23438 
3.72754 
3.93848 
2.67773 
0.492188 
0.666016 
-3.81934 
2.12598 
-4.00195 
-2.89063 
3.49219 
1.80566 
2.25781 
2.11621 
-4.03516 
0.0820313 
-5.38477 
-0.733398 
0.691406 
0.236328 
0.0947266 
-3.24707 
4.23633 
1.07715 
4.39941 
-2.65723 
-2.84863 
-4.03418 
-1.29492 
1.90527 
4.43555 
2.25195 
2.61035 
2.14063 
4.03613 
-3.96191 
-3.33105 
-6.62402 
1.70605 
0.398438 
3.40723 
-1.12598 
-1.42285 
-6.54785 
2.68555 
-3.59082 
4.89453 
1.58496 
-6.06445 
2.25488 
0.198242 
-6.41309 
-0.0996094 
4.83105 
4.08691 
1.58594 
-2.58789 
2.63281 
4.76563 
-5.98828 
-1.11914 
2.10059 
0.0146484 
-3.30664 
-6.54199 
3.37598 
-2.21191 
-2.79102 
-2.6084 
1.77344 
-4.14063 
-1.77441 
-1.71094 
-3.16504 
-0.724609 
2.47949 
1.71191 
1.43555 
-7.00684 
0.916992 
1.30566 
-5.2168 
4.40332 
-3.3125 
-0.282227 
2.45117 
2.46387 
1.84961 
-2.24414 
0.237305 
1.90234 
1.41895 
-0.608398 
-4.86426 
0.679688 
-1.65234 
1.80566 
-4.76465 
1.01074 
1.83105 
1.36719 
-0.792969 
1.24902 
-0.507813 
-3.36523 
-2.53516 
2.77441 
-1.58008 
0.776367 
-0.755859 
1.26172 
-1.02441 
-2.81934 
1.60254 
-1.83301 
-2.8584 
1.69043 
-2.95703 
-0.776367 
-0.182617 
3.38281 
-7.69043 
2.38281 
-1.24707 
1.05469 
-0.319336 
0.442383 
-0.107422 
4.27441 
-3.4209 
4.66113 
1.56641 
-0.423828 
2.16309 
2.90527 
3.91016 
-3.79883 
-4.37109 
-6.63086 
-2.23242 
0.224609 
-0.878906 
-5.04785 
-1.67578 
-3.2666 
-0.447266 
-1.68652 
-1.80371 
1.69727 
0.711914 
3.01367 
-6.31641 
3.23145 
-1.68652 
0.0507813 
2.80469 
-6.31641 
-1.71094 
2.73828 
-6.98535 
1.19043 
-3.04004 
-5.13281 
-1.61816 
-0.365234 
4.7998 
-0.536133 
1.69434 
3.07227 
1.7334 
-2.02637 
1.72266 
-6.92188 
2.6084 
2.6377 
-3.35742 
-3.92383 
4.83398 
3.18457 
4.19336 
1.75879 
2.48535 
3.80859 
1.32715 
4.85059 
0.304688 
3.87402 
3.17188 
-4.76465 
-5.12598 
0.608398 
-1.16504 
-4.52539 
-5.06836 
2.97266 
-3.81934 
-0.0273438 
0.806641 
2.33496 
3.03027 
1.17188 
0.533203 
-1.75391 
2.73047 
1.4209 
1.76074 
2.09375 
-5.57813 
-2.27148 
0.552734 
-2.03223 
3.56152 
-5.39453 
0.376953 
1.37695 
-1.06445 
-3.33008 
-5.2959 
-0.526367 
-7.00684 
0.820313 
-3.52734 
-0.902344 
2.26367 
-1.98438 
3.32617 
1.61523 
-1.75488 
0.573242 
-2.8291 
-4.13281 
-1.93359 
1.63379 
-3.75 
1.74316 
0.473633 
-0.132813 
2.36328 
0.980469 
4.18652 
0.854492 
-0.632813 
1.43066 
0.981445 
-3.62207 
0.317383 
2.91992 
3.54199 
2.8125 
0.40332 
-2.70117 
-2.05078 
-2.89551 
2.52148 
-4.5957 
-1.7373 
-0.0556641 
1.31738 
-4.03906 
2.52832 
-3.57324 
-1.37109 
2.96875 
2.99023 
-6.0332 
-0.931641 
2.6709 
2.24609 
2.83105 
0.575195 
-3.55957 
1.94336 
2.91211 
1.43262 
2.58203 
-2.98047 
-0.552734 
-4.03516 
2.47754 
-1.18457 
-2.21387 
-0.630859 
2.16211 
0.469727 
-1.47852 
-4.06836 
1.55176 
-2.53027 
1.46875 
-4.08691 
-3.27344 
0.129883 
-0.936523 
1.29199 
-0.820313 
2.67578 
0.56543 
2.78125 
2.04492 
3.45898 
2.23535 
2.33008 
1.18164 
3.42773 
-0.367188 
3.74023 
1.31543 
-0.62207 
-7.69043 
-2.20996 
0.999023 
4.19824 
1.50586 
0.513672 
0.242188 
-3.55859 
-5.70801 
2.67188 
-0.354492 
-1.61719 
-5.85547 
-5.83691 
-0.175781 
-5.64453 
0.177734 
4.00586 
-4.13281 
-2.44824 
0.798828 
2.4082 
2.25195 
-2.20313 
3.30664 
2.92578 
3.28516 
2.80078 
3.72363 
1.82031 
-2.22266 
-1.95215 
-1.77441 
-3.93066 
1.35156 
-3.81836 
1.86816 
-0.81543 
3.67969 
-4.47852 
1.73535 
3.99414 
-3.05078 
-0.423828 
-3.58301 
0.286133 
-1.43555 
1.80078 
-1.70215 
1.32813 
-1.27148 
3.16699 
-6.31641 
-1.79199 
-2.08105 
4.0498 
-5.71973 
2.45703 
1.22559 
-1.08105 
-1.53418 
-0.759766 
-0.792969 
-1.38477 
-1.86816 
0.782227 
-1.0625 
3.48145 
-0.93457 
-0.611328 
0.416016 
-5.2998 
-0.800781 
2.08105 
-3.24023 
-0.936523 
-1.2998 
2.19336 
-1.74023 
-0.272461 
-3.89746 
0.864258 
2.54297 
1.10742 
-5.60547 
3.93457 
-3.98438 
-7.69043 
0.0585938 
0.480469 
4.61035 
0.652344 
-3.4668 
2.20898 
2.53906 
0.923828 
2.62695 
-2.70117 
-1.88477 
1.10352 
-5.64453 
-0.294922 
1.23438 
-6.75879 
-2.15625 
-1.51074 
2.8457 
-0.34668 
3.05957 
1.56055 
-5.12598 
-0.798828 
3.22363 
0.707031 
0.332031 
0.630859 
-3.23242 
1.37402 
-2.09863 
1.31055 
0.96875 
1.44141 
-6.2832 
-2.69043 
-0.619141 
-0.18457 
-2.68848 
-1.14258 
-0.979492 
1.18945 
3.76758 
0.913086 
-5.28516 
1.62402 
-1.11719 
2.66797 
-0.443359 
-0.608398 
-0.345703 
0.567383 
2.52148 
1.87988 
-1.75098 
-2.91309 
2.39746 
-2.58301 
0.536133 
2.91504 
0.988281 
-0.572266 
-6.2832 
-3.11426 
3.64453 
-2.15234 
-0.444336 
-0.188477 
0.708008 
-1.73047 
-2.01172 
-0.0234375 
2.59277 
-3.70703 
1.52148 
0.643555 
-0.811523 
0.279297 
-5.17383 
-4.04395 
-2.97559 
1.03418 
-2.61621 
1.36621 
2.98535 
2.82324 
-2.08301 
0.543945 
-1.9502 
2.75391 
1.25391 
-2.94238 
-0.140625 
1.61133 
-2.89551 
-0.633789 
-2.31055 
-0.759766 
-4.32324 
1.43066 
-4.03516 
1.29004 
-6.2832 
1.5625 
2.04199 
0.231445 
1.49023 
1.71191 
-2.82715 
0.258789 
1.22754 
1.83008 
2.11426 
-1.44141 
2.07715 
-1.88184 
3.46582 
1.21094 
1.91016 
-1.10645 
-0.641602 
2.2998 
3.70117 
-2.88477 
-2.16699 
-4.70117 
1.44531 
-0.748047 
-0.473633 
-1.81934 
2.31641 
1.11621 
1.96875 
1.31543 
0.332031 
2.74902 
-2.51465 
1.87109 
-3.16504 
2.05566 
2.90039 
0.817383 
2.9834 
0.753906 
1.02734 
2.29785 
0.478516 
1.2793 
2.51465 
0.316406 
-3.04883 
0.734375 
0.371094 
-4.84766 
2.27344 
1.34668 
-0.223633 
-0.429688 
1.69727 
-2.57129 
-1.78418 
4.34961 
1.8877 
3.93262 
-2.10449 
3.31641 
-5.2959 
-2.00098 
2.81836 
-3.41895 
0.724609 
1.69238 
-1.49512 
0.0322266 
3.11914 
2.25195 
0.265625 
2.50488 
2.56543 
-3.4668 
1.94727 
-5.60547 
1.87891 
3.21973 
-7.69043 
0.457031 
-1.40625 
-5.36133 
-1.06934 
1.74512 
4.10059 
2.13965 
-1.57324 
2.9209 
3.92383 
4.55078 
-4.03906 
1.61426 
2.91992 
2.83398 
-4.58496 
0.0634766 
3.82715 
0.121094 
2.41113 
-1.28223 
-5.14063 
-3.3584 
-1.27148 
3.22461 
3.57813 
-7.69043 
-1.70215 
1.17871 
-2.33887 
-2.7373 
-2.875 
1.47266 
3.17578 
0.469727 
0.0576172 
2.72656 
-0.396484 
1.37598 
4.75293 
1.1748 
-1.71191 
-6.73828 
-1.8291 
-3.74609 
0.0478516 
-1.5625 
-0.667969 
0.0800781 
-0.166016 
-0.494141 
-5.49121 
4.30078 
3.89551 
2.88477 
-1.48047 
1.58008 
-2.90625 
2.62695 
0.733398 
-4.32324 
1.10156 
-3.39063 
2.29883 
0.986328 
2.19336 
-0.435547 
5.45801 
0.0449219 
-0.798828 
-2.41797 
-4.25195 
-2.29102 
3.38477 
2.42578 
-6.92188 
2.83105 
3.58984 
1.52246 
1.56836 
2.64063 
-5.12598 
-0.34082 
3.04492 
0.269531 
1.21973 
1.62598 
-1.8252 
2.33691 
0.956055 
-6.31641 
-4.03516 
-2.10547 
3.74609 
-1.67773 
3.28809 
2.28906 
2.25781 
-3.55957 
2.96973 
3.65332 
-1.73633 
2.26367 
-0.282227 
0.760742 
-3.35156 
1.22363 
-4.90918 
0.762695 
4.23145 
-2.27051 
0.351563 
-4.69434 
1.91602 
-3.81934 
1.57227 
1.77832 
-1.82031 
-2.10449 
0.146484 
-4.52539 
0.359375 
2.09766 
-3.56348 
2.3125 
1.17383 
3.22754 
0.457031 
-0.130859 
-3.73047 
2.03418 
2.10156 
-0.964844 
-0.0322266 
-1.75977 
-0.246094 
-7.69043 
0.786133 
1.99316 
-1.10938 
1.58301 
-4.14063 
-0.000976563 
4.61035 
-3.19336 
1.0957 
-1.10547 
-0.678711 
1.62598 
-6.06445 
2.60449 
2.65625 
-1.76563 
0.392578 
-1.55957 
3.71387 
0.330078 
1.50781 
-3.99023 
-3.27051 
-0.507813 
0.543945 
-1.24121 
1.14941 
2.98047 
-2.19727 
-1.79199 
4.59863 
4.40527 
-0.424805 
1.29102 
1.21191 
1.15039 
-2.2334 
0.216797 
1.05469 
-5.64453 
2.50488 
4.0459 
3.52637 
1.71973 
-4.52539 
-0.883789 
-4.3584 
0.993164 
-2.74609 
5.14453 
0.973633 
3.53711 
4.00977 
3.67383 
3.58105 
-4.92188 
0.806641 
-3.09766 
0.94043 
1.625 
2.58203 
0.202148 
3.55078 
-2.01172 
-2.17383 
-3.26465 
-0.179688 
-7.69043 
3.80273 
-3.78027 
2.92285 
2.70703 
-7.69043 
-4.99805 
3.08203 
4.58789 
0.233398 
-0.947266 
-2.32031 
1.49707 
0.149414 
2.38086 
1.22461 
3.40723 
2.1748 
1.56641 
2.98242 
-0.78125 
-1.35742 
1.05664 
1.9082 
-2.89063 
-5.6416 
-1.41699 
-3.50098 
-6.73828 
-0.739258 
3.23145 
-0.0419922 
-4.2334 
0.988281 
-6.62402 
-2.19336 
2.87695 
-1.18945 
-0.485352 
-2.39063 
-2.25977 
-0.364258 
2.22852 
2.90723 
1.67285 
-2.00195 
-0.145508 
-3.90039 
-0.0410156 
-1.93262 
2.02832 
-1.12598 
-0.492188 
-5.26465 
-1.73242 
-1.58008 
-2.3584 
1.53809 
3.10059 
1.8623 
-1.25195 
-0.563477 
-0.59668 
-1.74121 
-0.445313 
-1.73633 
0.564453 
-4.32324 
-0.291992 
-3.31934 
-6.19043 
3.20996 
1.08105 
-0.837891 
1.53223 
-4.3584 
-2.43457 
3.62109 
0.487305 
2.99121 
3.25781 
1.94434 
-0.333008 
-2.02637 
2.84961 
0.749023 
-1.92285 
-1.16504 
2.0918 
-4.53906 
-2.47559 
1.71484 
0.509766 
-2.00488 
0.751953 
0.707031 
-2.83789 
-3.77148 
3.87695 
2.67578 
3.21387 
-1.38574 
-3.46582 
0.238281 
0.53125 
1.16504 
4.97559 
1.31641 
-4.73438 
-3.68555 
0.672852 
1.19531 
1.9834 
1.38867 
-1.0293 
2.37402 
-5.34668 
-5.34668 
3.51367 
0.966797 
-0.163086 
1.19922 
2.16113 
-5.2959 
3.91992 
-0.970703 
2.89258 
-6.06445 
-7.69043 
2.01465 
2.78711 
0.449219 
-3.61035 
-5.25 
2.76855 
-1.85059 
-5.47559 
-3.47168 
-2.29883 
2.47852 
3.64844 
1.69824 
0.320313 
-4.19043 
2.58789 
1.90332 
1.94336 
-5.50098 
1.19043 
-1.38086 
-3.75195 
-5.43066 
-3.14258 
-0.18457 
0.895508 
0.510742 
-4.14844 
0.630859 
-2.8584 
1.28711 
0.496094 
0.00390625 
4.36719 
1.43359 
-2.99023 
2.74609 
2.20703 
-5.43066 
1.75195 
-1.29785 
-6.64355 
-0.636719 
-1.3584 
-5.42188 
-4.26953 
0.459961 
3.85645 
-3.3584 
2.49902 
0.241211 
3.83594 
3.09277 
1.30957 
-1.86328 
2.93945 
1.95703 
0.780273 
-7.00684 
-0.970703 
-4.52539 
-1.27246 
-0.607422 
0.00683594 
5.3457 
4.02246 
4.07129 
3.06348 
-3.39063 
1.51563 
1.12891 
-4.86426 
0.736328 
-1.86328 
3.75781 
0.922852 
2.99902 
-7.69043 
2.16211 
1.99316 
-7.69043 
0.119141 
0.71582 
-0.322266 
-3.42969 
-6.54785 
-6.75879 
2.1748 
-5.49121 
-7.69043 
2.6709 
2.11328 
-2.10547 
2.58008 
-5.12402 
4.62207 
1.39063 
0.422852 
3.83984 
1.74707 
0.104492 
3.72266 
-5.23145 
1.1084 
2.28027 
-2.66016 
-0.837891 
2.57129 
2.86816 
-1.99414 
-0.0849609 
0.291016 
3.54395 
-5.35449 
0.110352 
-3.23438 
-0.289063 
-0.286133 
2.61621 
3.30273 
-5.6416 
-0.941406 
3.60742 
1.29199 
-0.762695 
1.86035 
-6.2832 
3.79492 
3.21191 
0.81543 
0.616211 
0.779297 
-2.91309 
-6.62402 
2.69434 
1.49023 
-1.80371 
3.44922 
0.430664 
0.791992 
-3.2959 
2.47168 
-2.1123 
-2.79785 
-0.651367 
2.14063 
0.630859 
1.31836 
-4.00098 
3.22559 
2.34961 
-6.54199 
4.41113 
-4.73438 
0.646484 
0.678711 
2.78613 
-4.16504 
5.23438 
-0.487305 
-4.94727 
-1.9502 
-3.74609 
1.36816 
-1.79199 
2.40918 
-1.78516 
2.64648 
2.11719 
-6.48438 
2.13574 
3.36328 
2.94629 
2.66602 
3.15332 
0.170898 
-5.70801 
1.94922 
-2.48633 
0.145508 
-5.85547 
2.33301 
-1.0498 
-3.90918 
-2.99414 
1.92969 
3.4248 
2.90723 
-2.61914 
1.82031 
4.41113 
-4.25195 
-3.69531 
-1.22949 
1.21484 
1.76758 
1.21777 
2.80566 
-1.19629 
-1.02148 
1.19727 
2.0459 
-3.29199 
2.35645 
1.24902 
-0.767578 
0.208984 
-5.34668 
2.40918 
-2.80957 
0.516602 
1.4668 
1.53027 
-6.67188 
0.375 
0.77832 
0.363281 
1.28613 
1.09961 
2.12988 
2.65332 
-3.75684 
-3.20703 
-6.67188 
-1.58105 
1.4502 
-1.82422 
3.4707 
2.24023 
1.21777 
0.196289 
3.27246 
-4.64648 
1.47852 
3.02637 
0.457031 
-2.12695 
-2.00195 
3.31641 
1.47559 
-2.22266 
-2.20117 
-3.74121 
-2.42578 
-4.17871 
2.87793 
1.87793 
1.56836 
1.42383 
3.82031 
-0.855469 
1.36328 
-4.33398 
0.563477 
1.89453 
-0.40918 
-0.0283203 
1.75098 
-0.300781 
-2.65234 
3.08789 
1.02344 
1.45801 
-0.172852 
-7.69043 
-1.7002 
0.592773 
2.5127 
3.1084 
1.93066 
2.48633 
1.8877 
-2.70313 
0.739258 
-2.5166 
-0.329102 
1.89551 
1.14453 
-1.34766 
-3.31738 
-1.17773 
5.51367 
-4.28809 
4.75195 
1.34375 
4.20996 
-0.931641 
4.66895 
3.42773 
-0.898438 
0.766602 
0.917969 
0.708008 
-1.36914 
-3.70703 
-1.9082 
-4.25488 
-1.07129 
-0.953125 
0.217773 
-0.665039 
-0.725586 
2.30957 
-0.429688 
1.30176 
-0.112305 
-3.25488 
1.57324 
0.374023 
-0.101563 
-2.85352 
0.37207 
0.375977 
3.92773 
0.443359 
-2.34961 
2.44434 
-3.60156 
3.71484 
-4.05371 
0.12207 
-2.84961 
2.58887 
1.53516 
-0.0966797 
-1.18457 
1.75 
-1.11816 
-2.7334 
4.29102 
1.16309 
-2.3418 
0.902344 
2.28223 
-6.41309 
3.18262 
3.0498 
-2.77539 
-3.58984 
4.17969 
-6.92188 
-5.41797 
-1.4668 
1.91309 
-0.262695 
1.22363 
4.0332 
-1.10547 
2.31152 
3.0166 
-4.29492 
0.28418 
2.14453 
-5.61133 
4.20215 
0.291016 
0.730469 
2.1123 
-0.808594 
1.19531 
1.46094 
3.04102 
2.63574 
3.5957 
-1.70996 
-2.62695 
-5.57813 
-4.73438 
3.00781 
-1.83301 
-6.75879 
2.62109 
-5.94727 
-4.71875 
3.66797 
-3.55957 
-0.337891 
3.59961 
-1.62598 
-3.31934 
2.79297 
1.20313 
-2.29297 
-1.97168 
1.80957 
-0.986328 
3.09766 
-0.318359 
-1.42578 
-3.52637 
-2.84766 
-6.62402 
0.729492 
3.54883 
1.95508 
3.37988 
1.0332 
2.13574 
-5.11035 
-2.62695 
4.46387 
0.776367 
1.68555 
-2.90234 
-6.63086 
0.5625 
-2.58301 
-3.01465 
5.39746 
-2.29883 
1.97559 
-2.00684 
-5.5293 
1.30273 
1.97363 
0.113281 
3.23535 
3.65918 
-3.03223 
-6.62402 
-1.66699 
0.185547 
0.681641 
2.58203 
-0.381836 
-0.380859 
-3.23242 
0.382813 
-0.783203 
-4.78809 
1.46387 
0.947266 
-0.130859 
-0.941406 
0.116211 
-2.7627 
1.75684 
3.54102 
-2.38672 
-0.683594 
0.617188 
-5.67188 
-6.2832 
4.95117 
0.917969 
-3.83301 
0.770508 
0.53125 
0.820313 
-3.45898 
-3.06836 
-2.15039 
-2.67676 
2.52734 
1.01953 
1.16992 
-2.87402 
2.33301 
2.58984 
2.95508 
0.503906 
4.72949 
2.73047 
1.30273 
-3.94727 
-0.358398 
-3.53418 
2.01074 
-5.74023 
-4.62891 
0.969727 
-0.646484 
-0.779297 
-1.77344 
-1.9082 
-1.75391 
-2.55469 
5.05664 
0.707031 
-5.51465 
0.265625 
-1.0293 
0.297852 
1.5498 
3.55664 
-5.85547 
-6.33301 
-5.46094 
-2.39551 
-0.99707 
-3.12891 
-5.17383 
2.93652 
2.43652 
-2.61621 
-0.743164 
-2.62305 
-1.69434 
-3.81934 
2.67578 
-0.0205078 
0.196289 
-1.14648 
2.8584 
0.827148 
-4.15332 
-1.33789 
-1.28711 
3.19043 
0.895508 
1.22461 
-5.85547 
2.20996 
-2.31152 
2.38574 
-5.12598 
2.25879 
0.371094 
-0.5 
4.0957 
-5.26465 
-3.3125 
-1.13965 
-1.00488 
-4.15332 
2.81934 
0.541992 
-3.3125 
3.42773 
-1.94141 
1.80859 
1.2832 
-2.41113 
-3.57324 
0.884766 
3.32422 
3.90039 
-1.17773 
-0.524414 
4.21191 
1.0791 
-0.25293 
-0.870117 
-6.2832 
-2.8584 
2.10547 
0.322266 
-3.10156 
-0.154297 
-1.15527 
-2.03223 
-4.01074 
-3.3125 
4.04688 
0.732422 
1.15039 
1.42969 
-5.55273 
1.85742 
0.00390625 
1.83789 
3.09473 
0.0136719 
3.59766 
-0.335938 
1.46289 
2.19238 
4.0957 
-1.3418 
-1.9082 
-2.09766 
1.68457 
-3.46582 
0.163086 
1.50684 
-2.42676 
-1.22266 
-0.898438 
0.345703 
1.8291 
2.15039 
-2.81738 
-5.7793 
-2.01172 
-3.22461 
-2.74316 
1.9375 
-2.67969 
1.48047 
3.71973 
1.03418 
-1.53809 
-0.193359 
2.61328 
2.55273 
-2.48926 
1.80859 
-1.96289 
-1.44434 
-1.47363 
-6.2832 
2.11914 
0.617188 
-4.21094 
2.99316 
-3.13867 
0.364258 
3.74805 
5.43359 
-0.520508 
-0.925781 
2.95801 
3.19336 
2.03418 
2.92383 
0.917969 
-7.69043 
4.5166 
-0.976563 
-6.41309 
-5.80664 
2.63281 
-3.05078 
2.6123 
2.58301 
-3.3125 
-2.4082 
4.22852 
-0.571289 
0.0537109 
-4.69434 
1.13867 
0.288086 
2.66406 
-1.70996 
-2.41113 
-0.00976563 
0.535156 
-2.72461 
2.94434 
-1.7334 
-0.228516 
-4.57031 
-1.92285 
-6.31641 
-1.65723 
-7.69043 
3.58301 
-1.99023 
-1.95898 
-1.93262 
2.69238 
2.91992 
2.58496 
-0.613281 
-0.678711 
2.34863 
3.12793 
-2.61328 
-5.03906 
1.08008 
-0.579102 
2.91797 
2.20996 
-0.989258 
-0.970703 
1.64648 
-5.48535 
4.53516 
3.0332 
-0.543945 
-1.71777 
3.46973 
-3.29199 
-2.32422 
5.36426 
-1.67676 
3.43848 
0.791016 
-3.40039 
2.95801 
-0.359375 
-1.28125 
-1.7373 
-3.4668 
-4.03516 
0.695313 
-1.95996 
-1.51367 
-0.290039 
-2.20605 
-0.487305 
1.72852 
3.24121 
-1.76172 
-0.320313 
0.564453 
5.5166 
2.79492 
2.77832 
3.13477 
-1.49902 
-0.917969 
-0.702148 
-4.74023 
0.649414 
-2.29297 
-1.60645 
-1.33301 
-5.25 
2.625 
1.5293 
-0.776367 
0.890625 
2.51465 
-2.8291 
-0.611328 
-0.439453 
0.169922 
-1.80371 
-1.56738 
-2.33594 
1.63574 
-3.94727 
1.625 
2.01465 
2.70703 
3.25 
-2.95703 
0.804688 
-4.47559 
3.83105 
0.827148 
1.30273 
3.20703 
1.81836 
-0.170898 
-3.58301 
0.464844 
-0.401367 
-2.05664 
2.20117 
-2.2793 
-1.87793 
0.557617 
-5.39746 
-3.97754 
-0.461914 
1.95605 
-4.08691 
0.0722656 
1.99902 
-0.829102 
-7.69043 
-3.62695 
-2.28711 
-2.20605 
5.14355 
3.42676 
1.72461 
-0.0761719 
0.958984 
-1.84082 
2.36133 
-4.84668 
2.61914 
-2.16602 
0.196289 
-0.290039 
0.430664 
-1.47754 
-0.592773 
2.02051 
2.29883 
2.37305 
0.753906 
-2.3457 
0.107422 
-3.8457 
-1.95313 
1.71484 
-3.42676 
-2.27734 
3.09766 
-5.67188 
1.99219 
0.761719 
3.55664 
-3.35742 
2.75879 
-4.76465 
3.4082 
-4.83691 
-3.36523 
2.76074 
3.51367 
-0.661133 
3.22852 
3.51465 
1.60742 
3.87305 
-6.75879 
-1.82031 
1.97461 
-6.34668 
4.46582 
-0.774414 
-0.588867 
0.365234 
1.58691 
-1.6709 
-2.62598 
-2.79688 
4.46582 
0.658203 
1.24805 
3.55664 
1.21191 
3.81055 
-0.455078 
1.48047 
0.467773 
-3.63965 
1.09961 
-2.19336 
1.91895 
1.46484 
1.77148 
0.291016 
0.296875 
-1.43848 
-3.14941 
1.99023 
-1.90527 
1.82715 
2.76074 
-1.91504 
-1.44531 
1.96973 
4.83008 
2.45703 
2.04199 
-3.26953 
1.83984 
0.337891 
-0.688477 
0.439453 
2.4502 
-0.238281 
-1.90137 
-1.69922 
2.74219 
-4.14063 
0.200195 
1.62988 
0.424805 
0.842773 
-2.32324 
-1.49805 
-5.07715 
-1.90137 
-2.8291 
1.54004 
2.21484 
5.19824 
-2.77246 
4.28125 
-5.5293 
1.23438 
-1.26953 
-0.358398 
1.72559 
0.668945 
3.23438 
-1.73438 
3.82617 
-0.901367 
0.651367 
2.34082 
-2.2998 
-3.55957 
3.25098 
4.02832 
1.29199 
-4.81641 
2.39746 
0.242188 
-0.614258 
-1.44531 
-2.56836 
1.10059 
1.33203 
-2.48438 
-5.23145 
-2.75586 
-3.74609 
-2.29883 
-0.841797 
-0.804688 
1.62793 
0.27832 
0.740234 
4.58887 
2.81348 
-0.266602 
-1.42676 
-2.75977 
-3.81934 
-0.967773 
2.23926 
-2.00879 
-2.75586 
0.385742 
-0.799805 
-4.03516 
-0.796875 
-2.65332 
-2.15234 
0.133789 
1.60645 
2.70801 
1.52832 
2.60938 
0.183594 
1.01465 
-0.748047 
-5.19043 
-3.6748 
-0.378906 
2.30762 
1.29102 
-6.31641 
3.96875 
-4.0293 
-1.66406 
1.74805 
3.80566 
3.75 
1.63965 
3.00098 
0.757813 
-0.378906 
2.11523 
-1.86816 
2.52441 
2.53613 
-1.35742 
2.80762 
-1.01855 
5.14844 
0.652344 
-2.01465 
-2.40723 
1.18457 
-2.31445 
0.624023 
4.37109 
-3.08691 
4.18164 
-1.49512 
0.120117 
-1.37109 
4.13086 
-1.34766 
1.43945 
0.302734 
3.4082 
-6.62402 
2.13867 
3.34277 
-0.463867 
-0.791016 
1.28613 
1.7002 
-2.72461 
-1.84863 
1.13184 
0.904297 
0.955078 
1.67188 
-1.44629 
-0.0078125 
0.560547 
1.92383 
-5.51465 
0.948242 
-5.51465 
1.45117 
3.23145 
1.93848 
0.598633 
-5.38477 
3.84375 
1.22168 
1.0 
0.5625 
0.338867 
3.46875 
2.47461 
3.61328 
3.35938 
0.492188 
2.98242 
3.55664 
3.18457 
-1.06152 
-1.40918 
-4.76465 
1.5498 
0.796875 
1.00977 
0.332031 
-3.89746 
-1.14551 
-0.157227 
-6.31641 
-1.50488 
-0.198242 
2.7666 
-4.44727 
1.13965 
-2.01465 
1.44336 
-0.237305 
-6.54785 
-1.23535 
-5.34668 
-4.00098 
-0.34082 
4.2373 
0.417969 
-5.83691 
2.06543 
2.16406 
-7.00684 
2.15723 
4.70313 
1.58691 
3.12988 
2.5752 
-0.0664063 
-4.92188 
0.371094 
-4.73438 
-5.39941 
1.53516 
-6.41309 
3.74512 
0.0712891 
-1.21973 
-5.17383 
-0.860352 
-4.02344 
1.23047 
2.53125 
-2.18848 
-1.88672 
0.389648 
1.47559 
5.66602 
-3.81543 
1.18848 
3.44922 
-0.591797 
1.14551 
1.69727 
-1.02637 
0.702148 
3.20898 
0.523438 
0.0888672 
1.89648 
-4.94727 
2.70605 
0.847656 
2.63574 
-0.0839844 
-3.96582 
-2.58984 
1.60742 
3.25977 
0.834961 
1.86621 
0.595703 
-1.47461 
-6.19043 
-0.413086 
0.0507813 
3.04785 
4.29297 
3.56152 
-2.00098 
-2.25195 
4.52051 
0.625 
1.40527 
-1.74121 
2.96191 
-3.1123 
1.30273 
-0.484375 
1.92285 
-2.11914 
4.90723 
1.19434 
-0.776367 
3.09082 
-0.881836 
0.0175781 
-1.03906 
3.22266 
-0.866211 
4.31055 
-1.28711 
2.01563 
2.23828 
-6.63086 
-4.06445 
-0.163086 
-1.65234 
-0.447266 
0.433594 
0.279297 
2.69629 
0.47168 
3.45605 
-1.0293 
-6.98535 
-6.54199 
2.08398 
2.61035 
-3.26465 
1.26465 
1.94336 
-0.163086 
4.14941 
0.473633 
3.54395 
-1.83691 
-7.69043 
4.53223 
-2.93262 
0.426758 
-4.70117 
-4.01074 
5.69336 
1.39746 
-0.644531 
-3.93457 
3.97559 
2.13184 
-1.9209 
2.65527 
-0.251953 
3.57227 
-1.55469 
4.05664 
2.00293 
-0.15625 
0.404297 
0.667969 
-6.73828 
-0.120117 
-3.05371 
1.66699 
3.0918 
-0.970703 
0.0517578 
-2.12109 
2.88672 
-0.366211 
-4.63086 
-0.610352 
4.51855 
-1.93359 
-6.62402 
1.5 
3.59375 
-0.941406 
-3.47168 
-0.835938 
4.52344 
-1.5332 
0.467773 
-0.980469 
1.80078 
4.56543 
2.78125 
-3.41602 
0.0214844 
2.51758 
-2.61328 
-0.0283203 
-1.15723 
1.83887 
-0.710938 
0.564453 
-3.35742 
0.375 
-1.70801 
2.34277 
-5.39453 
5.29785 
2.98926 
-2.79883 
1.26465 
-6.54785 
3.43555 
-1.48145 
-3.89746 
-0.674805 
1.90332 
-1.69922 
2.94238 
0.322266 
0.717773 
-2.88086 
-4.53809 
-1.90039 
-1.10742 
3.52344 
1.47949 
-0.830078 
-2.3418 
-4.69238 
-0.949219 
0.585938 
0.849609 
-2.89551 
-1.96484 
-0.546875 
-4.44238 
-0.866211 
2.08398 
1.83789 
-3.70703 
1.97266 
-1.59082 
-4.08691 
2.12207 
3.66309 
2.02148 
-0.853516 
-0.825195 
4.61035 
-4.37109 
-7.69043 
-6.54785 
1.07227 
0.982422 
-0.777344 
2.23047 
2.07324 
2.33398 
-0.543945 
0.724609 
2.11426 
0.615234 
-3.22461 
1.30176 
-1.56738 
2.14063 
-6.54785 
-7.00684 
0.644531 
-2.76172 
3.6709 
3.25488 
-4.88477 
-1.51367 
2.58105 
3.19727 
0.0273438 
-1.08301 
2.7959 
2.77051 
-1.12012 
-0.837891 
-1.23145 
0.574219 
3.72168 
4.1123 
-6.41309 
1.16113 
3.38184 
0.288086 
-2.21191 
0.483398 
1.70117 
-0.202148 
0.366211 
-0.506836 
1.79297 
1.07422 
1.08301 
-5.90332 
-1.02051 
-1.20605 
-4.81641 
-2.0918 
-0.0820313 
-2.16602 
0.549805 
0.211914 
3.38477 
3.54297 
-5.46094 
3.66309 
-7.69043 
-2.96875 
1.39063 
-2.44531 
-2.75488 
-7.69043 
-3.05078 
3.56836 
-1.90527 
-0.357422 
-0.542969 
1.10059 
-5.12402 
0.658203 
3.91016 
-0.851563 
-4.00098 
-0.750977 
-5.39746 
3.35547 
-3.62598 
3.2002 
3.51074 
-3.55957 
-0.567383 
0.197266 
2.69531 
0.732422 
-4.98438 
2.29688 
1.99707 
-4.50195 
1.62402 
-4.3584 
-4.84668 
-4.33789 
1.99707 
-2.48828 
-5.6123 
2.26465 
1.38867 
1.34473 
2.30566 
-3.66602 
-5.63281 
-1.55371 
-1.03516 
-4.79883 
5.75195 
-1.99219 
0.648438 
0.522461 
2.68848 
-2.56152 
2.52441 
-0.676758 
2.97266 
-1.51953 
1.56055 
-2.20996 
-1.4707 
-2.84277 
2.47266 
3.40137 
0.371094 
-1.19629 
-1.2998 
-2.79102 
4.23438 
-1.38184 
-1.44629 
-3.78027 
-0.429688 
0.0722656 
2.17676 
-5.39746 
1.45117 
-2.67383 
-1.10645 
1.77539 
3.67969 
1.27051 
-1.80371 
-1.28027 
2.56934 
1.62988 
-3.76855 
1.25879 
-6.23828 
0.0263672 
3.73047 
-5.3418 
0.573242 
-5.60547 
1.25781 
-5.39746 
1.21191 
-0.827148 
-1.70801 
-6.92188 
-1.125 
-4.93945 
5.11621 
3.08594 
2.70703 
-1.70508 
1.35352 
-0.527344 
-0.288086 
1.33691 
0.46582 
-3.55957 
1.07324 
-5.61621 
-0.769531 
3.08496 
2.96875 
-0.311523 
0.450195 
-2.68848 
0.318359 
3.11523 
-3.3584 
5.2373 
-0.738281 
0.695313 
-0.382813 
2.6416 
-7.69043 
0.0175781 
2.05078 
-0.0664063 
-3.16406 
0.154297 
-0.798828 
-3.22266 
-7.69043 
4.86816 
-0.545898 
-3.45703 
1.86328 
-3.54785 
-1.62988 
3.0293 
-0.203125 
-0.641602 
-0.637695 
-0.879883 
-1.39258 
2.05566 
2.35645 
-5.98828 
0.672852 
-0.93457 
-6.31641 
-3.39063 
0.678711 
2.77344 
2.19434 
2.44238 
-4.06836 
-1.13281 
-2.86719 
2.14551 
4.00195 
-2.10547 
-0.335938 
0.308594 
2.21289 
3.1084 
-0.970703 
-3.21387 
1.55957 
-3.5918 
2.36816 
-3.33008 
-0.00683594 
0.0595703 
-1.3916 
-7.00684 
2.02148 
1.96582 
-4.63281 
1.74023 
-2.03809 
-0.223633 
4.75781 
2.35449 
1.375 
-5.80078 
1.70117 
2.35352 
0.0283203 
0.731445 
4.18945 
-5.28027 
-1.08008 
2.2998 
2.07129 
-1.51367 
1.1416 
2.98047 
1.80859 
1.94043 
-0.776367 
1.87695 
-0.337891 
-1.50488 
-0.987305 
-5.12598 
-3.81934 
4.6123 
-0.173828 
-0.458984 
0.314453 
1.21777 
-5.50684 
-0.916992 
1.58105 
0.398438 
1.14941 
0.322266 
-2.35449 
1.95898 
-4.52637 
3.24121 
-2.39941 
-1.58301 
-5.23145 
-1.75391 
-0.897461 
-3.12793 
-1.19043 
-6.31641 
-0.176758 
2.80078 
0.904297 
-7.69043 
-2.91309 
-0.513672 
-1.09766 
2.19336 
-4.4209 
0.544922 
-6.31641 
-3.58984 
0.676758 
-0.993164 
-2.84277 
0.751953 
2.04297 
-2.16992 
-6.63086 
0.880859 
-1.39258 
-0.1875 
-1.04395 
2.58008 
-1.81738 
2.60156 
-0.689453 
2.79004 
1.96387 
-0.740234 
-4.84668 
0.547852 
-5.64453 
-2.03223 
3.34668 
0.504883 
0.848633 
1.11133 
1.12891 
-4.27539 
-0.970703 
-0.172852 
3.875 
-7.00684 
-1.62402 
2.1084 
4.32813 
-1.09277 
2.46387 
2.6748 
1.02148 
1.56641 
-1.12793 
-2.50195 
0.646484 
-1.00586 
-2.48438 
3.02441 
2.04004 
-1.00586 
1.55469 
-1.06934 
2.08594 
-3.06836 
-5.61133 
1.11621 
-2.92969 
-1.14063 
1.5332 
2.59863 
1.38574 
1.40039 
-0.759766 
-3.20703 
-1.7627 
-4.90918 
0.558594 
-0.791016 
2.45508 
-2.20313 
0.776367 
-1.13184 
2.02246 
-2.36035 
1.47168 
-2.71191 
-0.899414 
-0.339844 
0.65332 
3.55273 
-1.81738 
-3.92188 
0.876953 
-5.41797 
-1.56641 
-4.93945 
-0.553711 
2.45215 
3.16406 
-0.296875 
1.53711 
2.08496 
-1.40137 
-4.91113 
-1.11328 
-1.45703 
-5.41797 
-1.35156 
1.00195 
2.0 
-0.59375 
3.56934 
4.44629 
1.70801 
0.0136719 
-4.80762 
-1.2959 
1.18848 
4.15234 
0.738281 
2.00098 
2.86523 
1.53027 
-3.07715 
1.42969 
-5.07715 
-1.47852 
-2.07031 
2.26953 
1.73242 
2.06934 
-1.30371 
1.11426 
-3.07715 
0.931641 
1.68164 
1.71875 
-5.19238 
3.37109 
3.66211 
0.233398 
-0.267578 
-0.200195 
-2.58398 
-2.08105 
1.21973 
2.13867 
-0.755859 
-6.67188 
4.91699 
-1.7666 
1.83789 
-5.47559 
-7.69043 
3.68652 
0.796875 
-4.97168 
-7.00684 
3.83789 
1.67871 
2.2373 
-0.400391 
1.22168 
-5.2168 
2.43848 
0.348633 
-0.27832 
-5.19238 
0.711914 
-2.19824 
3.30762 
0.529297 
1.48145 
-4.08691 
-1.12891 
-6.48438 
-0.730469 
3.8457 
0.525391 
-0.427734 
0.459961 
-3.56348 
-3.57324 
-3.56348 
1.39453 
-3.94727 
-6.62402 
2.21484 
-4.46582 
1.875 
4.35059 
-4.62891 
2.24414 
0.819336 
1.54102 
-1.51465 
-2.23438 
2.03613 
1.36523 
-1.8877 
-6.31641 
-2.81445 
-2.70117 
-3.32324 
-3.05078 
-1.11816 
-0.482422 
-3.09863 
-5.00488 
1.08203 
0.474609 
0.40332 
3.28906 
4.83105 
-4.08691 
0.0458984 
2.35547 
-0.302734 
2.95703 
2.56836 
-3.5127 
2.82031 
0.776367 
-0.137695 
2.47852 
2.70313 
-6.48438 
3.50879 
1.09961 
1.96387 
2.62988 
-1.30273 
1.35645 
1.49023 
4.0 
1.7002 
-2.57324 
-0.115234 
-4.12598 
-3.76563 
1.64941 
-5.39746 
3.66016 
1.72559 
0.8125 
2.78125 
-3.3125 
-1.8125 
0.150391 
3.21582 
1.18457 
-0.331055 
4.44629 
-2.7207 
1.07031 
-0.866211 
0.548828 
-1.90918 
0.861328 
0.788086 
-6.48438 
-6.06445 
1.35059 
-0.483398 
1.51953 
0.113281 
0.766602 
3.6582 
0.416016 
-6.2832 
2.74316 
0.0722656 
-4.44824 
-2.98047 
-0.0839844 
2.98828 
-0.160156 
-4.2793 
2.74609 
0.538086 
-4.76465 
1.05078 
-1.1582 
2.79199 
2.35938 
3.32813 
3.33984 
3.73828 
-4.03516 
-0.933594 
-1.54688 
-0.425781 
2.34082 
3.70117 
2.85352 
0.0507813 
-0.0664063 
-0.901367 
2.38672 
-3.74609 
1.77344 
2.63672 
-0.550781 
0.375977 
1.61816 
-0.955078 
0.457031 
1.10645 
2.27832 
3.5166 
3.83594 
2.40527 
1.00195 
1.29004 
1.01758 
2.10742 
-4.5 
1.80371 
-0.511719 
0.629883 
-3.28516 
-0.967773 
1.94629 
-7.69043 
-2.67969 
-3.81934 
-0.503906 
-1.76172 
2.55176 
-5.43066 
3.52148 
4.18652 
4.42285 
0.462891 
-4.59082 
-3.23242 
-1.9834 
-7.69043 
-0.600586 
3.11133 
-5.12598 
-2.43652 
-1.95801 
-4.76465 
2.7627 
-4.17871 
-5.66309 
0.0400391 
0.991211 
-0.21875 
1.21484 
0.884766 
-1.81934 
-0.0830078 
3.26855 
-0.425781 
1.58008 
3.26367 
-1.20215 
-0.223633 
0.68457 
-2.94141 
-6.23828 
-4.76465 
-1.13086 
-2.80469 
-0.732422 
0.959961 
0.950195 
-0.522461 
0.823242 
-2.32227 
3.14063 
-0.474609 
-4.03516 
-4.00098 
-4.14844 
-4.26953 
-5.58984 
-3.44727 
2.55664 
-6.62402 
-0.109375 
2.61035 
0.739258 
1.52344 
0.806641 
-2.95117 
1.08203 
2.54102 
-1.0918 
3.46191 
3.23438 
3.50781 
-2.5293 
-7.69043 
3.55957 
-2.52344 
0.368164 
0.918945 
2.82813 
0.40625 
2.91797 
-0.654297 
1.6582 
-7.69043 
-0.498047 
-2.56836 
-1.25195 
1.39746 
1.41211 
2.41504 
-6.48438 
2.0791 
-0.0224609 
-1.29297 
1.89746 
0.00878906 
3.77637 
-2.3418 
0.410156 
-6.41309 
-2.38379 
-5.66309 
-4.48828 
-0.62793 
-2.83105 
3.89941 
0.223633 
-6.2832 
1.32129 
2.87402 
-5.51465 
-4.15723 
-1.56738 
3.41504 
-2.90137 
0.113281 
-2.33594 
-2.36523 
2.18945 
3.93457 
-0.883789 
-3.68555 
-3.78223 
-0.433594 
0.633789 
1.42578 
-2.29102 
-4.81641 
3.31641 
2.71973 
2.97852 
-1.56445 
0.455078 
-0.680664 
2.09277 
0.331055 
3.39551 
-1.67676 
1.46875 
0.0986328 
3.31055 
2.48438 
4.02148 
0.996094 
2.66309 
-0.791992 
2.81543 
0.589844 
2.04102 
-5.28027 
2.55664 
-0.709961 
-2.20996 
0.416016 
1.01953 
-2.36133 
1.19531 
-5.13477 
1.17871 
2.8877 
1.21973 
1.47559 
-2.85059 
0.75293 
-1.62109 
2.60449 
-4.74707 
-3.54395 
-6.75879 
-5.60547 
-0.896484 
0.805664 
-0.987305 
2.53223 
1.26367 
-3.6875 
3.6377 
-1.73633 
-1.25879 
0.648438 
-4.47559 
2.53613 
-4.49609 
4.09375 
-1.35938 
-0.959961 
-4.76465 
1.07422 
0.550781 
0.421875 
3.30469 
-3.02051 
-5.28711 
3.96289 
2.31836 
0.889648 
3.6084 
0.881836 
2.11426 
-0.65918 
-0.439453 
-0.802734 
-7.69043 
0.456055 
-2.81445 
0.426758 
2.54785 
0.0517578 
0.5 
2.00586 
1.24414 
-1.45508 
3.03613 
-5.83691 
0.558594 
2.26367 
-1.25488 
2.7793 
2.71289 
-0.378906 
3.10254 
-2.92383 
1.42578 
1.2002 
-0.246094 
-0.632813 
2.46191 
-1.4834 
1.38867 
-0.0673828 
0.707031 
4.05664 
2.05371 
1.28613 
0.506836 
4.11426 
2.60645 
-4.70996 
-0.239258 
2.27441 
2.35645 
3.79688 
-0.424805 
3.7793 
1.62793 
-1.88867 
2.85938 
1.85547 
2.3877 
0.556641 
-0.461914 
-0.296875 
2.62402 
1.13965 
0.936523 
-3.41309 
1.21289 
1.62402 
3.06152 
-1.33301 
-3.11816 
-2.57324 
3.54688 
1.51074 
2.69141 
-1.96582 
-5.25 
-1.33789 
2.9668 
1.29395 
2.68262 
-2.31641 
2.86426 
-3.3584 
1.05078 
2.62793 
-0.871094 
-0.542969 
1.72852 
3.46094 
2.59277 
-0.424805 
4.09863 
-6.98535 
-7.69043 
-1.55859 
0.942383 
2.96777 
3.22656 
2.46387 
0.439453 
-0.694336 
4.45508 
-2.62793 
0.578125 
4.22754 
2.26367 
4.12207 
1.60449 
1.1084 
-5.6123 
0.391602 
2.55566 
1.23633 
-7.69043 
-1.93262 
-5.17383 
-3.28418 
-0.167969 
3.36719 
1.60156 
-0.300781 
-6.67188 
2.00293 
1.3125 
2.16992 
2.99805 
1.37109 
-3.18262 
3.13965 
1.1377 
-0.953125 
0.525391 
2.10449 
2.55762 
0.773438 
-0.0556641 
1.03223 
2.79688 
-1.51758 
-2.60352 
0.885742 
-0.588867 
-1.30469 
-2.05566 
-5.14063 
-0.348633 
-6.2832 
1.10547 
1.75684 
-3.23145 
0.719727 
-0.520508 
0.234375 
3.74414 
0.427734 
1.43164 
1.97949 
-0.429688 
0.183594 
-6.34668 
-1.50684 
1.85742 
-3.85449 
-1.70313 
-4.47559 
1.83789 
-1.82227 
2.99316 
-3.05078 
1.29883 
2.92773 
2.24512 
3.66992 
0.320313 
2.75195 
2.38379 
1.73633 
3.82129 
0.430664 
-3.05078 
-0.272461 
-2.48926 
0.292969 
4.50391 
-0.488281 
0.00585938 
-0.772461 
-1.04395 
4.28516 
-1.56055 
-0.276367 
1.99414 
-6.92188 
-3.81934 
1.12695 
1.71191 
3.0957 
-4.69434 
-0.424805 
0.155273 
-2.58789 
-4.60547 
-1.93457 
-2.75293 
-1.26367 
3.25098 
-1.82813 
-0.0878906 
0.841797 
-0.347656 
3.30176 
2.18262 
3.28027 
2.33984 
2.75684 
-0.287109 
0.273438 
1.95215 
-0.698242 
-1.59961 
2.93848 
0.509766 
1.35645 
-2.58984 
-2.61621 
-0.981445 
-5.61133 
4.6748 
1.6709 
-0.823242 
-4.61426 
2.82715 
1.19141 
-0.902344 
-0.77832 
-0.495117 
2.19727 
-0.479492 
0.793945 
-0.762695 
-3.60645 
-0.509766 
0.541992 
1.7998 
1.85352 
1.10059 
1.47168 
3.87695 
0.841797 
-5.80078 
1.67578 
-0.862305 
-3.85449 
2.26855 
1.86426 
1.95898 
-1.95801 
2.02148 
-3.7041 
-1.47754 
-1.08496 
-0.431641 
2.44141 
-1.63184 
1.10938 
-3.125 
2.70117 
-2.27148 
1.47461 
3.19238 
2.12402 
2.36328 
0.253906 
1.44922 
-3.0791 
2.19043 
-3.31836 
-1.06445 
-0.320313 
-0.663086 
4.98535 
0.447266 
1.60254 
0.775391 
2.46387 
-2.93457 
1.9043 
-2.75195 
2.25 
-2.69043 
3.49316 
-6.48438 
-4.35547 
0.183594 
-2.58789 
-2.29883 
0.296875 
4.62695 
2.3584 
-1.16699 
-0.198242 
2.28906 
2.01953 
2.30273 
0.612305 
0.189453 
0.585938 
-1.56055 
4.2334 
2.40332 
0.405273 
1.79492 
-3.79199 
3.17969 
-5.49121 
-4.73828 
-3.21094 
-0.556641 
-1.17871 
0.857422 
-3.58984 
-1.15039 
-1.50488 
0.712891 
-1.53809 
1.04102 
2.82031 
3.25488 
3.08984 
-1.4082 
2.47949 
-1.67871 
-3.33984 
-5.38477 
2.53711 
-1.85059 
4.31055 
0.912109 
-1.73242 
0.329102 
-2.83887 
0.342773 
-1.02637 
2.90332 
1.02734 
0.823242 
2.90234 
0.506836 
3.01367 
3.79883 
0.773438 
-3.31934 
-0.116211 
-3.3584 
2.9834 
2.46191 
-0.841797 
4.26855 
-3.42871 
-1.9082 
4.16797 
-2.92383 
-2.94141 
-1.09863 
-0.685547 
-7.69043 
0.421875 
-0.180664 
-6.67188 
-2.88477 
1.63574 
1.01953 
2.21777 
-7.69043 
2.90137 
-4.94727 
-0.0664063 
3.55176 
3.45313 
3.94141 
1.46289 
-3.44629 
-4.08691 
3.79883 
2.62207 
-0.647461 
1.97852 
-5.41797 
-1.1084 
-0.30957 
4.27441 
-4.14844 
-4.57031 
0.242188 
0.835938 
-2.74316 
2.12793 
1.7666 
-1.77246 
-1.34766 
2.06348 
3.66016 
-1.1748 
2.57617 
0.370117 
-3.13867 
2.15918 
4.87988 
0.432617 
1.99219 
0.762695 
1.73242 
-6.54785 
-2.05078 
1.28809 
-0.52832 
-5.20703 
-1.30664 
2.33203 
-1.25488 
-0.500977 
-0.864258 
-5.06836 
2.13867 
3.82813 
-0.931641 
1.16992 
3.4541 
-2.3418 
-6.62402 
4.19238 
-3.23242 
3.62598 
1.26465 
-2.19824 
-0.137695 
-1.05859 
3.83789 
-1.06445 
2.48047 
1.22559 
-1.87305 
-1.35645 
-0.224609 
1.3291 
0.0361328 
1.375 
-4.99805 
1.77441 
-2.01367 
0.443359 
-2.05371 
-1.44629 
1.63281 
-1.69336 
1.99609 
1.72559 
-0.0820313 
-1.74121 
-4.81641 
-4.01074 
1.66504 
1.24219 
2.1582 
-1.39941 
4.59863 
-4.65234 
3.08105 
1.99707 
-3.3125 
-3.54395 
-2.07227 
1.62012 
1.68652 
1.77051 
-1.71094 
2.24414 
-1.08105 
-6.62402 
-7.69043 
0.359375 
-0.970703 
-0.0654297 
2.33887 
-0.413086 
1.0459 
0.371094 
2.58984 
-0.722656 
2.58105 
1.12793 
1.75391 
-0.208008 
2.4248 
1.15625 
-5.34668 
-1.4248 
2.30664 
-2.07813 
-4.47559 
-6.63086 
-3.43359 
2.92578 
-2.33984 
-4.02344 
2.13477 
-0.118164 
1.1543 
-1.04395 
-2.01465 
1.95117 
0.795898 
-6.48438 
-2.90234 
-0.605469 
5.02637 
-0.0673828 
-0.928711 
-0.763672 
0.533203 
-1.68262 
1.98633 
-4.57324 
2.52539 
1.95703 
0.0917969 
1.27344 
1.06445 
-1.75098 
-3.80078 
3.0127 
-1.48438 
-0.972656 
3.97461 
-5.41797 
-3.96191 
-4.01074 
0.102539 
0.185547 
-0.90625 
0.249023 
-0.779297 
3.73047 
-1.98535 
0.246094 
2.43262 
-3.74609 
1.60059 
-2.34668 
3.40039 
0.224609 
1.3877 
0.126953 
1.6416 
-2.58203 
2.55469 
1.80664 
-3.35742 
-0.18457 
2.68945 
3.62695 
-5.22363 
-2.86035 
3.67285 
-6.92188 
2.75098 
-1.61914 
2.83496 
2.66602 
2.10156 
0.0976563 
-0.493164 
1.37207 
2.14063 
2.13965 
2.60254 
-1.50391 
-5.3418 
1.59766 
-2.7334 
1.65625 
0.510742 
-1.55957 
-4.61426 
1.02051 
-6.31641 
-3.06836 
0.847656 
2.05371 
-2.66016 
-2.25977 
-0.310547 
-1.8623 
-2.47559 
-1.93457 
-1.74023 
-6.92188 
-3.04688 
-2.29102 
-1.00293 
-1.24707 
2.21387 
-0.167969 
-2.11328 
-3.81934 
-2.32227 
4.50488 
-1.91602 
5.49023 
-2.7793 
-0.757813 
-2.62891 
2.08789 
-1.17871 
-0.0263672 
-3.30664 
-4.3584 
-0.0537109 
2.00195 
2.44531 
2.10156 
2.59863 
-4.47559 
3.9209 
2.37695 
3.25195 
-0.995117 
0.946289 
2.48047 
-0.820313 
1.82324 
3.33691 
-3.4082 
-2.06152 
0.115234 
-2.35352 
-2.80078 
-6.19043 
3.52148 
-1.51855 
2.125 
0.679688 
0.00683594 
-6.62402 
-1.90527 
3.75977 
-3.10156 
0.423828 
0.0800781 
1.36719 
-3.54785 
-3.68555 
-4.21191 
-0.517578 
4.50488 
-0.734375 
-1.21094 
0.542969 
-1.78906 
-3.99023 
-4.19727 
-5.9668 
-0.847656 
0.445313 
-0.238281 
1.18359 
-1.15332 
-1.58789 
1.25586 
3.2334 
0.387695 
2.6377 
3.79004 
-4.66211 
1.36914 
-0.541992 
1.71191 
-1.79883 
-2.06348 
-4.49023 
-4.03516 
1.62891 
0.676758 
1.7373 
0.913086 
1.1084 
3.48438 
-4.03516 
3.7959 
0.913086 
-2.30469 
-0.275391 
2.21387 
-3.22461 
4.33203 
-2.55469 
3.98242 
4.20801 
-1.88672 
-3.13574 
-2.76074 
0.507813 
0.0214844 
-3.52539 
-2.13965 
0.373047 
0.902344 
1.7666 
0.170898 
0.196289 
1.68945 
2.51367 
1.21484 
-6.31641 
-0.808594 
-0.116211 
-1.04004 
3.1543 
0.724609 
2.41113 
-2.43457 
-5.625 
-2.88477 
-0.714844 
2.24707 
-4.84277 
-1.85059 
-7.69043 
-3.66211 
3.1123 
2.53906 
-6.64355 
0.65332 
0.828125 
-1.64063 
3.92383 
3.39258 
1.95801 
0.572266 
0.469727 
-5.27051 
-2.58398 
-1.25781 
-3.71875 
-0.766602 
-1.71094 
-1.36914 
1.59863 
-2.5166 
1.25293 
-0.732422 
3.59766 
-7.69043 
-5.83691 
3.94043 
0.646484 
2.47559 
0.157227 
-3.81934 
3.04492 
2.41992 
0.944336 
0.68457 
-2.05566 
-1.54199 
0.867188 
-0.895508 
1.72461 
-1.14648 
-0.0947266 
0.823242 
0.811523 
-0.121094 
3.21875 
2.49219 
0.604492 
-3.13867 
1.81836 
2.85352 
-5.61621 
1.0127 
3.01855 
1.15039 
1.14258 
0.487305 
-2.24414 
-0.194336 
-6.41309 
0.229492 
2.62891 
-1.55469 
0.757813 
0.563477 
3.26855 
1.20996 
-0.835938 
4.23535 
-0.993164 
-1.06641 
2.79492 
-0.99707 
-1.62598 
-2.9541 
-2.48633 
0.183594 
3.05664 
-6.41309 
1.01367 
-0.494141 
-1.71094 
2.11426 
2.88867 
-3.10156 
-0.53125 
0.333984 
3.66895 
2.21484 
-1.79297 
-4.21875 
-2.30566 
4.92676 
0.71582 
0.0302734 
2.04199 
-0.639648 
1.84473 
-3.93457 
1.97461 
-3.16309 
0.65918 
1.70605 
-1.1084 
-3.99219 
2.03516 
1.55078 
1.22559 
2.62988 
1.69922 
3.66895 
4.67383 
-4.71387 
-1.93555 
-3.4209 
-2.9541 
2.42383 
0.280273 
2.89746 
-0.0878906 
1.12695 
-3.69824 
4.11426 
3.4248 
2.99414 
-3.16406 
5.04297 
2.44629 
4.46387 
-3.81934 
0.71582 
-1.16797 
-2.19434 
-3.05078 
-5.54785 
1.49023 
2.49121 
2.14844 
3.29395 
0.324219 
-1.01855 
0.233398 
-3.35742 
1.86328 
-4.93359 
-0.841797 
2.85742 
-0.80957 
-0.0976563 
-1.55371 
4.02246 
-4.05957 
2.94434 
0.96582 
3.21875 
-1.12891 
1.5957 
-5.86426 
-4.49902 
-0.143555 
-0.458008 
-1.97168 
1.9541 
-2.70117 
3.75098 
0.832031 
0.568359 
-2.67676 
3.39355 
-0.0517578 
1.22559 
-2.20215 
-1.03223 
0.689453 
0.185547 
-0.0664063 
0.0966797 
1.07422 
-1.50488 
1.99023 
-1.02051 
-2.64746 
-0.976563 
-4.73438 
-5.90332 
1.45605 
3.99023 
-2.09766 
2.56641 
-0.40332 
-5.47559 
2.06152 
1.04102 
3.62402 
0.09375 
2.16797 
2.18652 
-1.43652 
2.86621 
-0.802734 
2.67188 
2.74121 
-3.16406 
5.08203 
-1.49512 
-2.41113 
4.42383 
-0.0371094 
-6.67188 
-5.3418 
-2.76074 
5.01172 
-1.00488 
-2.89258 
-3.23438 
-0.368164 
-0.0136719 
0.428711 
1.87695 
-0.817383 
1.39941 
3.07617 
-4.17871 
-1.86816 
2.14258 
0.464844 
-4.08691 
-1.39746 
0.121094 
-0.157227 
-0.595703 
-1.82031 
-6.2832 
-4.99805 
2.22852 
5.10547 
-1.73438 
1.55859 
3.20215 
-5.06836 
-6.33301 
0.697266 
-5.69238 
-1.20313 
-2.52637 
-3.63867 
-2.32422 
-6.75879 
0.680664 
-0.932617 
0.174805 
-1.84082 
-1.55371 
1.0752 
0.908203 
-2.33594 
-2.31836 
0.381836 
3.0752 
0.479492 
-0.950195 
-2.10352 
1.43848 
-2.95703 
5.09766 
3.73438 
-1.50488 
-3.78027 
-0.702148 
-0.625977 
0.143555 
4.3457 
-2.68652 
0.243164 
1.23242 
-6.92188 
4.5127 
2.39453 
-5.06934 
-3.96777 
2.26172 
0.53125 
1.04492 
0.524414 
0.755859 
-0.200195 
-6.48438 
2.40625 
-3.7832 
-0.242188 
-2.39355 
0.519531 
-0.77832 
-5.74023 
1.37402 
-1.30664 
-2.1123 
-7.69043 
2.68652 
-4.77051 
-5.43066 
-1.44922 
0.526367 
2.44336 
-0.0146484 
-4.04395 
0.40625 
2.42676 
0.802734 
-2.2627 
-1.77051 
-0.474609 
-0.577148 
4.79688 
-0.591797 
2.88574 
1.97754 
-0.402344 
3.23633 
-6.54785 
1.13477 
3.56055 
-0.144531 
1.97559 
-0.113281 
2.14648 
3.14941 
-4.3584 
-1.96094 
-0.365234 
0.126953 
-4.77734 
-6.41309 
3.08301 
-1.7002 
-1.75391 
0.347656 
1.13184 
1.16016 
3.85449 
1.48242 
-3.12891 
-0.295898 
4.8916 
-7.69043 
1.66895 
-1.92188 
2.33984 
-2.82031 
1.86523 
2.72656 
4.37012 
3.04102 
-2.3916 
-4.81152 
-0.170898 
2.56543 
1.7207 
-5.42188 
1.2666 
-5.12402 
1.62793 
2.64258 
-0.610352 
-6.62402 
-1.23535 
-3.77148 
-0.216797 
-1.15137 
-4.55176 
2.91895 
-2.08105 
1.5791 
2.75781 
-1.88672 
4.8252 
-1.04688 
1.30664 
1.7793 
-3.81836 
-4.76465 
-0.871094 
1.72266 
3.36816 
1.5459 
1.06348 
-0.904297 
0.0 
-4.10449 
1.5625 
-1.47363 
-1.70898 
-0.448242 
-3.13086 
0.423828 
-0.188477 
-6.75879 
1.06055 
-3.61719 
-2.24609 
2.14746 
1.26074 
-2.24805 
0.353516 
-2.01855 
-0.682617 
0.196289 
-5.63281 
1.47949 
0.954102 
1.31055 
3.53125 
-3.83301 
-4.8457 
3.59082 
-2.92383 
-2.08887 
1.62598 
3.04492 
-1.88965 
-1.93848 
1.70801 
0.308594 
-1.71777 
0.239258 
-1.7002 
3.4082 
2.53027 
0.81543 
-1.15918 
1.89453 
-2.67871 
2.45703 
-2.27832 
-2.85547 
4.38086 
2.80371 
-3.2666 
0.0332031 
0.851563 
-1.11914 
2.23828 
1.48438 
1.7334 
0.610352 
-7.69043 
3.46387 
-0.745117 
0.164063 
1.56836 
-2.12109 
5.05273 
-0.976563 
-0.356445 
-1.83887 
0.740234 
2.39063 
-0.09375 
1.50488 
2.43164 
1.99219 
1.97559 
-0.941406 
-3.93066 
-0.25 
-3.81934 
-1.59766 
-3.81934 
-3.24219 
1.28711 
0.297852 
-0.594727 
-1.80859 
0.557617 
1.51074 
0.265625 
-5.53223 
3.58691 
-0.173828 
-2.49219 
0.818359 
-1.93359 
2.80371 
-1.88477 
-3.3125 
-3.81934 
2.78711 
3.44824 
0.885742 
-1.28027 
-1.91797 
0.105469 
-1.24707 
-7.69043 
2.78809 
-3.56348 
-4.01074 
-2.55469 
1.11523 
-0.436523 
-1.26953 
-3.2666 
3.38281 
-1.00098 
1.92676 
-1.94531 
-0.00292969 
-1.67871 
2.07031 
3.12305 
5.05664 
-0.731445 
1.24902 
1.87793 
-3.81934 
-1.73242 
2.24707 
-3.3125 
-0.680664 
-5.66309 
1.34863 
0.726563 
2.47363 
4.68066 
-2.80469 
-2.94141 
1.82813 
3.54297 
0.513672 
-1.04004 
1.51172 
2.16699 
-1.42383 
3.10742 
-4.9209 
-1.04785 
0.638672 
2.41113 
-0.201172 
-0.632813 
-0.615234 
-4.02344 
0.731445 
-5.11035 
1.18359 
0.046875 
-3.3125 
-0.177734 
-0.211914 
-6.2832 
-0.287109 
1.55957 
1.51074 
-1.19727 
-4.67285 
-5.14063 
6.08594 
0.998047 
1.63184 
-0.175781 
-4.26953 
-5.60449 
-1.28711 
1.43262 
3.34961 
-0.482422 
-2.99707 
-0.864258 
-3.3125 
-1.79004 
-0.353516 
-1.83398 
0.848633 
-0.358398 
-0.298828 
1.06348 
-2.09863 
1.48633 
1.80859 
2.65234 
1.78711 
0.814453 
1.76563 
5.66211 
2.79688 
2.02344 
1.31934 
-1.79102 
2.89648 
1.22266 
-0.524414 
-3.40137 
2.10352 
1.77051 
0.702148 
-1.08691 
-2.06152 
-5.19824 
-5.33105 
3.85645 
-0.115234 
2.21582 
-2.65234 
-0.742188 
-2.01855 
3.52148 
1.97656 
1.24512 
2.13477 
2.26074 
0.379883 
4.75 
-5.57715 
1.27539 
-4.60547 
0.947266 
4.33008 
-3.96191 
-0.0644531 
-2.3457 
0.0341797 
1.03711 
0.873047 
1.85352 
3.10059 
-0.503906 
-0.469727 
3.79297 
4.05273 
-0.6875 
0.266602 
-5.12598 
-6.62402 
-2.08887 
-4.17871 
-0.524414 
-5.12598 
2.53418 
-0.557617 
2.0791 
-3.47168 
0.857422 
0.75 
-3.12793 
2.39648 
2.79102 
2.00293 
2.50684 
0.921875 
4.00195 
2.11133 
0.28125 
-4.19141 
1.83594 
0.503906 
-1.32129 
0.859375 
-6.54199 
2.15527 
-6.54785 
-1.78027 
-3.3125 
-0.717773 
-0.735352 
3.59766 
-2.65332 
-4.84668 
-5.38086 
4.03711 
2.94141 
-0.798828 
1.74707 
-4.07422 
-4.08008 
-5.12598 
0.306641 
2.49414 
0.915039 
0.442383 
-2.38184 
1.66992 
-0.314453 
2.80762 
0.563477 
3.0332 
0.295898 
-0.376953 
-0.883789 
1.55859 
-0.404297 
-3.1084 
0.191406 
-6.92188 
1.20117 
-0.716797 
1.64648 
1.64648 
1.24609 
-1.8418 
-0.859375 
-6.98535 
-7.69043 
0.657227 
1.83008 
0.514648 
-3.81934 
-6.34668 
2.41211 
-5.86426 
-3.84863 
-3.28516 
-0.975586 
0.378906 
2.1084 
3.74414 
-0.134766 
-2.12109 
0.56543 
2.87988 
0.99707 
0.626953 
0.328125 
0.905273 
-0.924805 
-0.861328 
0.155273 
2.11914 
3.46094 
1.66113 
0.542969 
-5.63281 
-0.725586 
-0.423828 
-0.520508 
2.36523 
-0.970703 
-2.27637 
1.48828 
-1.15234 
1.93848 
1.10059 
-0.110352 
4.22266 
-0.611328 
-1.75391 
4.72949 
-2.70117 
1.78711 
-2.61328 
-6.19043 
1.91406 
2.49609 
-0.130859 
4.7793 
1.46875 
0.0390625 
-2.20215 
-2.24414 
1.95898 
2.86426 
-6.31641 
-3.23242 
3.13379 
2.07324 
0.799805 
0.777344 
-2.68945 
-0.0263672 
3.13672 
1.01855 
2.43164 
3.11035 
1.24609 
-2.87598 
-1.93164 
2.16504 
-3.07715 
0.826172 
0.731445 
