-1.77246 
-2.00879 
-1.66797 
2.82422 
-0.859375 
-5.48242 
3.83203 
-0.431641 
-0.09375 
2.06934 
0.0849609 
0.382813 
-0.954102 
5.14648 
-0.110352 
-1.24414 
2.66309 
-0.810547 
-2.25781 
1.12988 
-1.4873 
6.83105 
-0.169922 
7.17969 
-2.13184 
-1.19238 
-2.00879 
2.0918 
0.519531 
-2.40332 
1.16406 
0.598633 
-4.0127 
-4.2168 
-1.70508 
0.298828 
-1.48145 
-4.2373 
4.51855 
-3.23926 
0.311523 
-0.157227 
2.69336 
-1.95215 
-1.35352 
-2.4834 
-0.864258 
2.13965 
1.13184 
3.84375 
1.52441 
3.20215 
1.85156 
-3.89355 
0.961914 
-4.30762 
-4.05176 
1.61816 
5.33301 
3.12598 
5.88867 
2.98145 
-3.26074 
9.05664 
1.36621 
0.619141 
4.67188 
-3.52539 
4.77539 
-4.2207 
-1.06152 
1.36621 
0.150391 
-0.329102 
-2.80273 
-1.21387 
-3.18945 
0.0332031 
1.03125 
1.1709 
5.67871 
-3.33203 
-0.0166016 
3.39453 
0.871094 
-4.79297 
0.988281 
-3.43652 
-0.0742188 
-0.914063 
-3.17383 
-3.26172 
-4.77051 
-4.25977 
-1.54102 
1.39258 
2.83203 
1.89551 
0.527344 
-0.654297 
3.80762 
1.18457 
-3.42676 
-3.85059 
0.289063 
-0.532227 
6.05176 
1.21387 
-0.948242 
-3.87012 
-3.03125 
0.94043 
1.69141 
1.1748 
6.50781 
-3.43262 
-2.09961 
-0.56543 
-0.292969 
-1.8457 
-1.58789 
-3.12012 
4.32715 
1.70898 
0.908203 
-1.71387 
3.31543 
2.2373 
5.96191 
0.185547 
-3.08008 
5.85449 
0.37793 
-3.50098 
-4.77344 
-3.39551 
4.11035 
-2.26172 
4.27441 
-1.19434 
2.36719 
-2.55371 
0.506836 
-4.22559 
-0.852539 
0.152344 
3.8291 
4.04395 
-1.27637 
4.09766 
-1.43066 
1.59082 
-4.85938 
2.07324 
0.504883 
-4.94922 
0.311523 
-4.14258 
0.237305 
-3.71191 
-2.96484 
-1.25 
1.9668 
2.3877 
2.38477 
1.58984 
-4.08105 
-2.64063 
0.595703 
0.171875 
1.02246 
2.08301 
-1.83887 
-1.76855 
1.33984 
-1.6543 
0.380859 
3.29492 
1.24121 
-1.23242 
0.0273438 
-3.28711 
1.35352 
3.16211 
1.69824 
-1.42871 
-0.699219 
-1.11426 
-4.62988 
-2.70996 
1.88867 
1.52734 
-2.75195 
2.41992 
-2.58301 
-0.601563 
-1.72656 
1.37988 
2.66992 
2.98438 
1.82422 
-3.4873 
0.0888672 
-0.34082 
0.879883 
-0.300781 
0.742188 
-4.06152 
-0.250977 
3.12988 
1.60156 
-1.22949 
-0.37207 
2.47363 
-3.49512 
-0.275391 
6.61426 
0.544922 
6.41797 
2.02637 
1.8877 
-2.08887 
-4.84082 
-0.176758 
0.982422 
-0.982422 
-0.235352 
2.01758 
5.94141 
-3.53125 
0.998047 
0.116211 
-0.867188 
0.473633 
-4.11816 
1.52344 
0.560547 
0.412109 
0.0488281 
-1.18164 
0.261719 
0.244141 
2.44727 
1.89258 
-0.556641 
5.78027 
0.90332 
3.5752 
-5.48242 
4.90723 
-0.749023 
4.25488 
-2.14063 
-2.53711 
-0.588867 
3.25488 
0.485352 
3.74316 
-2.37207 
1.64063 
-0.791992 
-1.25195 
-0.000976563 
0.398438 
-0.169922 
3.03711 
-5.48242 
-0.0429688 
2.22266 
3.99902 
-4.60254 
2.66504 
-1.86816 
-2.21484 
1.06934 
2.78027 
1.25684 
0.657227 
-1.55176 
-0.441406 
-4.77344 
9.34082 
-0.842773 
-2.67383 
3.5 
-4.75 
1.67676 
1.0791 
2.52832 
1.14844 
-1.8418 
1.00781 
-3.95605 
-1.12598 
2.30664 
-2.07227 
-1.18457 
-0.352539 
2.94727 
-1.30859 
3.00977 
0.0224609 
-0.912109 
-3.1416 
4.74707 
-0.427734 
-1.96094 
5.66406 
3.66016 
-2.8291 
3.94141 
-3.12207 
-1.58398 
-2.72461 
-0.135742 
-2.10547 
-4.16895 
-3.39453 
-1.02539 
-1.05371 
-0.484375 
0.71875 
-0.730469 
-2.72949 
3.29688 
-0.148438 
0.220703 
-4.04492 
-2.64844 
5.66016 
0.84082 
2.6709 
-5.48242 
2.48438 
0.966797 
0.401367 
-2.37207 
7.10938 
1.01758 
-0.836914 
-1.09375 
-1.56348 
-2.71973 
1.04199 
-2.2002 
0.425781 
0.294922 
-0.09375 
2.27734 
0.162109 
4.66406 
-2.69824 
-0.674805 
2.28027 
-0.280273 
-2.4541 
1.47754 
-4.22559 
-4.08984 
1.95215 
1.96582 
-4.16895 
4.00098 
4.52734 
-0.183594 
1.18848 
-2.76855 
2.15137 
0.268555 
2.63281 
-1.89355 
-1.04199 
-0.0556641 
-2.01172 
6.60742 
-3.28027 
-2.52051 
0.589844 
0.824219 
2.43066 
-2.60449 
-3.19629 
0.905273 
-0.790039 
3.13086 
1.3125 
0.636719 
-4.25977 
6.75781 
5.06543 
0.0146484 
2.82031 
0.520508 
-4.77344 
0.670898 
-4.4541 
0.40625 
1.30176 
-4.06445 
-1.50586 
-0.787109 
0.373047 
-1.75098 
1.60645 
2.5957 
-3.33203 
1.70117 
0.660156 
-4.70215 
-1.13379 
-4.0752 
0.273438 
0.364258 
-3.86914 
-0.44043 
-2.0625 
-3.44141 
-2.18457 
-0.366211 
-3.26074 
-4.23535 
-2.79492 
-0.912109 
2.8877 
-2.81934 
-2.75684 
4.20703 
4.21094 
9.98047 
-1.16797 
3.75781 
-2.00488 
-1.70801 
0.00390625 
-1.21387 
-3.35449 
5.75977 
5.2832 
-1.53223 
-1.96094 
-3.85254 
1.82617 
-1.43555 
-0.865234 
-0.585938 
-3.60938 
-0.393555 
-2.18848 
-2.11816 
1.7334 
2.16211 
6.37402 
-0.285156 
-2.00879 
2.46973 
-0.581055 
0.908203 
-2.99805 
-2.8291 
1.59766 
-0.799805 
0.28418 
0.0888672 
-1.35352 
-3.46582 
-3.85254 
-2.70117 
-1.03906 
1.52246 
2.37695 
1.99512 
1.64941 
-1.9043 
-1.1875 
0.263672 
1.21973 
0.77832 
-0.209961 
4.34863 
1.92383 
-1.75586 
-2.84277 
-3.33691 
-1.4834 
0.219727 
-0.892578 
-2.7334 
3.2666 
-0.998047 
4.48047 
-1.88281 
0.581055 
-4.59766 
-4.75 
-2.42773 
1.90918 
1.68457 
-0.620117 
-0.404297 
-0.753906 
-1.67188 
-1.91504 
-2.53516 
-1.05469 
-3.60938 
-1.91797 
4.16992 
1.35254 
0.598633 
3.83887 
0.802734 
3.03711 
-1.07617 
1.86621 
4.29102 
2.71777 
5.40625 
-3.16211 
-3.43652 
4.20508 
1.3125 
3.1416 
-2.43262 
2.50195 
-3.63184 
-1.97559 
4.05762 
-0.305664 
-3.16113 
0.262695 
0.367188 
-1.72949 
-1.40234 
-1.79395 
-0.620117 
5.79102 
3.49219 
3.20898 
1.33301 
-3.85254 
1.88379 
3.4375 
4.47461 
-0.551758 
1.3584 
1.51855 
4.79102 
-2.64063 
1.57031 
-3.85254 
2.95117 
-2.00488 
-3.23438 
-2.28809 
1.13965 
3.13574 
-3.85156 
4.24609 
-1.81543 
-0.0166016 
5.08008 
-1.17773 
2.74219 
-0.0253906 
-0.266602 
-3.1416 
7.61328 
1.53906 
0.984375 
-0.678711 
-3.36621 
-1.16699 
3.00684 
0.643555 
3.85742 
1.03027 
0.943359 
-1.2998 
0.117188 
-2.93359 
6.24414 
4.37793 
-2.59277 
-3.16113 
-1.66504 
2.30566 
-1.69434 
-1.37598 
-0.449219 
0.522461 
5.67383 
-1.37598 
2.47852 
1.18652 
-2.56445 
-2.58887 
-0.319336 
-1.27637 
2.55371 
0.0322266 
3.2627 
-1.59375 
0.140625 
5.39941 
-0.170898 
-0.205078 
2.21094 
-4.77051 
-2.88867 
0.469727 
0.458984 
2.21875 
4.34863 
-0.700195 
-0.787109 
4.44141 
-0.791992 
0.0234375 
-2.82227 
-2.56738 
0.693359 
0.259766 
5.6875 
0.801758 
2.37988 
3.53906 
0.100586 
2.87012 
1.17676 
-2.76758 
-0.750977 
1.52148 
-1.28906 
1.61523 
2.05859 
-1.31543 
-1.35938 
-4.2168 
0.892578 
-4.28027 
0.711914 
0.976563 
1.69336 
6.91504 
3.06836 
0.953125 
-3.49316 
-3.45703 
-1.89551 
-2.97266 
-3.26563 
-2.71387 
-3.59082 
-3.25781 
7.06934 
-0.455078 
-1.11914 
-4.78418 
0.34082 
-0.105469 
0.644531 
1.22266 
-3.54199 
-0.514648 
2.5752 
0.342773 
-4.59766 
1.37695 
1.34473 
2.2373 
-4.08105 
5.15039 
0.645508 
0.15918 
-4.01953 
3.94434 
3.9873 
-1.18555 
3.04688 
-0.121094 
0.720703 
3.91699 
6.34473 
2.50293 
1.76563 
1.14941 
1.55078 
-0.329102 
10.7725 
0.249023 
0.554688 
-0.851563 
-5.48242 
1.69629 
-2.63867 
0.612305 
0.15918 
6.57227 
4.29199 
-3.43652 
5.39844 
-2.32617 
8.70898 
-3.35449 
3.00098 
-0.495117 
-4.06348 
-2.9248 
1.80176 
-1.52637 
2.45996 
0.126953 
-1.07129 
-2.62793 
-1.00488 
4.50977 
1.67773 
-0.455078 
7.46387 
-2.71289 
0.12793 
2.90234 
-0.805664 
4.04102 
5.16211 
5.89746 
-0.580078 
-0.352539 
-3.34277 
-0.345703 
4.50391 
1.70703 
-3.53125 
-2.34961 
1.91113 
-2.42871 
3.07715 
2.6582 
1.3916 
-1.11621 
-2.12891 
-0.139648 
1.86816 
-2.7998 
-0.325195 
-4.94922 
-3.99316 
-0.523438 
2.72363 
-4.94922 
0.3125 
-2.47754 
2.58594 
1.67578 
-1.1748 
-2.28516 
1.31836 
-1.30762 
1.91992 
-2.81641 
1.66895 
-0.862305 
7.1416 
2.53516 
-0.142578 
5.9209 
0.652344 
-2.64746 
1.31641 
-0.618164 
-1.21875 
0.0986328 
1.73535 
1.21289 
1.0791 
3.47656 
4.0127 
-4.07324 
0.765625 
-4.79297 
-1.9082 
0.663086 
-5.48242 
-2.58691 
-4.15625 
4.56348 
0.144531 
-0.655273 
-0.974609 
2.89258 
1.5918 
-2.63379 
5.91016 
1.07715 
-1.12793 
-0.826172 
1.09961 
4.77344 
-3.31934 
4.01855 
1.75391 
-1.65137 
-4.75879 
-3.89941 
0.269531 
-3.62305 
-2.43457 
-1.33789 
-0.711914 
-0.72168 
1.43945 
0.0800781 
0.30957 
-2.90723 
-0.0947266 
-1.19727 
-0.954102 
-5.48242 
0.862305 
-0.893555 
-0.984375 
0.152344 
8.7168 
2.10059 
7.53418 
0.625977 
-2.82129 
6.8584 
0.921875 
-1.08789 
0.705078 
2.4541 
0.733398 
-5.48242 
2.42773 
1.26953 
0.268555 
1.2207 
2.85254 
-3.31934 
1.51563 
-2.96191 
-1.8418 
3.05469 
2.12207 
4.77246 
0.370117 
-3.71777 
-2.76465 
0.80957 
2.5 
-3.29492 
-0.542969 
-3.53125 
0.908203 
-2.26172 
3.63281 
-2.96484 
-2.05566 
2.33203 
-0.135742 
1.71191 
0.539063 
-4.08105 
2.33301 
-3.37207 
4.4043 
3.39453 
-3.58203 
0.84082 
0.382813 
-0.748047 
4.69531 
0.182617 
4.84668 
0.264648 
-2.67773 
3.12891 
0.287109 
1.50391 
6.06152 
-0.333008 
-1.96191 
-2.17578 
0.241211 
-0.594727 
-3.12402 
2.52246 
-2.71777 
-1.79297 
-0.902344 
0.75293 
-1.06348 
-2.18164 
-4.2168 
-5.48242 
-1.11719 
3.16016 
-3.53125 
1.45313 
0.723633 
1.09277 
-0.631836 
3.5625 
-4.2373 
-2.4834 
3.3916 
-4.15625 
-4.0752 
4.24512 
5.04883 
-0.149414 
-1.75488 
-0.483398 
-1.80176 
-4.78418 
-1.05664 
-1.99121 
-0.148438 
0.316406 
6.47949 
0.0351563 
0.22168 
3.94336 
-1.06152 
-0.546875 
-1.67383 
-1.16113 
2.69824 
-3.89355 
0.288086 
-3.89746 
-0.363281 
1.7168 
3.97656 
-1.37305 
-3.44141 
0.629883 
-3.86523 
-2.37207 
1.25879 
0.425781 
-3.49316 
-0.574219 
5.17188 
-2.67773 
-1.39258 
-4.06934 
0.695313 
2.54688 
-4.06445 
-2.24023 
-0.813477 
1.57031 
-3.31445 
-2.9707 
0.794922 
1.16797 
2.3623 
-1.5127 
1.80664 
1.78613 
2.48535 
-3.36914 
1.51563 
-2.81641 
5.58984 
0.380859 
-3.49316 
3.2002 
1.96094 
0.617188 
3.44629 
2.38574 
3.09277 
4.02246 
-1.43945 
2.76855 
-0.580078 
-2.47559 
2.27051 
-2.50977 
5.8623 
2.62793 
-0.704102 
1.78711 
-1.11914 
7.20996 
-3.44141 
9.16699 
-1.64941 
-2.44629 
-0.944336 
1.4707 
-2.03906 
3.68359 
1.85156 
2.17285 
-1.95605 
-1.39453 
-4.25977 
-0.205078 
3.22949 
1.08008 
0.467773 
3.34375 
0.178711 
0.249023 
-4.77344 
-2.63379 
1.90332 
2.97949 
-2.26855 
0.0478516 
2.89648 
-1.12695 
-1.27539 
-3.75879 
-3.07129 
7.87109 
3.17969 
-1.47461 
3.06445 
4.9873 
1.43262 
-1.1748 
-0.146484 
0.43457 
-1.35352 
-0.558594 
-4.05176 
-2.26172 
-0.492188 
0.277344 
8.33984 
-4.23535 
-3.09375 
0.674805 
1.43457 
-0.078125 
1.90039 
3.92188 
-3.25977 
-3.99316 
-1.10547 
6.66016 
0.318359 
2.10938 
2.12109 
0.841797 
7.91895 
0.0595703 
-2.7334 
-1.18555 
0.527344 
6.13281 
-4.43066 
-3.23438 
1.19531 
3.75195 
1.21582 
-0.242188 
2.19727 
2.0791 
2.32129 
1.25781 
-2.29297 
3.56543 
-0.606445 
4.29883 
-0.618164 
4.74316 
-4.85938 
1.03125 
4.875 
-0.890625 
0.617188 
8.04102 
-1.7832 
1.27734 
-0.606445 
2.07227 
-4.15625 
3.12891 
1.01074 
-1.20313 
6.36426 
-2.83398 
-1.96777 
4.57813 
0.110352 
4.89941 
-0.0986328 
-1.86816 
0.522461 
-1.1543 
1.3291 
1.88379 
2.6543 
-0.805664 
0.775391 
-2.21582 
-0.118164 
1.68555 
-0.908203 
2.78906 
4.44727 
0.695313 
-3.4375 
4.57422 
-1.03906 
-0.597656 
-0.15332 
2.09766 
-2.40234 
-1.83691 
-0.633789 
0.270508 
-0.293945 
-1.78613 
4.29883 
2.99707 
-1.70801 
-0.429688 
6.7627 
1.32031 
-0.379883 
2.61621 
-4.28027 
-4.14746 
-2.04297 
-4.77344 
3.26465 
1.19434 
-2.01855 
-3.85254 
-0.738281 
1.36035 
-0.723633 
-3.62305 
-0.974609 
-2.71777 
0.603516 
7.3457 
0.1875 
2.82422 
-0.841797 
-4.06348 
-3.9043 
3.81445 
0.337891 
-1.17285 
8.23145 
3.65918 
2.35352 
2.20215 
1.82227 
-0.864258 
-2.45313 
-3.37598 
0.570313 
-1.37891 
0.911133 
-2.47852 
-3.10645 
-3.18457 
2.10449 
4.07813 
6.96387 
-3.60352 
0.253906 
-0.898438 
-2.0498 
-0.512695 
-1.50391 
1.83789 
-1.10449 
0.391602 
0.772461 
-0.0439453 
-0.366211 
-4.0127 
-0.109375 
-3.41992 
2.83984 
0.233398 
4.34277 
-1.61426 
4.83691 
1.01074 
8.6543 
-0.438477 
0.371094 
1.84277 
3.56543 
-1.21973 
-0.0136719 
0.470703 
-1.37891 
-2.5498 
-0.381836 
-2.54492 
-2.80176 
-2.4834 
-3.49316 
-2.70898 
1.84375 
-2.55469 
2.02734 
4.58105 
5.55273 
1.26074 
6.11719 
3.39453 
-3.15625 
-1.73633 
-0.25 
-1.78906 
-3.49316 
-3.14648 
1.19727 
3.88672 
1.55957 
-0.740234 
-1.04004 
-0.964844 
1.73828 
-4.70215 
-2.73242 
-1.83789 
1.06445 
-3.33594 
1.30664 
-4.75879 
-0.00195313 
2.62793 
1.45508 
4.38477 
-0.488281 
2.26758 
3.64648 
-0.587891 
-0.893555 
2.29395 
-1.12988 
-3.33105 
-0.924805 
-1.06934 
-0.318359 
-0.738281 
1.7793 
6.43848 
6.86328 
0.314453 
0.3125 
-0.257813 
-3.89941 
0.869141 
-1.84473 
6.63672 
0.785156 
4.69629 
-1.98535 
-4.28027 
-0.518555 
3.07813 
-3.87891 
-0.456055 
1.45996 
0.0078125 
-3.13477 
-3.00781 
-0.990234 
1.05762 
5.14941 
2.85352 
3.43262 
0.31543 
2.91211 
-2.22949 
-5.48242 
-1.07227 
2.8877 
2.3125 
4.88379 
-1.28223 
4.49902 
2.94922 
-1.4834 
-1.11426 
0.277344 
2.36621 
6.80859 
1.92676 
-1.71191 
-1.74414 
-3.36914 
-0.456055 
-0.84082 
4.00781 
0.126953 
0.449219 
2.47852 
1.1875 
-0.924805 
-3.0166 
-2.22949 
-1.48828 
-3.42188 
0.860352 
-3.26367 
-0.879883 
0.780273 
2.49902 
-4.10156 
-0.308594 
2.92383 
-0.15918 
-1.18164 
1.67188 
-1.45313 
-0.498047 
0.992188 
-2.68555 
-1.19531 
1.20605 
2.81445 
-2.72266 
0.574219 
4.33789 
-1.71387 
-4.94922 
-1.5459 
-2.5957 
2.87695 
0.626953 
-5.48242 
-1.25098 
-1.85352 
0.355469 
2.58691 
-4.14258 
-3.37109 
1.94629 
-2.38965 
4.50586 
1.2002 
4.08008 
0.729492 
6.25684 
0.324219 
-3.49023 
1.14941 
-0.239258 
0.967773 
2.52246 
-0.487305 
-4.75 
2.82617 
-2.77344 
-1.42578 
1.86133 
4.21777 
-0.333008 
2.40918 
0.257813 
-4.22559 
-1.81445 
3.24902 
3.36816 
3.70117 
1.84961 
-2.4834 
-1.19336 
3.04785 
6.08789 
3.3457 
6.02539 
-1.99219 
0.626953 
-0.671875 
-2.57422 
-0.695313 
-3.44727 
-3.14258 
2.61426 
5.12207 
-4.77344 
0.480469 
-1.19629 
-0.807617 
1.74902 
-2.24902 
-0.399414 
-1.30469 
-1.83594 
-1.2002 
-2.64551 
-4.77344 
-1.18164 
-0.499023 
-2.21191 
0.764648 
3.21191 
-4.16895 
-1.70117 
5.05273 
0.825195 
0.182617 
2.4209 
-4.76855 
-0.365234 
1.94238 
6.17383 
-4.41211 
-2.96191 
-4.03613 
3.09766 
-2.84277 
5.81836 
5.61621 
-0.306641 
1.96094 
3.39355 
-2.9082 
-0.458008 
0.332031 
-2.20996 
-1.80566 
1.44727 
1.79297 
-1.14648 
-2.42871 
2.82422 
-2.43066 
-0.428711 
2.53906 
-4.06445 
1.1123 
1.60449 
-0.919922 
1.30078 
-2.70508 
-1.09375 
4.74219 
-2.53516 
-4.81348 
-1.11133 
3.75488 
1.10645 
0.625 
-3.16211 
0.0849609 
-1.80664 
1.92676 
3.65039 
0.87793 
0.994141 
-1.5791 
2.19141 
-2.38477 
1.67383 
1.41211 
0.428711 
2.3252 
-1.06934 
2.4375 
8.75586 
1.11719 
-1.90527 
-0.131836 
-0.121094 
-1.74805 
-1.43066 
-2.71289 
-1.39063 
-2.14551 
-0.443359 
-0.483398 
-0.0175781 
0.333984 
-0.349609 
0.498047 
6.39453 
0.100586 
-2.73047 
-0.833984 
3.42285 
-0.107422 
4.125 
-4.78711 
-0.166016 
-3.37109 
5.25098 
-3.16992 
1.98242 
-1.7207 
-1.50586 
3.6123 
-1.43262 
-0.206055 
-1.67383 
-0.696289 
0.130859 
1.86426 
-1.86035 
6.33496 
2.3877 
3.23828 
-1.98926 
3.64355 
-1.3916 
4.85742 
4.11816 
0.367188 
-1.96484 
-0.114258 
-0.368164 
3.89258 
1.02246 
1.77148 
-0.794922 
-4.16895 
1.0625 
-4.94922 
1.05371 
-5.48242 
-4.41211 
5.86719 
-2.85938 
4.18848 
-1.19141 
-4.11523 
3.18066 
-3.34961 
9.90039 
-2.26172 
1.6377 
-2.61914 
2.02539 
-2.52539 
3.25781 
-0.633789 
-0.62207 
2.6084 
2.63574 
-1.29199 
1.42969 
-0.131836 
-0.216797 
2.33594 
-2.03027 
2.60938 
2.52637 
-1.14258 
0.842773 
-3.34082 
-1.49805 
-4.02637 
4.0332 
-1.18164 
-0.0449219 
3.17773 
-2.77637 
1.58789 
4.30273 
-0.0556641 
0.759766 
-4.41211 
-1.79883 
1.54883 
2.29004 
1.90527 
3.47168 
-0.101563 
-0.978516 
-2.41113 
2.90039 
1.7793 
-2.81738 
-0.255859 
-4.75879 
2.5459 
2.19336 
4.12207 
-4.59766 
-4.78711 
1.25293 
-0.573242 
-4.81348 
0.334961 
2.08984 
4.68457 
0.568359 
2.69043 
1.92871 
-1.25781 
-2.21875 
-4.16895 
-0.0664063 
-2.25879 
-2.29688 
-3.47559 
1.96777 
-3.60352 
0.213867 
-2.30078 
3.1123 
-1.56641 
-0.152344 
2.72266 
11.2871 
4.44531 
-4.0752 
3.52734 
-1.04883 
2.7334 
-1.16895 
0.946289 
-1.88672 
2.56934 
-2.69824 
4.59277 
-2.46191 
0.0351563 
4.74414 
-2.63086 
-1.08594 
-1.34082 
1.32422 
-2.78223 
3.13281 
-0.680664 
1.49805 
4.70508 
-0.202148 
2.39258 
-3.52539 
1.82227 
-2.90625 
2.00977 
-1.1084 
-4.94922 
1.25781 
0.853516 
4.03809 
4.16992 
-1.17773 
-2.88867 
1.87891 
5.87598 
0.0146484 
0.832031 
-2.26172 
-3.43652 
-1.3623 
1.67676 
1.14551 
0.249023 
-2.96777 
1.12988 
6.3916 
0.90625 
1.18945 
0.936523 
-5.48242 
-0.046875 
2.22949 
-0.612305 
-3.35059 
2.21191 
-1.31836 
-1.47949 
-2.1582 
-4.16992 
1.7832 
5.02051 
-2.85645 
-1.04883 
5.09473 
-2.5625 
-3.57617 
-1.86523 
-4.25977 
1.2207 
6.34668 
-1.68652 
4.73145 
-2.74512 
6.90332 
1.24414 
-0.541992 
-2.12207 
-1.47266 
1.4707 
-1.33008 
5.85645 
-1.22266 
0.344727 
-0.754883 
1.70117 
-4.05176 
-2.56543 
-0.701172 
0.467773 
-2.21191 
-0.274414 
1.4209 
4.63574 
-0.753906 
-1.16992 
2.50391 
-3.40625 
-0.166992 
-1.27441 
-0.865234 
-2.88672 
-1.36133 
-0.276367 
1.5127 
-2.71289 
-4.94922 
2.18066 
1.58203 
-3.39551 
2.91309 
0.72168 
-0.168945 
-4.44922 
6.8291 
1.88672 
-0.567383 
0.482422 
-2.83203 
0.170898 
6.64258 
1.86523 
0.412109 
0.151367 
2.38672 
2.97559 
-0.90332 
-1.91211 
-2.27246 
0.598633 
-3.35156 
2.44434 
2.60156 
-4.04492 
-5.48242 
-2.36328 
0.171875 
-0.238281 
0.53125 
-3.61426 
5.29883 
-4.05859 
3.09082 
4.25879 
-0.59375 
3.15137 
1.62207 
0.407227 
0.474609 
-4.12402 
0.723633 
-3.4668 
-1.38379 
-0.750977 
3.71973 
-0.188477 
1.87891 
6.1123 
0.87207 
-0.987305 
0.603516 
0.237305 
1.99902 
-3.44238 
-1.83105 
1.67871 
3.82813 
-3.23926 
-2.54004 
4.54199 
-0.810547 
2.41504 
-4.94922 
6.58105 
3.81445 
-0.880859 
-0.442383 
1.87109 
1.44727 
-2.2334 
1.81641 
-4.23535 
-3.35059 
0.579102 
-2.4834 
-0.402344 
-2.73047 
-0.0546875 
-2.71777 
-0.0898438 
1.92578 
-0.875 
0.388672 
9.14063 
-3.47656 
-1.8125 
-1.28516 
2.11719 
0.880859 
2.64844 
1.76172 
2.45605 
2.26953 
-0.197266 
-1.20898 
1.70313 
-0.922852 
5.34277 
-1.43066 
-1.49414 
4.79785 
2.5498 
-0.757813 
-0.518555 
0.672852 
-3.44141 
-2.99219 
0.15918 
9.76563 
-0.194336 
-4.78418 
0.50293 
1.83301 
-0.944336 
-0.295898 
-1.82227 
0.0322266 
-4.77344 
-1.14355 
3.03516 
5.96973 
-0.395508 
-4.15625 
-0.649414 
-2.40234 
-4.15039 
2.00586 
0.463867 
1.65527 
1.4834 
3.02734 
2.78613 
0.0224609 
0.864258 
-0.341797 
0.804688 
6.05371 
2.27246 
2.91406 
-0.143555 
-1.51172 
-2.66797 
-0.266602 
5.22559 
8.30859 
2.03613 
-3.02148 
2.9834 
4.31152 
-3.06152 
2.03027 
0.209961 
2.21484 
0.1875 
1.8877 
1.96973 
0.342773 
-1.83691 
-1.75293 
0.297852 
-2.99219 
4.38086 
-1.94434 
2.32227 
-0.727539 
-2.64258 
-3.97949 
-0.325195 
-1.82813 
-0.62207 
-5.48242 
-4.04102 
-2.81348 
2.76172 
0.842773 
0.177734 
-1.82031 
1.05273 
2.43262 
-1.94043 
1.5127 
-2.01074 
0.272461 
-3.29102 
-2.6084 
-3.47168 
6.44824 
-0.786133 
0.657227 
4.48047 
-0.725586 
0.959961 
-2.38184 
0.573242 
10.3369 
2.10742 
-4.70215 
5.75684 
2.88574 
-1.37402 
4.23242 
-0.797852 
2.76074 
2.82129 
0.580078 
-0.0839844 
0.136719 
4.78516 
0.19043 
-0.325195 
-2.81934 
-3.31738 
1.4248 
-2.32129 
2.67285 
-4.10449 
0.520508 
-2.42969 
-0.90332 
-0.59082 
-1.72754 
4.6582 
-1.05469 
6.25098 
-4.2041 
-2.79785 
4.26172 
-1.08789 
-1.10645 
-4.0127 
1.66016 
1.5498 
-0.550781 
1.82227 
-0.518555 
-0.793945 
2.86523 
-4.2168 
6.44824 
0.375 
2.24316 
-2.7998 
-1.03711 
-2.9043 
-1.24219 
-3.2373 
-1.68262 
-1.98438 
5.77051 
-0.453125 
0.638672 
4.37793 
3.12012 
2.61133 
-0.208008 
-2.30273 
2.37207 
1.30176 
-1.55469 
0.71875 
6.39453 
-3.42383 
2.13867 
3.54492 
-0.977539 
3.42871 
1.31348 
0.519531 
-4.15625 
0.515625 
-0.956055 
3.40039 
4.02539 
-1.06348 
3.56934 
2.29785 
-2.73047 
-1.7832 
5.62109 
-4.04688 
2.20117 
-4.24512 
-0.40332 
3.55273 
3.27539 
-3.87012 
-1.90527 
-1.4834 
-1.92188 
-2.30273 
-3.3125 
2.51367 
0.972656 
-0.0205078 
-1.3457 
-2.24316 
2.72168 
0.568359 
-0.318359 
0.935547 
-1.07813 
-3.85254 
1.55273 
-0.625977 
1.86719 
-0.158203 
-0.137695 
5.28516 
-2.74023 
1.3584 
-4.0752 
0.224609 
-0.895508 
1.33008 
-1.77734 
1.16992 
-1.21289 
-2.70801 
-1.75 
-0.822266 
-0.168945 
-0.853516 
-4.75 
1.47754 
-0.0664063 
1.31836 
0.34375 
-3.15625 
-4.25098 
-4.16895 
1.06445 
-2.0498 
7.27051 
4.92773 
-1.18848 
0.599609 
0.351563 
-2.93164 
1.22754 
4.5957 
-0.69043 
1.32422 
2.34961 
0.180664 
-4.94922 
0.168945 
4.99316 
-2.70508 
-0.654297 
-0.0185547 
-0.375 
-4.05957 
5.11328 
2.00879 
4.68945 
-1.35352 
-2.89941 
-2.32617 
0.0322266 
1.75098 
-1.73145 
-0.521484 
-1.29199 
-0.308594 
-3.27148 
-0.837891 
-0.610352 
-3.35254 
3.24316 
-3.31934 
-0.765625 
2.32227 
-0.817383 
2.34961 
-0.714844 
3.10938 
2.21582 
0.626953 
-5.48242 
-1.875 
-3.43262 
-3.0166 
-0.331055 
-0.861328 
-2.7793 
4.52148 
4.14551 
-3.91602 
7.11035 
-2.56738 
-3.99316 
-2.38672 
-1.11914 
-4.75 
1.19043 
-0.113281 
4.23145 
-1.93066 
-0.150391 
-2.93359 
-0.255859 
-4.22559 
0.0908203 
0.275391 
-0.592773 
2.44043 
2.82129 
-0.551758 
1.77539 
-0.786133 
4.0498 
2.73633 
4.9209 
-1.55469 
-0.18457 
-3.97852 
0.553711 
-0.573242 
-3.41504 
2.98535 
-2.81641 
-0.996094 
-1.29395 
6.28906 
6.16699 
-0.272461 
3.67773 
3.37891 
-1.65918 
-2.36035 
1.31738 
-0.773438 
-4.14258 
2.77539 
-2.04395 
0.96582 
0.0849609 
-1.96484 
-4.0498 
-2.75977 
3.17188 
-0.519531 
1.20508 
0.96582 
3.59668 
4.9043 
-3.33984 
4.37207 
-4.77344 
-3.26172 
-4.77344 
0.499023 
-4.05176 
1.69043 
-1.94629 
-2.87109 
-3.21973 
-2.53711 
1.80859 
-1.41309 
-3.47363 
-1.39941 
-1.1582 
-1.75488 
0.299805 
-2.94238 
-2.68945 
-1.93262 
-2.75684 
5.13184 
3.07715 
-1.27734 
1.13086 
-1.14844 
2.86621 
0.242188 
-0.0996094 
-0.99707 
5.12109 
-0.657227 
0.729492 
3.25684 
1.79688 
-3.43359 
-2.16699 
-4.70215 
0.59375 
0.168945 
3.14941 
1.76563 
0.855469 
1.81445 
-0.941406 
2.68945 
-1.01074 
-0.701172 
-5.48242 
2.4209 
-1.49512 
1.36133 
-1.42578 
-3.2793 
1.00488 
0.438477 
3.2998 
5.50098 
5.47754 
1.52051 
0.614258 
7.41699 
-0.433594 
-1.07422 
-0.0878906 
-0.0800781 
-2.81348 
-0.37207 
-1.63672 
1.88965 
-4.76855 
1.02246 
1.09375 
-0.446289 
-4.2168 
-2.32715 
4.87793 
-2.66699 
2.64648 
-1.1084 
-3.01367 
-1.46094 
5.28516 
-1.78516 
-4.25977 
-3.33691 
3.59668 
0.117188 
-3.26074 
-3.67969 
0.737305 
-0.188477 
-2.08789 
0.4375 
0.927734 
1.44922 
0.285156 
3.88867 
0.917969 
-0.525391 
1.36621 
3.57129 
2.57617 
0.90332 
0.831055 
6.72754 
-3.6709 
2.42676 
1.45898 
2.32031 
1.4834 
-0.890625 
4.71777 
-5.48242 
-4.94922 
-3.98828 
-4.62988 
0.584961 
4.5498 
-0.791016 
2.5918 
1.04492 
-1.14551 
0.994141 
1.3291 
-1.51563 
1.81543 
-0.442383 
5.63379 
-1.18457 
0.884766 
5.73047 
0.644531 
-1.57617 
0.919922 
0.966797 
2.43262 
1.09375 
1.46973 
2.47168 
-0.807617 
-0.897461 
1.18262 
-2.0127 
-0.78418 
4.15723 
-4.59766 
-1.00781 
-1.28223 
-3.28906 
-3.26563 
-2.0127 
-3.82324 
0.986328 
-2.21191 
1.32324 
2.27051 
0.0957031 
-3.33301 
-1.33496 
5.33984 
1.7793 
-4.14258 
3.72656 
4.76953 
-2.19922 
5.82617 
1.29883 
-0.135742 
-0.104492 
5.07129 
4.24902 
-2.77148 
-1.98926 
4.35254 
1.81641 
1.58496 
-3.23438 
0.368164 
-4.94922 
0.486328 
-4.2041 
2.39551 
-4.75391 
4.75781 
-0.84082 
-3.42188 
2.34863 
2.33594 
5.66406 
4.5459 
-1.96582 
1.51172 
-2.87695 
4.22168 
-2.9082 
4.75586 
1.19727 
-1.88379 
-4.2168 
2.12207 
-0.864258 
-4.22559 
0.260742 
1.7041 
1.65527 
5.75684 
1.57227 
-2.20703 
-3.38672 
-0.951172 
1.14258 
-1.70801 
1.99023 
4.61719 
-1.04785 
-0.416992 
-1.87598 
0.470703 
-3.48828 
-2.81543 
6.22754 
-2.35352 
-1.24512 
-0.464844 
-2.69238 
-0.177734 
2.4541 
0.0976563 
0.738281 
-3.12793 
3.35352 
4.93945 
2.65918 
7.39746 
-0.795898 
-5.48242 
1.43848 
5.70996 
-0.704102 
1.50977 
-1.93262 
0.342773 
3.40234 
-5.48242 
1.08984 
3.31348 
-4.75879 
4.91504 
-1.50391 
0.239258 
1.9502 
4.38867 
0.987305 
-2.71777 
2.21191 
-2.7334 
-4.46484 
1.57129 
5.10156 
2.14258 
1.25977 
3.63672 
-2.74707 
1.32715 
-0.708008 
-3.4873 
-3.1748 
3.18359 
-0.0117188 
0.0732422 
5.24512 
-1.11816 
-4.14258 
-2.53223 
-2.54883 
0.249023 
1.62109 
-3.10059 
-1.53809 
0.549805 
-1.20215 
0.817383 
-3.16211 
6.05762 
-1.57422 
5.28418 
4.93457 
8.9707 
-4.94922 
0.657227 
-2.11816 
-0.774414 
0.178711 
0.0273438 
-4.16895 
0.832031 
-0.328125 
-0.369141 
0.289063 
9.01855 
-2.04883 
-0.625 
5.78906 
-0.0605469 
-5.48242 
2.33496 
1.95215 
1.03516 
0.0439453 
0.994141 
-4.75391 
-1.12695 
1.04199 
-1.5957 
-0.290039 
-2.4541 
1.85254 
0.217773 
-2.97559 
-4.25977 
0.634766 
6.15039 
-0.362305 
1.62598 
4.27832 
0.456055 
3.78613 
-1.55469 
2.49609 
-0.212891 
-1.1543 
4.9668 
-0.823242 
1.46582 
11.1768 
11.1582 
-2.18555 
-1.70508 
0.239258 
-0.224609 
3.7002 
-1.19141 
-1.75879 
-1.68262 
2.40234 
-4.77344 
-0.852539 
-0.899414 
-2.51074 
0.0292969 
-1.3418 
3.6416 
-0.0292969 
1.65723 
0.800781 
-2.57422 
8.93555 
-1.94336 
-4.02637 
-1.79395 
-0.77832 
0.808594 
-2.26563 
3.16113 
2.05273 
1.90918 
5.34961 
-1.93164 
-0.137695 
2.02344 
0.483398 
1.77832 
-2.64355 
-2.0498 
3.32715 
0.524414 
0.113281 
0.124023 
-3.23438 
0.923828 
5.1543 
-0.0439453 
-0.625 
0.817383 
-4.84082 
-1.00488 
0.849609 
-0.832031 
-0.34375 
-0.299805 
6.32129 
-4.94922 
-4.04492 
1.93848 
-1.53223 
1.52539 
3.77148 
3.02344 
0.757813 
-1.4834 
6.70313 
1.38867 
-4.70215 
2.43652 
-0.868164 
-0.176758 
5.74902 
2.00293 
-0.413086 
-3.85254 
2.86035 
2.62988 
3.85938 
0.405273 
-4.16895 
-0.356445 
-0.584961 
-0.582031 
-0.881836 
0.0703125 
0.447266 
-2.71289 
-4.78418 
4.91895 
-0.882813 
-4.06934 
-3.3877 
0.765625 
1.09668 
4.20801 
-1.38965 
4.81934 
1.92969 
-1.53711 
8.93457 
1.41016 
6.77246 
4.95605 
-2.6709 
-1.05957 
1.30273 
-1.38672 
1.06543 
1.22754 
-0.630859 
3.48438 
1.21289 
-1.58789 
-1.15137 
3.4082 
1.74707 
0.532227 
-1.7002 
1.93457 
-1.84473 
4.21387 
0.453125 
-4.2168 
1.91309 
-3.10059 
-0.543945 
2.18848 
6.30371 
-1.43848 
4.9209 
-1.88672 
4.81543 
0.916016 
-1.78125 
1.22266 
2.64648 
-1.40723 
-0.0371094 
-0.319336 
1.08887 
-0.623047 
1.64844 
3.375 
1.125 
-2.12793 
-2.9082 
0.930664 
6.42188 
6.79004 
-1.37695 
-4.94922 
1.09766 
-1.05469 
-3.41016 
0.577148 
1.83203 
-2.71777 
-0.515625 
-3.53613 
-1.04883 
-4.06934 
0.34668 
4.83789 
1.30859 
-2.2334 
-3.3623 
0.407227 
-2.6709 
-1.50391 
1.875 
-4.70215 
-4.59766 
5.03125 
0.65918 
-3.85254 
-1.40137 
-3.44141 
3.20508 
-2.58105 
-2.71777 
-2.99219 
10.3115 
-1.36328 
-1.43652 
-1.68262 
0.175781 
4.29199 
-2.22852 
-3.28418 
1.10449 
-3.36035 
0.382813 
-2.33984 
-4.84082 
-0.819336 
2.91309 
3.34277 
-3.00781 
-2.37598 
0.557617 
-0.825195 
2.83008 
-0.661133 
-3.50293 
-1.11719 
-2.31055 
-4.62988 
-2.60449 
-1.92383 
2.01465 
-2.48828 
-3.85156 
-0.0908203 
1.40332 
3.49512 
-0.120117 
2.52344 
1.60254 
1.01953 
-0.758789 
-1.13867 
4.28223 
-2.70801 
-2.2666 
-1.83691 
-1.75879 
0.286133 
0.6875 
-4.2373 
3.37109 
-2.2002 
4.10938 
1.22363 
-1.11621 
-2.80176 
5.31738 
-0.442383 
4.80859 
2.65527 
2.02832 
3.02734 
-1.42871 
-0.975586 
2.52832 
1.63281 
1.45313 
-0.59082 
1.1416 
0.470703 
-3.03516 
-2.71484 
-5.16309 
-5.48242 
3.40527 
2.91699 
5.46875 
-0.228516 
-2.72363 
1.29199 
0.537109 
-2.61133 
-0.0917969 
-1.16992 
-0.15918 
-3.35254 
-1.94629 
4.99805 
1.72461 
1.2666 
2.6543 
-2.42871 
3.07227 
-4.25977 
-2.60059 
7.29688 
0.170898 
-2.2002 
1.05371 
5.23633 
2.76172 
8.49805 
3.55176 
0.232422 
-0.478516 
2.08984 
-3.33984 
4.83984 
-0.353516 
-0.743164 
-1.97656 
-0.456055 
2.81738 
2.55762 
-0.84668 
1.6377 
0.0253906 
-0.362305 
0.832031 
-0.620117 
6.79688 
0.5 
-0.914063 
-0.829102 
-1.66797 
0.540039 
-2.07422 
6.54297 
0.980469 
-3.53516 
-3.00781 
-2.03516 
2.90234 
0.357422 
1.20996 
-1.07422 
1.76953 
-3.91309 
-1.91309 
-1.39453 
0.810547 
-3.07227 
1.125 
-4.70215 
-2.38184 
3.46484 
3.03125 
-4.70215 
0.789063 
-5.48242 
1.3125 
4.10645 
-2.7793 
-3.14648 
3.64063 
3.33984 
-1.43164 
-3.61816 
-1.99316 
7.61621 
-4.15039 
-1.37891 
6.38477 
-0.450195 
-0.514648 
-0.227539 
-2.71094 
0.47168 
0.229492 
0.584961 
-2.74609 
-1.30762 
1.95996 
3.18457 
0.298828 
3.38281 
-1.34668 
-4.24512 
0.250977 
1.38672 
-1.70801 
-2.33984 
0.666016 
-3.52539 
0.961914 
0.799805 
-2.64063 
1.19824 
1.16602 
0.0546875 
-1.95801 
-3.16309 
0.352539 
0.802734 
-2.05566 
0.597656 
4.69238 
1.5791 
-2.03223 
-0.303711 
-0.814453 
-0.464844 
0.928711 
2.14258 
-1.18164 
-1.02051 
-0.458984 
3.80762 
-2.45996 
6.4043 
-0.583008 
2.99707 
5.25195 
-1.47168 
-4.30762 
-2.09277 
2.26563 
6.33008 
5.98633 
-1.93359 
-2.65039 
2.93066 
1.69922 
3.4541 
3.27637 
-2.91406 
-1.66992 
-2.71484 
0.450195 
1.89746 
0.897461 
1.10449 
2.8457 
0.390625 
0.493164 
0.397461 
3.56641 
-2.10938 
-4.77051 
-1.16406 
-2.42871 
3.82031 
-4.00684 
3.79004 
7.57324 
-3.60938 
-0.568359 
-0.25293 
-0.00585938 
-1.12109 
-2.96191 
-0.12793 
-1.80664 
-0.417969 
0.49707 
-2.21484 
-4.78418 
1.89941 
3.19922 
7.58887 
0.351563 
2.79297 
-1.35254 
1.39941 
2.76855 
-0.655273 
1.07031 
5.71875 
0.853516 
-4.94922 
0.551758 
0.390625 
1.91406 
-2.18652 
2.05762 
0.0322266 
1.26563 
-3.85254 
-0.709961 
1.21973 
1.72559 
0.453125 
0.676758 
-0.0107422 
-4.77344 
-0.820313 
1.81348 
-4.75 
-0.160156 
1.94531 
7.74414 
2.69922 
-1.72754 
4.49023 
-1.32813 
1.89941 
1.20215 
-0.171875 
-3.43359 
-4.21777 
-1.59277 
-4.05957 
1.59961 
-1.05176 
1.12891 
1.7627 
3.2002 
-1.22266 
5.42969 
-1.16602 
-1.0293 
1.52734 
4.05762 
4.65527 
-1.45313 
-1.06934 
-4.04688 
-1.83301 
-1.74219 
2.79102 
5.81934 
0.984375 
-1.96973 
1.52344 
3.85449 
6.85938 
8.29102 
2.15039 
4.08594 
-4.06445 
-3.23438 
-0.669922 
-0.389648 
-4.77344 
-3.19336 
4.66113 
2.55176 
-0.777344 
-2.89453 
1.14551 
6.00195 
-3.92871 
0.100586 
5.30859 
6.50488 
0.701172 
1.52441 
-1.18066 
1.64844 
-0.415039 
-4.60254 
-0.0800781 
-0.861328 
-3.47949 
0.462891 
1.0332 
-2.61914 
-0.71875 
-2.41699 
2.02344 
0.359375 
3.89453 
0.287109 
-4.41211 
-2.93262 
-3.6709 
-2.12207 
0.545898 
-1.02441 
1.10254 
7.46777 
-1.60938 
-5.48242 
1.29199 
0.0800781 
0.890625 
1.50977 
0.333984 
8.09277 
-3.35547 
8.29004 
-0.0175781 
-0.8125 
-2.91992 
1.74512 
-3.12402 
-3.35742 
1.93848 
-0.671875 
0.0126953 
-3.55664 
-2.91113 
-5.48242 
-1.38086 
-0.485352 
-2.47656 
0.74707 
-0.260742 
1.17969 
3.35547 
-0.916016 
-0.970703 
-0.603516 
-3.62305 
-0.851563 
-2.74707 
1.85156 
0.834961 
-1.47266 
2.52344 
0.492188 
5.53809 
-4.06152 
-1.16797 
0.0478516 
-0.492188 
-2.37891 
4.10645 
4.38477 
-0.837891 
4.06641 
2.92578 
6.17773 
-4.13086 
-4.79297 
3.95117 
-4.75879 
-3.47168 
1.06934 
-3.33984 
1.13574 
3.04492 
-2.27832 
1.34961 
-2.30469 
3.7959 
1.55371 
-0.748047 
0.453125 
-1.08301 
-2.05273 
-2.69629 
1.17871 
-1.78516 
0.388672 
1.33398 
5.65625 
2.18262 
0.854492 
-3.52539 
0.162109 
5.05078 
-0.699219 
0.157227 
2.62402 
-1.00293 
0.664063 
0.661133 
0.323242 
2.93848 
3.85449 
1.07715 
-3.17188 
0.522461 
-2.33984 
4.98145 
-0.65625 
0.916992 
0.266602 
-0.923828 
-1.86621 
-2.24316 
-0.0302734 
-1.48633 
-4.09473 
-1.59668 
2.69531 
2.96582 
-0.8125 
1.08398 
-0.350586 
0.719727 
3.51855 
3.82129 
1.14746 
-1.27637 
-0.0126953 
0.475586 
-0.817383 
-0.269531 
1.67773 
-0.317383 
-3.26367 
-0.762695 
-4.25098 
0.484375 
-2.41699 
3.21777 
1.19531 
-3.35547 
-2.10742 
-0.860352 
0.27832 
-1.46973 
-3.16504 
5.12207 
3.26465 
-1.1875 
-2.55664 
-3.43652 
-0.740234 
-1.43359 
3.44043 
1.66992 
-0.376953 
2.23633 
-2.55664 
1.69238 
2.26953 
2.71191 
-2.43066 
-1.52539 
1.86816 
3.74414 
2.30469 
2.67969 
4.78809 
-3.16504 
2.82422 
-1.67188 
-2.80176 
0.594727 
4.00684 
0.213867 
1.5 
2.45215 
-0.132813 
-1.98242 
3.17188 
0.369141 
-0.827148 
-0.28418 
-0.782227 
0.587891 
-0.928711 
1.95801 
0.00976563 
-0.0458984 
-0.169922 
-4.01953 
-0.400391 
6.60742 
1.0625 
-3.0166 
2.3291 
-0.0917969 
-1.32715 
-0.0888672 
0.981445 
4.04004 
4.72168 
-1.23242 
-0.53418 
3.44824 
2.14453 
-0.412109 
-1.08398 
-1.7168 
-0.818359 
2.30859 
-2.72461 
-0.790039 
-1.02637 
3.69922 
-0.237305 
1.13281 
-3.5752 
0.115234 
0.467773 
-2.72461 
2.16211 
-0.599609 
-0.28125 
-2.00586 
-2.86133 
-0.117188 
-3.53027 
-3.23438 
-0.72168 
0.790039 
-1.20313 
-1.06445 
1.37891 
1.99707 
2.01465 
2.47949 
2.35645 
2.21191 
-2.41992 
-3.26367 
-2.26172 
-4.47363 
-1.71875 
2.18945 
0.257813 
-2.2002 
-0.561523 
-4.77051 
-0.21875 
0.0878906 
0.882813 
2.65918 
0.842773 
-1.30078 
-2.00879 
1.41895 
1.54492 
-0.164063 
-0.291016 
2.32227 
-1.3125 
-0.805664 
3.33594 
-0.490234 
-1.92676 
0.963867 
-2.1543 
-0.320313 
-2.94141 
-2.52539 
1.89844 
-1.26953 
-1.48926 
-1.32031 
-0.0507813 
0.399414 
4.75195 
1.62109 
2.12793 
5.81738 
0.436523 
1.6748 
1.2998 
-1.74219 
-0.0830078 
-0.0751953 
5.99902 
6.0 
4.40723 
2.03613 
3.55078 
-3.39941 
3.73242 
2.19141 
-0.62207 
1.61133 
2.57324 
-3.34668 
1.53027 
-4.78418 
2.90332 
-0.366211 
-1.80762 
0.685547 
-1.75293 
-1.8291 
0.202148 
1.75391 
-4.03613 
0.711914 
2.39844 
-3.60938 
2.24902 
-1.50098 
1.58398 
-1.19434 
-1.50977 
1.02734 
-3.39063 
1.20898 
-2.73047 
-0.34375 
6.1709 
-2.0752 
3.48926 
2.82813 
3.42578 
5.56445 
3.3252 
0.370117 
-2.01074 
-0.470703 
-2.31055 
1.06934 
-2.67871 
-1.83496 
1.68359 
3.33496 
4.18262 
8.45605 
-4.94922 
0.791992 
1.40918 
0.849609 
6.41211 
0.0849609 
-0.730469 
1.06738 
4.51465 
-0.416992 
-3.00879 
4.38574 
1.2002 
-1.45605 
-0.320313 
0.324219 
4.83887 
4.36035 
3.48535 
0.893555 
-1.33594 
4.12793 
-3.87012 
1.30859 
0.932617 
5.75586 
2.15527 
-2.78418 
-1.00098 
-1.05762 
-3.33789 
7.01563 
-3.12012 
-4.06348 
8.05176 
4.13281 
-4.75879 
-4.08398 
1.91113 
0.856445 
-0.702148 
0.212891 
0.633789 
-2.04004 
-2.42773 
-2.82324 
2.91992 
3.78418 
0.803711 
-4.62988 
2.83301 
1.63672 
-0.299805 
-0.552734 
0.797852 
-1.68848 
1.64648 
-4.28027 
-3.52148 
-1.38379 
-0.613281 
1.06445 
-1.66699 
1.07813 
-4.27832 
-1.09863 
3.15723 
4.58105 
-0.258789 
4.64355 
2.94629 
-1.83496 
3.25781 
-2.55469 
-0.9375 
5.78418 
-0.569336 
-2.0 
-4.46484 
1.37891 
-1.42871 
-5.48242 
-3.31738 
0.78418 
0.697266 
-1.71484 
-3.85254 
5.55664 
0.966797 
-0.644531 
0.868164 
5.56348 
0.396484 
2.10938 
1.38281 
4.48145 
1.25781 
4.03223 
-0.625977 
-1.21973 
1.93359 
-3.30078 
2.52051 
7.00977 
1.5332 
-1.91504 
-1.88379 
-0.983398 
-4.19043 
9.45215 
2.33789 
-4.75879 
-4.70215 
1.71191 
0.217773 
-0.158203 
-1.20996 
1.47656 
-2.2959 
-1.60742 
1.70215 
-1.36133 
1.48828 
-3.50488 
-1.27246 
1.11426 
-0.0869141 
-0.0605469 
-2.91602 
2.37109 
-0.0712891 
1.46484 
-1.93359 
-2.9082 
3.65723 
-1.76563 
-2.20117 
3.18848 
-0.0263672 
-0.765625 
-1.74023 
-3.03516 
6.83105 
0.316406 
-0.322266 
0.249023 
-2.73047 
1.09082 
4.58594 
3.10645 
-1.16016 
-1.1416 
-3.36035 
-1.48145 
-0.348633 
1.04688 
-2.0127 
3.79688 
5.59375 
-1.51563 
1.74609 
-2.8584 
-2.6543 
3.03516 
-0.950195 
-0.393555 
0.0527344 
-1.2998 
-2.59473 
-0.632813 
-4.17188 
0.326172 
0.227539 
-1.19141 
5.51855 
-1.81934 
-2.61426 
1.06934 
-1.05762 
-0.320313 
9.15234 
-3.08984 
-0.143555 
6.05273 
3.66406 
-0.867188 
3.06445 
-0.132813 
-4.79297 
-0.368164 
-1.01563 
3.77539 
0.160156 
-1.10352 
2.12598 
2.33887 
2.49316 
-0.621094 
-2.52832 
-3.87012 
4.74219 
-0.361328 
6.19238 
3.75781 
2.5498 
1.40918 
-1.6123 
-2.44824 
-2.55957 
-1.04004 
4.72949 
2.19434 
-1.95801 
-0.704102 
7.36914 
-2.87793 
6.27734 
2.34766 
-2.88574 
1.56445 
2.2002 
2.55859 
-4.78418 
-1.25684 
-1.39063 
1.51953 
-0.433594 
-0.347656 
-2.78906 
-0.775391 
0.814453 
1.31836 
1.63867 
0.588867 
1.69043 
2.06055 
-5.48242 
0.760742 
0.75293 
-3.53027 
0.555664 
-1.04395 
2.58398 
1.30078 
0.210938 
-1.89746 
-0.0292969 
-1.60645 
-2.4541 
0.0800781 
-3.97461 
-1.49805 
1.89844 
3.3584 
-1.89551 
-2.45508 
-1.13672 
0.754883 
4.79004 
2.39063 
-1.94629 
1.23633 
1.64355 
0.271484 
7.10059 
-1.4502 
-2.50977 
-3.10059 
-0.664063 
-2.0625 
-4.08398 
1.91504 
4.63965 
1.96289 
3.20215 
0.448242 
-2.41113 
-2.69238 
2.43945 
-1.47559 
0.893555 
-1.84473 
-0.536133 
0.822266 
-0.251953 
4.76855 
6.63184 
2.70801 
-0.597656 
2.55273 
2.36816 
-1.04199 
-2.5752 
-4.0791 
5.54883 
1.03223 
7.57813 
2.44141 
-4.94922 
3.67285 
-3.55469 
0.649414 
-1.77441 
1.21484 
0.15332 
-3.74316 
4.97754 
-1.63574 
-2.53516 
-0.514648 
-3.47949 
-1.92383 
-2.85449 
-1.06934 
-1.50195 
2.48145 
9.8916 
-3.46582 
-3.01367 
0.831055 
-1.07617 
0.945313 
-2.55176 
-2.66406 
0.310547 
-3.24414 
5.72754 
-1.4375 
-2.20898 
1.66309 
-1.60645 
-0.220703 
5.25195 
-2.32715 
3.85449 
-1.17285 
2.51465 
-1.55859 
-0.844727 
-0.767578 
1.48535 
-1.72461 
-0.192383 
5.70801 
-0.710938 
-1.49609 
-1.3916 
0.49707 
-0.738281 
0.208984 
4.25 
6.03906 
-1.72461 
-1.46094 
-0.950195 
-5.16309 
-4.59766 
-2.40332 
-1.74512 
1.94336 
-2.20801 
0.206055 
0.978516 
2.85547 
-4.94922 
2.02832 
-1.67383 
-0.732422 
-2.36426 
0.756836 
2.17676 
1.6582 
-1.85254 
3.4541 
-0.163086 
0.0878906 
-3.3877 
-2.2998 
0.649414 
-1.35938 
-1.70898 
-0.957031 
0.25293 
-1.80664 
3.40625 
0.0644531 
0.696289 
-3.85156 
-2.28027 
-0.487305 
-2.41992 
2.56641 
-0.790039 
-5.48242 
0.53418 
-4.07324 
-2.19922 
1.12793 
-1.8623 
-4.02637 
-3.16309 
-1.71973 
-4.25391 
-1.16309 
-4.94922 
0.576172 
1.99902 
-1.74316 
1.36816 
-0.0175781 
0.666992 
-3.16992 
1.15332 
-0.34375 
-1.28125 
2.17773 
2.63965 
0.740234 
-0.757813 
-0.203125 
1.58496 
3.19531 
0.447266 
-0.503906 
1.97266 
6.93555 
-2.01953 
5.47949 
-4.70215 
-1.43945 
1.33008 
-3.3877 
1.38574 
-1.28027 
-4.06934 
-1.47852 
4.1543 
0.477539 
-3.10059 
4.12793 
3.87988 
1.77051 
2.1416 
-3.55664 
-2.3252 
1.46094 
-0.982422 
4.04492 
0.475586 
2.42285 
-1.12598 
-0.418945 
4.95313 
-2.56543 
3.0166 
1.13574 
-3.52539 
3.27051 
0.748047 
-2.38184 
2.66211 
0.878906 
10.8203 
-0.257813 
4.75586 
1.53906 
-0.62207 
-1.29883 
-1.9502 
-2.03418 
5.87012 
1.24609 
-4.77051 
3.13965 
-0.996094 
1.5625 
-0.401367 
0.956055 
-1.11914 
2.21777 
2.00195 
-3.3877 
3.47949 
2.85449 
2.55762 
-4.17188 
-5.48242 
2.78027 
-4.2373 
1.30762 
0.733398 
4.21875 
1.61914 
-0.259766 
-2.34473 
-2.89746 
0.711914 
-2.55176 
-1.36523 
1.62305 
-1.64941 
1.58398 
-4.75879 
-3.14648 
-1.7832 
-1.77441 
0.555664 
1.64063 
-4.94922 
-0.0625 
0.325195 
0.793945 
-1.42285 
0.0390625 
-1.78125 
0.204102 
0.794922 
6.72363 
5.86523 
2.6543 
-1.00098 
-0.59668 
-3.53027 
0.62793 
-3.12402 
1.51465 
0.24707 
2.30371 
1.91406 
-0.311523 
-0.708008 
-5.48242 
1.85742 
-3.71191 
-0.364258 
-1.56348 
9.02246 
-4.2168 
0.616211 
-1.74414 
0.155273 
-0.675781 
3.92578 
0.731445 
-1.08301 
0.0751953 
4.16113 
-0.0986328 
2.18457 
-2.74316 
-3.10059 
1.72656 
0.291992 
-0.614258 
3.61133 
-1.74707 
-0.526367 
-4.84082 
2.49023 
-0.341797 
-2.05859 
-1.07422 
1.92188 
7.67871 
-2.71289 
-2.71094 
1.92773 
-2.62305 
-0.762695 
-3.12891 
-3.84961 
-2.50293 
1.8291 
-4.22559 
-2.37695 
-3.48047 
1.5459 
1.87793 
1.93945 
0.84668 
-1.55371 
2.64453 
-1.94434 
11.5342 
1.4209 
-1.05273 
-1.31055 
2.54395 
-1.85352 
3.25488 
1.67383 
4.4502 
0.362305 
3.82129 
-1.67188 
-1.91211 
-1.95703 
-4.02148 
-4.94922 
1.86914 
-1.83496 
-0.731445 
3.22168 
0.150391 
1.41504 
-3.17188 
-3.39453 
1.89941 
-3.28125 
-1.09961 
-2.09766 
1.22852 
-0.373047 
1.6084 
-3.15137 
-1.78027 
1.88867 
-1.77148 
0.412109 
-3.05371 
0.179688 
4.4502 
-0.126953 
-1.04102 
-3.46289 
-3.34277 
-3.87891 
-4.2373 
-0.958984 
3.06836 
3.04492 
-1.12402 
2.54492 
-0.22168 
5.11816 
0.705078 
-1.875 
-0.0771484 
-1.24121 
6.4082 
6.18066 
-4.81348 
1.35449 
2.80957 
-3.0166 
7.10352 
-2.85449 
0.65625 
-2.00879 
-0.519531 
-1.87793 
-1.77734 
-1.1543 
2.12207 
-4.75 
-0.476563 
-1.36328 
0.55957 
3.09375 
-1.00488 
1.6875 
0.554688 
-1.60449 
2.22461 
-0.798828 
-1.50879 
1.24609 
-0.0800781 
2.08984 
-2.1748 
2.63379 
1.65332 
3.21777 
2.47168 
-1.66602 
-4.75879 
3.39453 
-1.49023 
-1.04004 
2.32324 
-0.946289 
0.339844 
-0.323242 
0.168945 
-2.94922 
-2.85742 
4.29785 
2.04004 
2.27051 
-1.3916 
1.74512 
1.19141 
5.28125 
3.81641 
1.01855 
2.14746 
0.975586 
4.22461 
0.407227 
1.7666 
-0.956055 
-2.42578 
-0.887695 
3.47754 
1.00684 
-1.26367 
-4.59766 
-0.216797 
2.29688 
0.432617 
2.40723 
-2.62988 
-0.764648 
-0.342773 
4.42969 
0.643555 
-4.79297 
0.239258 
-1.54004 
2.49609 
-2.48047 
2.30176 
-2.13965 
-0.921875 
-1.66797 
3.41602 
-0.251953 
6.4834 
5.82715 
1.10645 
1.6416 
-1.10352 
0.46875 
-3.43652 
0.499023 
-3.12891 
-3.72266 
0.862305 
-3.45703 
-2.56738 
-0.147461 
-0.802734 
-5.48242 
0.961914 
0.259766 
-1.37793 
-0.731445 
1.68164 
-5.48242 
-2.85254 
2.69043 
5.45996 
0.813477 
-5.48242 
1.375 
2.5752 
-1.70801 
0.953125 
-1.16602 
-2.85645 
-1.1416 
4.13574 
-0.942383 
-0.613281 
-1.41992 
2.82617 
1.38379 
-1.41699 
-1.73828 
2.85645 
-0.704102 
-2.93359 
-1.00195 
-4.47363 
3.30371 
3.96289 
-1.31934 
0.212891 
-1.59277 
1.59277 
-2.61426 
5.31934 
9.95703 
4.14355 
-2.46387 
5.24902 
-2.19238 
4.39551 
-1.68262 
-1.37793 
-2.43066 
-4.94922 
-2.1377 
-0.893555 
-2.0 
-0.342773 
-3.4873 
-4.94922 
-1.77246 
-0.796875 
-3.28711 
-3.35449 
0.100586 
-4.43066 
3.37793 
-4.06445 
-1.62793 
-4.59766 
-2.7373 
1.13184 
-0.118164 
2.00293 
-1.43164 
-0.575195 
0.402344 
-0.632813 
-4.04004 
-2.9082 
-2.14551 
0.570313 
0.275391 
2.58789 
5.73145 
-3.74316 
-0.901367 
-0.393555 
-3.37793 
-5.48242 
-2.52148 
-0.0263672 
-0.383789 
0.12207 
4.4502 
0.884766 
-4.14258 
2.61328 
-0.28418 
-3.62305 
-3.81738 
0.572266 
-0.425781 
0.558594 
-2.96191 
-0.670898 
-2.33105 
1.19629 
-1.96484 
-4.2373 
-2.75098 
2.28125 
-4.62988 
1.49023 
-1.57031 
2.28418 
3.19824 
3.61816 
0.641602 
-2.71094 
1.47656 
-3.3877 
5.06641 
-4.59766 
2.55469 
-3.33691 
7.06055 
1.6123 
-5.48242 
0.672852 
-3.53027 
-4.25977 
3.19824 
5.61328 
2.28223 
-3.45801 
-5.48242 
1.41992 
0.15918 
-3.23926 
1.13672 
0.208984 
1.14453 
1.85059 
6.50684 
-0.961914 
-2.8291 
-4.25977 
2.34375 
-1.65625 
-0.288086 
-1.2334 
-3.18945 
4.83594 
-3.5752 
-0.69043 
-4.13574 
-2.39551 
1.07324 
-4.22559 
-1.21484 
0.958984 
0.65625 
0.518555 
-1.82715 
-0.105469 
-4.02637 
-4.06055 
1.43164 
-1.71094 
0.603516 
-2.20703 
0.967773 
-3.60938 
-4.94922 
-2.7041 
2.05469 
-3.11719 
1.05371 
0.910156 
-4.77344 
9.63086 
-2.15625 
-3.87012 
-0.878906 
-0.81543 
0.119141 
-0.986328 
-2.79492 
7.76172 
0.833008 
1.82813 
-0.0771484 
-0.561523 
-1.27637 
-3.58301 
0.65918 
3.5166 
2.04395 
4.96094 
2.69336 
-4.70215 
3.32129 
0.87793 
3.98145 
-1.75977 
-1.98926 
0.907227 
0.367188 
2.8916 
-2.98633 
-2.81836 
-5.48242 
2.86035 
0.425781 
0.439453 
-1.03027 
-0.728516 
1.69824 
-4.0127 
1.7168 
5.9082 
0.231445 
-5.48242 
-2.10645 
-1.82031 
-0.0625 
-0.979492 
-0.831055 
5.34961 
6.6084 
-3.22852 
-4.94922 
0.166016 
1.75684 
0.188477 
-1.18945 
-3.1377 
-0.388672 
-0.568359 
5.85645 
0.798828 
2.78125 
-3.99023 
-1.4209 
10.9814 
-2.08691 
1.30469 
0.275391 
-1.23145 
0.121094 
-1.96484 
-2.71777 
-0.44043 
-3.13477 
0.962891 
-0.682617 
-0.204102 
-2.72754 
-2.96094 
-1.50391 
9.28223 
-2.17383 
0.248047 
-1.02051 
0.600586 
1.07813 
-0.551758 
-0.196289 
-3.34961 
2.23926 
6.49609 
-1.82227 
-3.52832 
1.16309 
-1.61719 
6.08008 
-4.30762 
-0.707031 
-1.91211 
-2.18164 
2.88379 
-1.0127 
-0.28125 
-0.428711 
0.852539 
0.462891 
5.6875 
3.71875 
-3.37598 
-1.43164 
-0.708008 
1.09668 
-0.167969 
0.324219 
2.63965 
0.0 
1.02148 
-0.703125 
0.416016 
7.51465 
0.632813 
-3.26367 
-4.77344 
1.8252 
-3.98828 
-3.44238 
-4.75 
0.952148 
-4.84082 
0.609375 
0.262695 
-3.99316 
4.17871 
-1.92188 
1.6748 
0.142578 
-0.805664 
4.04785 
0.269531 
-3.01172 
-1.5293 
-3.53613 
-0.348633 
3.6084 
1.81934 
-0.15625 
-2.06836 
1.7959 
2.66113 
0.131836 
-3.1582 
0.144531 
2.66699 
-0.369141 
2.40137 
0.229492 
-2.26172 
-0.144531 
3.41211 
-0.416016 
-1.58789 
2.01465 
-2.0625 
-1.39355 
-2.67285 
0.258789 
-1.00586 
1.42188 
1.96484 
1.21387 
1.60059 
0.463867 
1.74414 
1.74121 
5.95996 
1.24902 
-2.47656 
1.10938 
-4.41211 
5.74902 
5.60352 
3.29297 
2.17578 
3.57227 
1.02148 
0.161133 
2.52148 
-1.88281 
-0.414063 
-1.31055 
-4.41211 
-5.48242 
-4.75 
-0.923828 
2.35547 
2.09277 
-4.78418 
1.10156 
-1.43164 
-4.94922 
1.72656 
-3.05859 
-2.42383 
2.43164 
0.860352 
-2.03027 
-3.52539 
-2.9082 
1.03809 
4.55664 
4.40039 
-0.310547 
-0.742188 
0.829102 
6.25781 
0.198242 
1.12305 
2.7666 
-1.53223 
-1.03125 
-1.48438 
2.75 
3.72266 
2.33008 
-1.41113 
1.47754 
-1.00293 
1.89453 
1.10449 
0.65625 
-3.82227 
4.02441 
-0.345703 
-3.37988 
-1.94629 
-3.15625 
5.29102 
4.15039 
-3.67969 
-3.33789 
-1.23047 
5.17285 
0.0478516 
3.52441 
-2.13184 
4.9502 
0.366211 
-4.59766 
-0.585938 
-3.87012 
1.74219 
1.61426 
-0.1875 
2.96484 
3.19727 
-2.27637 
-0.397461 
-0.448242 
0.117188 
-2.83789 
-2.42773 
4.92578 
-1.68262 
-3.92871 
-4.25977 
0.46582 
-1.31641 
-0.875977 
1.98047 
-0.0654297 
2.65039 
1.22168 
-3.24414 
5.62988 
-4.03809 
-2.9248 
0.150391 
3.53027 
3.06055 
-2.14746 
2.4541 
0.338867 
8.64648 
5.14551 
0.0322266 
1.1416 
1.98828 
2.13867 
1.71191 
1.49023 
-2.6543 
-1.37598 
-5.16309 
5.34766 
1.41113 
0.428711 
2.40625 
2.50879 
-0.168945 
-1.47363 
-1.3457 
2.0459 
0.0107422 
0.103516 
-3.53027 
1.96973 
3.08594 
1.96973 
-0.302734 
1.03711 
2.20117 
-1.31641 
2.81055 
0.84375 
-0.131836 
1.52246 
3.90625 
-1.06445 
-3.41895 
-3.36914 
-3.49512 
-1.06152 
-1.39355 
2.7832 
-4.84082 
5.15234 
1.41016 
1.5459 
1.52832 
0.154297 
-0.214844 
-0.501953 
-4.77344 
-4.25098 
-0.869141 
1.24023 
0.548828 
3.98047 
-1.56641 
0.175781 
3.55176 
-0.25 
1.85742 
-0.443359 
8.04492 
-2.8916 
2.96289 
1.56641 
-2.50586 
-3.33691 
4.27051 
1.07422 
-0.672852 
4.55469 
-0.0078125 
3.10449 
1.38574 
3.05762 
3.74902 
4.67383 
-4.16406 
0.348633 
1.04199 
-1.94434 
-1.39746 
4.05762 
5.48828 
2.89258 
1.11426 
-3.28711 
-1.00391 
3.30273 
-0.0253906 
-0.458008 
1.43652 
-1.18262 
0.166016 
-2.55469 
2.60547 
4.31641 
3.08105 
6.19141 
-3.43652 
3.56152 
-4.2373 
5.13281 
-3.0166 
0.154297 
2.04688 
2.16699 
5.48926 
-1.01074 
2.76172 
6.77051 
-1.56348 
3.0332 
2.08496 
-2.3916 
3.17383 
0.0869141 
1.70996 
-3.41895 
2.06445 
-0.139648 
3.01855 
-1.42383 
2.41016 
1.16406 
-0.495117 
1.11523 
-1.49023 
1.45313 
-2.00586 
-3.00781 
0.0927734 
3.2041 
-2.75684 
3.14355 
1.94434 
2.16113 
3.37988 
-1.15527 
4.77539 
6.01855 
5.41504 
-1.21875 
1.12207 
4.5957 
0.842773 
2.37109 
-3.74512 
-1.04199 
0.802734 
-2.96191 
9.12402 
3.41797 
-2.08789 
-2.43848 
-1.60156 
4.17383 
-3.5459 
2.23145 
-4.94922 
-0.265625 
-3.02148 
-3.25781 
1.1084 
-0.209961 
-3.31934 
1.1416 
0.163086 
0.568359 
-0.305664 
-1.74219 
2.96973 
6.33301 
1.1582 
-1.07715 
0.120117 
4.03906 
0.808594 
4.7373 
-4.28027 
2.90332 
-2.75684 
-2.12793 
0.37793 
-0.386719 
2.15039 
1.34082 
2.8457 
-1.18457 
-4.25977 
-0.898438 
-1.05859 
-3.56836 
3.21094 
-0.708984 
-1.12598 
0.151367 
2.78613 
3.07031 
3.34766 
-2.20801 
-1.74219 
-4.75 
-1.24902 
-3.35254 
0.924805 
-2.65527 
-0.203125 
-0.578125 
-3.14355 
0.234375 
-2.71387 
-3.2627 
-2.20703 
-2.26172 
1.94336 
2.59766 
-3.91309 
2.79785 
-0.307617 
-2.40332 
-2.85059 
-0.584961 
2.12402 
-2.56836 
-0.323242 
-0.257813 
-1.08984 
1.03906 
5.98145 
-0.485352 
0.587891 
-1.31445 
-3.52539 
2.92578 
-1.85254 
-4.14258 
3.68652 
-1.77441 
-4.94922 
-4.77344 
3.08398 
-4.28027 
-1.10645 
1.10352 
-5.16309 
2.39746 
2.20898 
1.55859 
8.62305 
-3.36035 
0.0888672 
-5.48242 
1.80273 
3.47656 
7.54688 
2.94336 
-4.0791 
0.783203 
-1.06152 
0.617188 
-0.924805 
-0.454102 
-2.46973 
-2.82422 
-0.350586 
2.85547 
-4.25977 
3.92676 
-3.81738 
-1.87598 
1.08203 
3.0127 
1.31836 
1.80957 
1.20898 
-3.99023 
2.22461 
-2.38184 
5.36523 
1.09961 
-0.525391 
2.30469 
-1.19922 
2.17871 
1.36914 
-0.821289 
-3.01953 
-0.157227 
-1.8584 
-4.23535 
-1.70801 
-0.28125 
3.35449 
1.26855 
-0.348633 
-2.08789 
-0.119141 
0.0546875 
3.20703 
3.54785 
2.50684 
-4.70215 
-2.70898 
1.16699 
1.18848 
9.78516 
-2.47559 
1.69824 
0.441406 
1.39063 
-1.23438 
-1.3418 
4.08887 
-4.78418 
-1.41895 
2.28418 
-2.23926 
-4.94922 
-2.81641 
1.37109 
-0.0634766 
-3.33691 
4.16211 
2.49609 
-4.23535 
-1.70801 
-0.769531 
-4.75391 
0.588867 
-2.08789 
6.16602 
-3.39258 
-2.99219 
-2.58594 
2.81543 
-4.38281 
6.25684 
2.8584 
-2.72754 
-5.48242 
3.66797 
-4.41211 
0.592773 
0.28418 
-0.943359 
1.80664 
1.59766 
2.63379 
6.70898 
7.44043 
4.03027 
0.483398 
2.38867 
-3.44238 
-1.46289 
-0.666992 
0.65625 
-3.23438 
6.31641 
-2.66211 
5.8418 
-0.366211 
1.17676 
9.04395 
-0.354492 
1.65625 
1.5498 
-2.41699 
-3.5957 
-3.06348 
-3.59082 
-2.04785 
5.73438 
2.58496 
9.18262 
5.02734 
-1.1543 
0.6875 
-1.43164 
-1.61816 
-1.8252 
-1.2666 
-0.423828 
3.25488 
1.94922 
-1.23438 
3.15723 
0.666992 
2.87402 
-1.68555 
1.18652 
-2.80957 
3.14453 
1.86816 
0.208008 
1.32031 
-0.0195313 
-1.22852 
1.48926 
-3.11719 
-4.15039 
-3.49316 
0.724609 
0.884766 
-0.783203 
-1.27344 
0.0791016 
-2.04297 
-3.44043 
2.53418 
-2.02734 
-1.73145 
4.49219 
3.53711 
0.808594 
1.67383 
0.30957 
2.78613 
0.900391 
-0.470703 
2.10938 
4.32422 
3.58105 
-2.46387 
-0.848633 
-1.10449 
-2.82422 
7.22949 
2.34082 
-1.55664 
1.15332 
0.316406 
-4.94922 
-0.702148 
5.18262 
4.85352 
-4.60254 
0.0439453 
-0.445313 
-2.89551 
4.55859 
-3.05859 
4.54688 
5.57227 
-0.125 
-2.37109 
-2.1582 
3.34375 
-2.74121 
-2.27637 
0.733398 
2.23828 
1.52148 
-3.59766 
1.82617 
-2.26172 
-3.36621 
-3.91309 
-1.38086 
2.56738 
-4.59766 
2.00391 
-1.1582 
3.30762 
1.13867 
11.0527 
3.9375 
1.05762 
1.90625 
5.50488 
1.81055 
-0.0273438 
0.46582 
1.56055 
2.29883 
4.59473 
-0.517578 
0.834961 
0.664063 
8.01563 
1.72754 
-2.65039 
-0.542969 
-1.68848 
-4.38281 
-2.58594 
-2.91406 
0.639648 
2.66699 
0.884766 
-4.78418 
1.7041 
-0.688477 
-3.33691 
-4.60254 
3.26367 
-1.12793 
-0.25293 
-1.74609 
-3.41406 
-1.26563 
-1.23145 
5.14746 
-0.783203 
2.4082 
-1.08301 
-4.08105 
0.782227 
-2.63379 
2.28613 
4.13477 
1.98145 
-2.63867 
1.91406 
-4.78418 
-0.749023 
4.39746 
-0.714844 
-1.98535 
1.76465 
1.66016 
0.392578 
5.23828 
-1.95703 
4.10938 
1.44824 
-1.66602 
0.0566406 
3.0 
-2.83789 
-1.70508 
-0.0644531 
-1.13672 
3.40234 
-1.29785 
2.70703 
2.21387 
1.61719 
-3.93359 
1.23926 
3.05371 
-1.07617 
-0.541016 
-1.26465 
0.942383 
1.99609 
-1.81445 
-1.88379 
1.58984 
-1.40723 
-2.21582 
-2.82715 
2.22266 
-4.76855 
-1.94727 
0.366211 
0.151367 
-0.0576172 
-1.24512 
3.94922 
-4.06152 
-1.31934 
-0.712891 
2.23633 
-0.665039 
-0.618164 
-0.735352 
-0.512695 
-5.48242 
5.83984 
1.53516 
3.44141 
4.38672 
2.5791 
0.0478516 
2.36523 
3.8252 
1.65918 
-2.71094 
4.47852 
3.64355 
2.10059 
0.0810547 
1.01758 
-0.545898 
-1.49023 
-0.787109 
2.77051 
8.85059 
2.60254 
-1.62012 
0.270508 
1.94727 
-1.0293 
4.2793 
-1.17578 
0.283203 
3.17188 
-4.77051 
-1.2959 
0.484375 
2.05859 
-5.48242 
-0.889648 
0.0449219 
-1.08887 
-1.1543 
-0.356445 
4.62012 
5.83984 
-0.421875 
-1.04785 
-2.94043 
0.795898 
-0.540039 
-0.257813 
-4.05176 
6.39453 
-3.21484 
1.37891 
-4.02148 
1.76953 
0.424805 
4.46484 
-1.88379 
1.7793 
-1.49805 
-3.4707 
-1.08789 
0.583008 
3.3877 
3.73145 
-0.87207 
3.66406 
-4.06934 
-1.5498 
-0.90332 
3.73047 
-4.22559 
-1.25977 
1.14355 
-4.70215 
-3.86914 
-0.878906 
0.474609 
-4.59766 
1.15527 
3.2168 
0.460938 
-3.55176 
-0.148438 
0.759766 
-1.49316 
1.01074 
7.83301 
2.64258 
-0.951172 
2.58203 
-3.33203 
1.12891 
-0.501953 
-1.94238 
0.179688 
1.24121 
0.626953 
-0.849609 
-0.964844 
-0.53418 
-1.39453 
1.56934 
2.15039 
3.91406 
1.9834 
-4.25977 
0.467773 
-4.24512 
-0.441406 
3.51953 
-0.592773 
4.86133 
-1.87109 
1.4541 
-0.173828 
-3.50391 
-0.0527344 
3.40332 
0.350586 
2.41797 
-1.26465 
0.0917969 
2.53906 
3.32422 
0.12207 
3.03027 
-0.583984 
4.86133 
0.198242 
1.50098 
-2.47559 
-1.35938 
0.564453 
-5.16309 
0.398438 
1.99219 
-1.94238 
-0.87207 
-4.15625 
1.73242 
-3.20996 
3.88281 
-3.48926 
-1.87793 
-2.65625 
4.84863 
-0.381836 
4.26172 
-3.16211 
-2.79785 
0.827148 
3.33496 
-0.820313 
-0.975586 
-0.629883 
3.20703 
3.23145 
-2.81348 
-2.7832 
-2.64551 
-2.65527 
-1.09766 
-3.43652 
2.82617 
-2.14453 
-1.5498 
-1.78125 
-4.4541 
3.73145 
0.27832 
-0.891602 
5.20898 
-1.0293 
5.04102 
3.49805 
2.92578 
-1.86035 
1.71191 
-5.48242 
-3.92871 
2.04785 
-0.374023 
-4.11523 
-1.45215 
-0.886719 
-0.348633 
-1.19727 
-3.93457 
-3.07227 
0.107422 
4.70508 
-1.45215 
-0.0517578 
1.91406 
-1.58203 
3.21387 
3.92969 
-3.15234 
-3.62793 
4.8457 
-1.71094 
-2.28809 
-3.07031 
-1.81641 
-2.58105 
-1.7832 
-1.66797 
-1.35352 
-2.23828 
-1.54688 
-0.352539 
0.148438 
0.00292969 
-0.155273 
3.04395 
-3.17871 
1.47559 
-1.53809 
3.49512 
-0.286133 
1.58398 
-0.464844 
9.0293 
0.539063 
-2.53809 
0.938477 
1.45508 
2.29785 
5.00488 
1.98145 
-0.569336 
0.379883 
-2.45117 
-3.26367 
-1.00488 
-3.52539 
-2.2627 
-2.32715 
-0.709961 
0.367188 
4.50488 
1.375 
2.47949 
-0.699219 
-3.54883 
1.58984 
-4.2373 
-4.06348 
1.7334 
2.35645 
2.17188 
-2.14063 
-1.51758 
-0.633789 
0.609375 
-0.324219 
2.70313 
3.12793 
-0.293945 
-0.143555 
4.18848 
-4.23535 
-2.11523 
-1.51172 
-1.06836 
1.49414 
-1.21875 
0.0283203 
-0.337891 
-2.78125 
-3.0166 
5.58789 
3.92676 
-3.53906 
-4.00684 
-3.51465 
2.47852 
1.81641 
0.417969 
3.70801 
-3.46582 
-0.385742 
2.67285 
0.128906 
-2.85449 
-1.18848 
1.01563 
-3.26465 
-0.592773 
-4.75879 
1.35938 
-4.08984 
-1.71191 
2.81543 
0.0478516 
-4.23535 
-1.16895 
-4.94922 
2.1416 
-1.40332 
-0.876953 
-2.52246 
-2.23438 
-3.53125 
-1.92676 
-0.195313 
4.49707 
-2.61328 
-3.82227 
2.37793 
1.27441 
-0.578125 
0.503906 
-2.07617 
0.56543 
-5.48242 
5.52441 
3.92578 
2.13477 
-0.998047 
1.76465 
1.85547 
4.91992 
2.2959 
0.835938 
1.03418 
-3.35254 
-3.97949 
-0.585938 
3.29395 
-4.77051 
5.11914 
-1.08105 
1.29883 
-0.97168 
-1.90918 
-4.77051 
-1.06445 
3.50293 
2.76074 
-0.238281 
-0.134766 
-1.01563 
9.01074 
2.81641 
0.796875 
1.14746 
-2.71094 
1.97754 
5.56836 
3.17969 
3.44043 
2.24414 
2.12305 
5.06445 
-4.60254 
1.56934 
0.0478516 
-1.74512 
2.43164 
-0.0419922 
-3.85156 
2.0293 
2.92969 
-0.506836 
2.3418 
2.52734 
3.80078 
4.31641 
-0.864258 
-0.100586 
-3.31934 
1.0459 
-4.16895 
-1.93164 
3.61328 
3.89453 
1.10547 
1.08691 
-3.10059 
-0.963867 
-4.75 
-1.36133 
1.18457 
-2.82227 
-0.933594 
-3.71387 
3.68652 
2.50586 
4.12695 
-1.23145 
-1.38184 
-3.79395 
-1.58105 
4.81836 
7.02246 
-0.990234 
8.22754 
2.6709 
1.62598 
-4.2373 
-3.81738 
-4.06445 
2.78223 
0.458008 
4.17383 
-0.996094 
-0.166992 
-4.77344 
1.68848 
-1.71973 
5.00293 
1.56934 
-4.59766 
2.90137 
-0.345703 
-3.38574 
-0.46875 
2.80859 
0.949219 
1.37109 
-0.984375 
4.69141 
6.59375 
-3.87891 
0.743164 
1.37793 
0.885742 
-0.116211 
-4.28027 
2.41113 
-1.20313 
-2.0 
-2.54102 
4.85352 
-2.58691 
-2.09277 
0.171875 
-1.7832 
2.5918 
3.81934 
2.78125 
0.144531 
-5.16309 
-1.36035 
-0.876953 
-3.29297 
4.99902 
-0.999023 
0.916992 
5.72754 
5.8623 
3.19922 
-3.10059 
-0.450195 
0.84375 
0.75293 
0.232422 
-2.97949 
0.265625 
-2.41699 
0.680664 
-3.00879 
-1.0957 
2.7627 
-0.513672 
0.422852 
3.31543 
-2.70215 
-3.3877 
-2.74316 
1.40918 
-1.98145 
1.88281 
-0.541016 
-0.458984 
-1.89453 
-4.06152 
0.40918 
-2.16699 
-1.18848 
4.66211 
-2.30273 
2.95313 
0.305664 
2.85254 
-4.54004 
3.04199 
-0.148438 
1.2832 
-0.0126953 
1.01367 
-0.169922 
7.95313 
-4.11816 
7.57227 
1.64844 
-1.40234 
1.61426 
2.12109 
3.90723 
-3.39453 
-2.83203 
-3.90234 
-2.54004 
1.60449 
-0.163086 
-4.06152 
-2.38867 
-4.70215 
-1.25 
1.04395 
-1.19434 
2.17676 
-0.761719 
0.633789 
-4.75 
2.7207 
-0.779297 
-1.19336 
1.23047 
-4.2168 
-1.83691 
1.69531 
-4.75391 
2.86816 
-2.83398 
-3.08496 
-0.654297 
1.65625 
6.9834 
2.27344 
1.91309 
0.1875 
-1.79785 
-0.755859 
-0.967773 
-5.48242 
1.79297 
2.07129 
-2.04785 
-4.75879 
4.93457 
3.01465 
7.93164 
1.75684 
2.2793 
2.08984 
2.29395 
6.1123 
-1.62012 
4.11523 
3.85156 
-3.41895 
-2.45117 
-1.31543 
-2.27832 
-2.73047 
-4.70215 
5.89551 
-2.69629 
0.628906 
-0.78125 
7.7207 
5.29297 
3.07617 
-1.53809 
-2.60449 
6.26563 
2.42188 
1.35547 
0.786133 
-4.04004 
-1.6377 
-0.862305 
-1.86328 
4.69922 
-4.78418 
1.35742 
3.67285 
-2.74219 
-1.83887 
-3.39551 
0.0683594 
-5.16309 
1.73828 
-3.74023 
0.724609 
0.0126953 
-1.5293 
2.6582 
0.304688 
-0.511719 
-0.348633 
-4.06055 
-3.14648 
-1.04199 
1.81543 
-3.50488 
2.22559 
2.95801 
-1.30371 
4.94043 
0.554688 
7.30371 
4.06738 
-3.44727 
1.84082 
2.38574 
-3.43359 
-0.635742 
2.99609 
6.17676 
-0.179688 
-0.299805 
-2.15723 
-1.83789 
-4.2373 
0.419922 
-1.91309 
-0.560547 
0.463867 
0.970703 
-3.7002 
0.586914 
-1.26172 
-1.52734 
9.4502 
0.373047 
-3.33984 
-1.42578 
3.21094 
3.42188 
6.4082 
-0.0429688 
-2.20703 
3.13379 
3.7627 
5.13477 
1.47363 
-2.79688 
-1.02734 
-3.45508 
-0.236328 
-0.730469 
-0.950195 
-1.49805 
7.32617 
1.51367 
-1.59277 
-3.24707 
2.22852 
-2.03711 
0.217773 
-2.77246 
-0.823242 
1.68848 
-0.84668 
-0.204102 
0.635742 
1.46094 
2.17871 
2.5957 
3.37891 
5.98242 
-0.0146484 
3.67188 
2.81641 
0.334961 
0.289063 
3.1582 
0.291016 
-1.43555 
-5.48242 
-0.869141 
-0.540039 
2.2041 
-0.505859 
-1.83594 
3.84473 
-2.54688 
-3.52246 
2.14355 
-0.387695 
-0.487305 
-4.00684 
-4.70215 
-0.438477 
-4.78418 
-0.0361328 
5.85352 
-3.5127 
-1.86719 
1.32324 
-0.749023 
3.84961 
-0.864258 
3.76074 
3.00391 
3.86426 
0.597656 
5.46484 
2.73438 
-0.59082 
-2.01172 
-2.81641 
-3.13379 
2.74023 
-0.803711 
4.88477 
0.458984 
2.33008 
-3.53027 
2.67383 
3.19824 
-2.96191 
1.41016 
-2.55176 
0.00292969 
-0.313477 
3.22461 
-3.3291 
1.14453 
-2.04785 
3.47949 
-4.2168 
-1.41992 
0.0498047 
4.29688 
-3.39453 
1.44238 
1.9873 
-0.760742 
0.248047 
-1.05176 
-2.52539 
-1.94238 
-1.96484 
-0.121094 
-1.38672 
0.699219 
-2.21191 
-1.60645 
-1.00684 
-4.25977 
0.939453 
1.41992 
-0.866211 
-1.92969 
1.01367 
0.648438 
-2.3916 
0.257813 
-3.37793 
3.44629 
5.6377 
-0.257813 
-4.28027 
0.8125 
-1.81445 
-5.48242 
-1.29492 
-0.118164 
5.89355 
1.35156 
-1.50391 
1.8252 
0.875 
1.52539 
3.54395 
-2.52148 
-2.10938 
0.330078 
-4.25098 
-0.445313 
1.88379 
-4.94922 
-0.265625 
-1.82617 
4.125 
-0.452148 
7.31152 
0.498047 
-1.03906 
-2.72461 
0.882813 
-0.436523 
0.308594 
-1.23145 
-1.42285 
0.790039 
0.40332 
0.413086 
1.35449 
2.12598 
-3.31934 
-2.54883 
4.29395 
-1.25098 
-2.29395 
-1.73633 
-1.33691 
-0.566406 
2.10156 
3.47754 
-4.75391 
2.76465 
-1.68262 
2.41504 
-1.12305 
-3.47559 
0.697266 
1.94238 
1.60645 
2.1416 
-1.36719 
-0.898438 
6.10156 
-2.78125 
1.28418 
2.16602 
0.0908203 
-2.01855 
-4.03613 
-2.67578 
2.26074 
-1.62012 
-0.213867 
1.97461 
3.92188 
1.01953 
-1.19336 
1.5918 
3.05469 
-3.43652 
2.54688 
-0.385742 
-0.209961 
-1.34375 
-4.04102 
-2.87988 
-4.70215 
-0.412109 
-1.09863 
-0.155273 
7.22949 
1.79199 
-3.26074 
-1.73438 
-2.21875 
3.81543 
1.56641 
-2.33496 
-1.00195 
3.13281 
-1.87793 
0.0664063 
-1.60352 
1.08984 
-3.6709 
-1.16602 
-4.16895 
1.2666 
-3.88379 
3.33691 
3.8252 
-2.74219 
2.14453 
2.0293 
-3.53027 
-0.147461 
1.19336 
0.304688 
1.56543 
-0.994141 
3.45215 
-2.67969 
3.24316 
0.453125 
3.28027 
-0.046875 
-0.445313 
6.33887 
4.69141 
-2.6543 
-1.04199 
-2.22852 
1.01758 
-1.74609 
-0.234375 
-4.03809 
2.99902 
1.29102 
4.00195 
3.11133 
-1.21777 
3.30859 
-1.50098 
1.89551 
-0.189453 
1.2627 
1.91699 
-0.217773 
3.72949 
1.39551 
-0.756836 
2.52734 
-0.0107422 
0.942383 
3.80566 
1.47559 
-1.19238 
3.99707 
-2.75391 
-4.1123 
0.287109 
0.69043 
-1.32324 
0.0791016 
5.31738 
-3.27148 
-0.371094 
3.62988 
1.27637 
6.7832 
-1.83008 
4.63574 
-3.33203 
-2.21191 
2.39648 
-2.70508 
-1.17676 
6.74414 
-1.83496 
-0.564453 
3.54688 
1.99316 
-1.47656 
4.09473 
2.52246 
-3.99023 
2.48926 
-4.01953 
1.8291 
4.16895 
-4.77344 
0.0341797 
-0.367188 
-3.07227 
-0.875 
-2.02148 
4.53613 
6.86914 
-2.01563 
0.0292969 
1.51758 
1.90234 
-1.80762 
0.139648 
2.15234 
0.251953 
-4.38281 
0.536133 
2.44336 
2.12207 
3.10352 
-1.24609 
-3.14355 
-2.26172 
0.0283203 
0.56543 
1.3125 
-4.22559 
-2.40234 
-0.388672 
-3.51465 
-2.6748 
-0.560547 
2.50391 
2.3418 
-1.08301 
0.164063 
2.20898 
-1.24121 
1.54883 
5.96289 
2.5332 
-1.80664 
-4.06348 
-1.82715 
-3.45313 
-1.19727 
-2.3877 
-1.49609 
-0.710938 
0.210938 
0.770508 
-3.68457 
4.57617 
4.26953 
0.351563 
-1.7832 
0.603516 
-3.47461 
1.81152 
0.0947266 
-3.50879 
1.72168 
-4.75 
5.89355 
1.09473 
5.17383 
-2.58105 
9.29688 
-1.17773 
-0.583008 
-2.38477 
-4.0752 
-2.93262 
3.73828 
3.0498 
-5.48242 
1.8916 
2.95117 
2.48047 
2.18359 
1.58691 
-3.87012 
-0.889648 
1.94336 
-0.205078 
1.91797 
-0.251953 
-1.86914 
-0.699219 
0.460938 
-4.43066 
-3.10059 
-1.25 
4.71191 
-0.0712891 
4.5459 
3.81641 
1.63086 
-3.48828 
3.56641 
2.74902 
-1.08301 
3.31836 
1.22266 
0.639648 
-2.2207 
-1.48047 
-3.50293 
-0.219727 
0.387695 
-1.99902 
5.04883 
-3.99316 
0.566406 
-3.14355 
2.5166 
1.39746 
0.250977 
-2.36328 
-0.121094 
-1.8457 
2.48438 
1.4834 
-0.831055 
2.31152 
2.3584 
3.50977 
1.05469 
-2.00879 
-5.48242 
2.75293 
2.58105 
-2.14551 
-0.237305 
-3.36621 
-2.21582 
-5.48242 
0.294922 
2.83594 
0.883789 
1.00586 
-1.76172 
0.771484 
4.82715 
-4.14746 
1.32031 
-3.3877 
0.631836 
2.18555 
-3.86523 
5.43652 
2.80762 
-2.58008 
1.25879 
0.605469 
3.85254 
0.0332031 
1.66211 
-2.5957 
-1.62988 
-0.357422 
3.49414 
-0.976563 
1.9873 
3.06055 
-1.5625 
-1.67871 
5.81152 
4.74707 
-0.874023 
3.73145 
0.25293 
-0.0253906 
0.253906 
-1.23926 
3.69922 
-4.78418 
2.77734 
4.15234 
6.22949 
1.25293 
-2.73047 
-1.46582 
-2.6377 
1.97656 
-2.90918 
4.96387 
3.79297 
3.5293 
4.78418 
1.17871 
2.49414 
-3.26563 
-0.176758 
-2.57422 
-0.650391 
-0.253906 
2.24707 
0.888672 
3.16797 
-0.460938 
-1.33984 
-3.43066 
1.39844 
-5.48242 
6.67773 
-2.87891 
0.419922 
2.07324 
-4.59766 
-4.06445 
3.67383 
2.80371 
0.685547 
-2.24316 
-0.526367 
-1.9502 
-0.0351563 
1.53125 
-0.708008 
0.407227 
0.637695 
3.04785 
4.19824 
-0.639648 
0.53418 
-0.87207 
8.08887 
1.03516 
-4.06445 
-2.5752 
-3.82227 
-4.06348 
-2.40137 
5.76074 
0.311523 
-3.2168 
2.75293 
-4.94922 
-1.4541 
5.55664 
1.10645 
0.916992 
-1.45508 
-2.08691 
0.516602 
-0.417969 
2.87109 
-0.470703 
-2.26563 
-1.21484 
-4.06348 
3.18555 
-2.47656 
4.31152 
-1.72461 
-4.22559 
-3.5459 
-0.573242 
-2.82227 
-3.21973 
1.83691 
1.43164 
0.799805 
-0.861328 
0.138672 
1.21582 
0.305664 
0.24707 
-1.75195 
1.31738 
-3.50879 
0.387695 
-2.99316 
-4.77051 
4.58594 
-0.537109 
-0.658203 
2.63574 
-4.11816 
-2.49414 
8.16406 
2.31641 
5.37793 
2.16504 
1.15039 
-1.20215 
-2.90625 
-0.789063 
-1.62012 
0.327148 
3.38379 
0.461914 
-0.990234 
-2.62988 
-0.750977 
-2.7373 
-2.10645 
2.01563 
0.28125 
-1.70215 
-1.91406 
4.71191 
4.49805 
0.819336 
-1.53418 
-2.56836 
0.522461 
-1.00586 
0.166016 
5.02441 
-0.280273 
-3.52539 
-2.99219 
2.99121 
1.23535 
6.34277 
-1.10645 
-0.958984 
5.37012 
-3.18066 
-3.32129 
7.39648 
0.925781 
0.908203 
-0.47168 
1.28613 
-3.44141 
6.06641 
-1.88672 
9.16504 
-4.59766 
-5.48242 
1.74414 
10.127 
0.594727 
-2.72754 
-3.48828 
1.69824 
-1.58008 
-4.28027 
-1.43457 
-1.56641 
4.97656 
3.97363 
3.55957 
0.992188 
-4.2168 
0.867188 
-1.06055 
5.42969 
-4.77344 
1.23926 
1.92871 
-3.1377 
-3.1416 
-2.88574 
-1.25098 
4.30371 
1.10059 
-2.50977 
0.266602 
-1.18848 
-1.65527 
0.71875 
-0.709961 
3.61426 
0.28125 
-1.06348 
1.95703 
5.08301 
-3.86523 
4.49805 
-0.930664 
-5.48242 
-0.859375 
0.113281 
-4.04688 
-2.70898 
1.33203 
2.58789 
-2.26172 
8.4541 
1.22266 
9.52734 
1.73535 
-0.335938 
-1.59863 
6.23438 
-0.37207 
-1.98535 
-4.24512 
-1.88672 
-3.26367 
2.42871 
0.493164 
-0.0537109 
10.0107 
4.48926 
3.95801 
2.17285 
-4.75 
1.69336 
2.65332 
-4.43066 
1.98926 
-0.763672 
4.86523 
1.16211 
5.0 
-4.94922 
4.94141 
1.0459 
-5.48242 
-0.706055 
0.894531 
-0.366211 
-0.742188 
-4.77344 
-5.48242 
0.966797 
-3.4707 
-4.85938 
2.55566 
3.79883 
-1.7832 
3.41895 
-2.91602 
4.58789 
3.56836 
-1.17285 
6.56738 
0.510742 
-1.31738 
3.73438 
-3.43262 
1.32324 
0.487305 
-3.47559 
0.808594 
1.41992 
1.10645 
-2.30176 
-2.37695 
-0.629883 
5.51855 
-3.91309 
1.42383 
-2.12402 
-0.0761719 
-0.542969 
0.435547 
2.44434 
-3.39551 
0.71582 
4.28418 
-0.927734 
-1.71582 
0.970703 
-4.76855 
2.98926 
0.448242 
2.8457 
1.13281 
-0.526367 
-0.898438 
-4.06445 
6.62988 
3.06836 
1.33008 
2.00293 
-2.23633 
1.82227 
-1.63867 
2.59668 
-1.53223 
-2.80469 
-0.947266 
2.52051 
0.0761719 
0.623047 
-2.70117 
2.69629 
2.30078 
-3.92871 
4.58301 
-3.52539 
0.87793 
3.92383 
3.40332 
-4.75391 
5.19824 
1.55957 
-3.35449 
-1.21289 
-3.60938 
1.04199 
-1.75977 
2.64746 
-2.03711 
2.95703 
3.66699 
-4.84082 
0.0703125 
3.5459 
2.16602 
0.891602 
1.6875 
0.0820313 
-4.05566 
2.48047 
-1.39551 
0.293945 
-3.2959 
2.78223 
-1.6543 
-3.47559 
-2.84082 
0.791992 
-0.375977 
2.05566 
-1.63379 
3.08203 
8.27637 
-4.0752 
-3.15527 
0.00488281 
1.14746 
3.58398 
1.93457 
4.51563 
-1.18262 
-0.332031 
-0.0126953 
0.326172 
-2.31836 
4.27539 
3.17578 
-1.2998 
0.655273 
-3.52246 
3.35156 
-1.51758 
-0.227539 
0.72168 
-0.0849609 
-5.48242 
-1.1543 
-1.44141 
-0.975586 
3.56055 
2.8584 
0.767578 
4.91504 
-2.61914 
-3.85254 
-5.48242 
-1.25586 
1.89551 
-1.39258 
5.35547 
0.519531 
2.67676 
-2.13086 
-0.108398 
-3.16016 
2.81348 
3.17383 
-0.836914 
-3.56836 
-1.20703 
1.69922 
1.93164 
-2.64551 
-1.60059 
-3.42188 
-3.46582 
-1.83301 
2.97266 
-0.451172 
2.20215 
3.0293 
0.887695 
-2.17676 
1.62598 
-2.79004 
-0.513672 
0.171875 
-0.301758 
0.334961 
3.5625 
0.350586 
-2.2041 
2.08594 
1.45703 
2.04395 
2.50586 
-5.48242 
0.0400391 
1.89453 
1.96973 
4.15918 
1.62891 
-0.12207 
0.477539 
-2.3916 
1.58203 
-2.2373 
-1.17188 
2.28223 
5.52344 
1.16504 
-2.35449 
-2.56738 
8.68945 
-4.10449 
6.34277 
1.57715 
8.00098 
-0.0527344 
6.78516 
2.34375 
-0.392578 
-2.06445 
-0.310547 
-0.708984 
-1.39551 
-3.43652 
-0.916016 
-3.42676 
-1.78027 
-0.144531 
-0.0517578 
1.04883 
-0.532227 
3.18945 
1.63184 
7.18457 
-1.9082 
-3.33691 
1.20703 
0.288086 
-2.75488 
-3.20117 
-0.0419922 
3.60645 
7.64648 
1.87012 
-1.63379 
3.20215 
-3.37793 
1.00977 
-4.06934 
0.625 
-1.88281 
-0.555664 
3.71387 
3.44629 
-1.43945 
2.78223 
-1.14844 
-1.4375 
5.48047 
1.39063 
-1.34375 
-0.632813 
1.69824 
-4.25098 
3.21582 
1.74316 
-2.10156 
-2.32715 
9.88086 
-4.94922 
-4.81348 
-2.64551 
2.64551 
0.800781 
2.0752 
2.08691 
0.456055 
3.86816 
3.49707 
-2.0 
3.72754 
2.84082 
-4.02148 
2.54102 
-0.175781 
0.270508 
0.833984 
-2.43945 
0.78125 
1.69629 
4.66016 
-0.670898 
2.97949 
-1.70801 
-1.72168 
-3.50684 
-2.99219 
-0.258789 
-2.85645 
-5.48242 
2.73828 
-3.31152 
-2.28516 
2.68652 
-3.24414 
-2.4834 
4.39258 
-2.26855 
-2.02246 
3.75781 
3.60059 
-0.345703 
-2.08496 
2.7002 
-1.24316 
3.79102 
2.79199 
-0.55957 
-2.50098 
-2.71875 
-4.01953 
0.612305 
1.05957 
0.610352 
1.31152 
0.496094 
1.16406 
-3.5752 
-1.03223 
6.93848 
0.907227 
0.575195 
-1.73047 
-4.78711 
-0.533203 
-3.44238 
-2.6543 
5.90625 
-2.94238 
5.43262 
-2.55371 
-3.88867 
4.41797 
0.387695 
-0.174805 
1.07422 
1.50391 
-0.306641 
-4.01953 
-0.844727 
1.91406 
1.34082 
0.955078 
0.264648 
-1.61523 
-1.95605 
1.99023 
2.22656 
-3.53027 
3.74316 
-1.37109 
-0.322266 
-0.794922 
0.657227 
0.53125 
2.06738 
2.21387 
-3.08594 
1.59277 
0.960938 
-2.80176 
-4.76855 
2.73535 
0.855469 
-3.41016 
0.850586 
0.413086 
0.319336 
-2.73047 
-0.824219 
-1.5332 
-2.47461 
5.94336 
0.966797 
1.14453 
-2.37109 
0.566406 
2.0625 
2.55664 
0.500977 
5.86426 
2.2168 
5.85156 
-2.9707 
-0.860352 
-1.32715 
3.17676 
-4.59766 
-3.4668 
1.19922 
-1.97461 
-0.538086 
-2.6084 
0.0146484 
-1.90137 
-4.0498 
6.06543 
0.176758 
-4.23535 
-1.86523 
-2.21289 
-2.15234 
2.82617 
3.33301 
-4.28027 
-4.13574 
-3.36523 
-3.14258 
-3.50879 
-3.42383 
-2.64844 
3.44922 
4.55762 
-2.39648 
-2.29492 
-3.4707 
-1.20996 
-3.31934 
5.05176 
-0.527344 
1.74902 
-1.92188 
4.32324 
3.44336 
-4.00391 
1.28027 
-2.06934 
2.8584 
3.92578 
-0.0253906 
-4.32617 
2.05566 
0.211914 
4.3125 
-3.87012 
2.72559 
3.41895 
-0.488281 
2.86426 
-4.11523 
-1.19434 
-1.82422 
-1.38477 
-3.89941 
1.36719 
0.353516 
-1.70801 
3.07227 
-2.58887 
0.381836 
1.63965 
-2.3125 
-0.587891 
1.30371 
4.1377 
0.930664 
-1.84375 
-1.27539 
6.32813 
2.2002 
2.18359 
0.254883 
-3.31934 
-2.62109 
2.40332 
0.0761719 
-2.7041 
0.453125 
-0.908203 
-1.84863 
-4.09961 
-1.88379 
4.71875 
-0.492188 
-1.21387 
0.339844 
-4.84082 
3.43848 
0.438477 
1.30371 
-0.369141 
-1.0127 
7.70898 
-1.37402 
2.93555 
1.21387 
4.88379 
2.4668 
-2.32715 
-2.7627 
-0.482422 
-3.08203 
-0.948242 
0.737305 
-3.43652 
-2.04883 
3.70215 
3.63477 
0.387695 
3.12012 
-1.69043 
-4.11719 
-2.03516 
-2.30762 
-3.36035 
0.453125 
-1.27832 
-1.13086 
1.44434 
-0.983398 
-0.97168 
0.0195313 
5.85254 
5.03809 
-2.31934 
1.03613 
-1.7998 
-0.728516 
0.181641 
-3.31934 
-0.665039 
0.175781 
-3.37988 
1.23828 
-2.12402 
-0.878906 
5.70117 
3.89648 
0.189453 
-2.14355 
1.99609 
1.59277 
6.30371 
2.84863 
-0.518555 
-4.32617 
9.06055 
0.798828 
-4.78418 
-1.8457 
5.66016 
-2.42871 
1.78125 
2.66309 
-2.41699 
-2.82715 
6.14063 
-1.00293 
-1.13867 
-3.99316 
0.263672 
-0.169922 
2.44043 
-1.1748 
-1.42188 
-1.58789 
0.791016 
-1.86523 
3.27246 
-3.07227 
0.208984 
-3.62305 
-1.09082 
-2.43262 
-0.291992 
-4.94922 
5.51465 
1.44727 
-0.390625 
-0.53125 
-0.456055 
1.77344 
4.36426 
-0.482422 
1.43555 
1.52148 
5.28809 
0.046875 
-3.51855 
1.5332 
-1.63672 
0.933594 
1.12012 
-1.67676 
-1.88672 
-0.316406 
-3.50879 
6.03223 
3.54883 
-1.77051 
-1.39551 
6.76367 
-2.52832 
-1.05371 
3.12793 
-2.58691 
3.52832 
1.70801 
-1.03418 
6.7207 
-1.8623 
-2.07031 
0.65332 
-3.99023 
-2.21582 
-1.13867 
-1.73145 
-1.7832 
0.0693359 
-3.0166 
-0.293945 
1.81934 
1.94531 
-2.11133 
-1.12598 
-2.10742 
6.61328 
0.885742 
0.389648 
5.19824 
-2.83203 
-0.59668 
0.962891 
0.0527344 
-0.501953 
-1.97168 
-2.34961 
-1.41602 
-3.48828 
1.75977 
-0.90625 
-1.4834 
0.397461 
2.54395 
-4.06055 
2.30859 
0.0107422 
-0.735352 
-0.871094 
-1.25195 
-3.1875 
4.65234 
-3.35547 
2.12207 
1.11719 
-0.157227 
10.6074 
-3.49316 
2.6416 
-4.77344 
5.22754 
3.44336 
3.61816 
1.76367 
1.14941 
-1.41992 
-2.36816 
0.0292969 
-0.938477 
-2.00586 
3.3125 
-0.560547 
-0.134766 
0.926758 
-4.75879 
-3.20117 
-3.50488 
0.801758 
-3.44141 
0.875 
2.19141 
0.640625 
-5.48242 
-2.80762 
-2.51953 
-0.248047 
2.31641 
3.92969 
4.61914 
0.112305 
0.697266 
-0.581055 
8.2334 
-3.45801 
3.06738 
1.25977 
-1.25586 
-0.748047 
4.14746 
-0.470703 
3.92676 
3.86914 
2.28027 
0.0136719 
1.25586 
-2.59082 
0.44043 
-4.06348 
-3.06543 
0.104492 
-2.6377 
-3.43262 
3.09961 
-3.53027 
3.03027 
-1.04883 
2.47168 
-2.20898 
5.65234 
-3.41895 
-1.16309 
-2.38867 
-3.3877 
0.999023 
7.10059 
-0.352539 
6.96973 
0.853516 
6.12109 
3.78125 
-5.48242 
-1.34277 
-1.27344 
-3.94043 
4.62402 
1.07813 
-1.51367 
1.25684 
1.41895 
-3.13379 
-2.85645 
-2.7998 
7.21387 
2.3291 
2.70215 
2.35645 
0.125 
1.55371 
-1.85352 
-1.03809 
-1.79688 
-3.26367 
3.54004 
0.633789 
4.21875 
0.301758 
0.412109 
-0.71582 
-2.84277 
-3.60938 
-2.37207 
2.64258 
-0.0976563 
2.16406 
6.10156 
-0.825195 
-2.28027 
4.88281 
5.93848 
1.31836 
5.85742 
-1.74219 
3.52051 
-0.535156 
-2.57422 
1.99023 
2.38086 
-2.12891 
-1.39551 
-2.9043 
-1.16406 
-3.50293 
-1.70508 
-0.632813 
2.03027 
-1.41309 
-1.49219 
-1.28027 
-1.98242 
-2.40918 
-2.45898 
-0.47168 
2.51367 
2.09961 
0.375 
3.97754 
-4.77344 
4.38184 
-1.85254 
0.0761719 
0.576172 
1.5498 
3.73633 
-1.87207 
2.67969 
-0.996094 
1.3916 
1.15527 
0.777344 
-3.24414 
1.55664 
7.66309 
1.64453 
-4.03809 
-0.0595703 
0.141602 
1.4043 
-1.26855 
-0.4375 
2.25977 
2.35449 
-3.97852 
-3.27148 
-3.45996 
-4.14258 
-2.26172 
0.246094 
-1.96973 
-0.591797 
-1.29785 
-0.652344 
6.51758 
1.79199 
-2.32715 
-0.700195 
-2.27246 
-3.14355 
-1.39551 
-0.342773 
-2.02734 
-3.43066 
-0.866211 
-2.5791 
-2.56738 
-0.916016 
-2.3916 
0.240234 
0.00488281 
1.03027 
1.68945 
3.62793 
-0.643555 
-0.109375 
0.416992 
-0.804688 
-4.15039 
-2.29688 
-1.72168 
6.10352 
3.83008 
-4.75 
-0.75 
-4.06152 
-3.05859 
4.5625 
3.24316 
3.2959 
3.82129 
3.12012 
-0.349609 
-0.275391 
4.41504 
-1.43164 
1.85449 
1.21094 
-0.666016 
5.14063 
-2.24316 
6.01953 
-0.0839844 
-0.220703 
-3.29492 
0.616211 
-0.616211 
1.88965 
2.30273 
-1.07617 
3.95215 
-0.512695 
-0.651367 
-1.52734 
5.72852 
1.74805 
-0.664063 
-0.046875 
0.830078 
-4.94922 
2.82617 
2.05273 
1.22266 
-1.05566 
3.14941 
0.408203 
-1.8252 
-1.72168 
0.902344 
-1.84473 
-0.554688 
2.37402 
-0.538086 
-0.954102 
3.7832 
1.99707 
-4.76855 
3.70703 
-4.76855 
3.25488 
2.74219 
-0.332031 
1.81348 
-3.96973 
4.2666 
-0.273438 
-0.25 
1.26172 
0.0791016 
3.11914 
3.93457 
7.43066 
6.5498 
-0.605469 
3.67383 
2.13867 
3.43848 
-1.84277 
0.0 
-3.43359 
-0.634766 
0.588867 
1.00488 
2.17871 
-2.52246 
1.80469 
0.332031 
-4.06055 
-2.00879 
-0.770508 
2.93555 
-4.60254 
2.88477 
-0.949219 
0.364258 
-2.12402 
-4.15039 
-2.05273 
-3.00195 
-3.23438 
-1.14746 
2.70898 
2.04102 
-4.70215 
3.78223 
2.21484 
-4.24512 
0.617188 
6.20215 
1.63281 
5.70996 
5.86328 
-1.1543 
-3.88867 
-0.584961 
-2.83594 
-4.10449 
0.933594 
-4.78418 
0.885742 
2.46094 
-1.42871 
-4.04102 
0.412109 
-3.49316 
1.72852 
4.56641 
-2.41699 
0.333984 
-0.108398 
0.737305 
6.07715 
-2.49414 
2.82617 
5.0 
-2.46387 
2.63574 
2.23242 
-3.04297 
-1.1543 
0.12207 
0.834961 
2.63574 
6.17188 
-4.06348 
1.5498 
-0.703125 
1.72559 
1.93848 
-2.83594 
-2.26172 
2.11914 
2.83691 
4.91797 
1.22363 
-1.02637 
0.199219 
-4.2373 
0.229492 
-0.37793 
4.75 
5.38672 
1.45898 
2.18457 
-1.89258 
6.86523 
1.99316 
2.16211 
0.655273 
1.56836 
-3.01953 
1.98242 
0.0673828 
2.90234 
-1.30469 
5.43164 
2.35449 
0.944336 
3.55273 
0.967773 
-0.265625 
-1.23633 
4.87109 
-1.4082 
8.55176 
-1.53809 
4.25977 
3.20898 
-4.06348 
-3.43359 
2.37207 
-1.16016 
-2.47559 
2.25977 
0.333008 
0.517578 
-0.00390625 
2.32031 
-0.767578 
-4.75391 
-3.55664 
7.4707 
3.6748 
-4.77051 
0.353516 
0.661133 
-1.0293 
2.43555 
-0.0947266 
0.779297 
-1.24121 
-5.48242 
0.913086 
-2.53125 
0.568359 
-2.42773 
-2.75684 
12.0313 
0.131836 
0.333984 
-1.02832 
2.39844 
2.89063 
-1.96484 
1.48242 
-2.95215 
2.91602 
-3.99316 
2.3916 
-0.505859 
-1.81543 
-0.762695 
2.03613 
-4.06348 
0.682617 
-1.57324 
1.13281 
6.41016 
-1.35352 
-0.443359 
-1.98535 
5.24512 
1.03125 
-4.06055 
-1.60645 
8.71484 
-0.699219 
-3.87891 
1.97168 
4.56934 
0.960938 
-4.77344 
0.473633 
2.30469 
-1.34277 
0.498047 
-1.06152 
-0.526367 
4.18457 
2.00391 
-2.74121 
0.782227 
1.77441 
-2.58789 
-0.3125 
-0.100586 
-1.12891 
2.73145 
-2.36035 
-4.23535 
0.0722656 
-2.21582 
-0.47168 
-3.37402 
5.61328 
2.88184 
-2.30371 
0.792969 
-3.35449 
2.64648 
0.736328 
-2.91504 
-1.08398 
-0.30957 
-3.11328 
4.78906 
1.35938 
1.83887 
-0.746094 
-4.01953 
-1.34668 
-0.890625 
3.38672 
2.32324 
0.899414 
-3.53516 
-4.22559 
1.64844 
2.2041 
1.67578 
-2.91602 
1.32617 
-0.850586 
-2.63281 
-1.74121 
2.0791 
0.151367 
-3.43652 
3.61523 
-0.9375 
-3.44141 
3.99316 
3.00977 
1.63965 
-1.03711 
-1.50684 
4.58984 
-2.85254 
-5.48242 
-4.77344 
2.39746 
-1.75391 
-0.679688 
3.91309 
3.41992 
3.35352 
4.60645 
-0.491211 
0.604492 
-0.882813 
-0.757813 
1.37793 
-1.78516 
2.41797 
-4.77344 
-4.62988 
3.45605 
-2.55273 
3.96094 
2.76855 
-2.22168 
-1.09375 
5.24609 
3.8457 
-0.332031 
-0.472656 
2.84961 
5.6875 
-3.3623 
2.19434 
3.94336 
1.42578 
3.27539 
0.762695 
-3.89941 
2.42969 
5.8584 
1.8125 
-1.37207 
2.10938 
4.48633 
2.2002 
0.597656 
0.94043 
0.950195 
2.14258 
0.361328 
-5.48242 
-1.96484 
-1.58984 
-1.87012 
-0.195313 
-0.21875 
-0.691406 
1.5127 
1.7832 
4.93066 
7.89746 
-3.36523 
2.82813 
-4.94922 
-0.958984 
2.93164 
-1.54004 
-3.33789 
-4.59766 
-1.62988 
5.74609 
-1.70313 
-1.08398 
-0.427734 
2.19336 
-4.2373 
4.36328 
-0.708008 
-1.17188 
-3.23438 
-0.829102 
-4.75879 
5.74512 
-3.1582 
4.58008 
4.92969 
-2.20703 
0.18457 
-0.637695 
2.77148 
-0.00292969 
-2.24902 
4.23047 
-0.233398 
-2.70508 
6.33008 
-2.6377 
-4.08105 
-4.2168 
-0.233398 
-4.04199 
-4.78711 
2.85059 
-0.550781 
1.45117 
0.783203 
-3.53125 
-2.25586 
-2.61719 
-1.4668 
-1.99609 
6.94336 
-2.15332 
1.08496 
1.86133 
1.99023 
-2.00391 
5.09863 
-1.99219 
0.0810547 
-1.21777 
0.123047 
-1.59277 
-1.48828 
-3.27148 
0.515625 
2.44141 
1.19434 
-1.40234 
-0.0234375 
-3.24414 
6.06738 
0.728516 
-0.847656 
-2.08203 
-0.414063 
-0.515625 
0.367188 
-3.87402 
-0.0576172 
-2.61328 
-1.4707 
1.60352 
4.70703 
1.84668 
-0.390625 
0.166992 
2.77637 
3.46191 
-1.29492 
1.72168 
-3.94043 
-0.975586 
4.4209 
-2.71289 
0.361328 
-2.94922 
0.500977 
-4.75879 
1.12891 
-0.588867 
-1.49219 
-5.48242 
-0.71875 
-3.16309 
2.85156 
3.65918 
0.509766 
-0.396484 
0.205078 
-0.898438 
-0.469727 
-0.608398 
-0.21875 
-4.02148 
0.794922 
-2.29297 
-1.19922 
4.86719 
4.25 
-1.70313 
-0.143555 
-2.04688 
0.931641 
4.54199 
-2.26172 
9.61621 
-2.26367 
1.9668 
2.65137 
2.04102 
-4.94922 
0.772461 
0.0126953 
-1.19922 
-1.60742 
0.157227 
-0.628906 
-2.18457 
-5.48242 
5.63281 
-1.19922 
-2.46973 
1.07227 
-3.6709 
0.317383 
1.68359 
0.40332 
-1.68262 
-1.125 
-0.981445 
-1.36816 
1.88574 
1.89258 
-4.41211 
-1.2793 
-1.33203 
-4.75 
-3.41016 
0.880859 
2.11426 
7.00391 
4.64258 
-3.24707 
0.371094 
-0.0742188 
0.503906 
0.566406 
-1.09375 
-0.266602 
-0.350586 
0.368164 
3.01563 
-0.629883 
-2.91504 
1.00684 
-2.81641 
0.164063 
-3.97363 
-0.401367 
1.25977 
-0.873047 
-5.16309 
1.60547 
0.125977 
-2.64063 
2.59863 
-1.13672 
-0.392578 
3.81934 
2.71484 
3.39258 
-3.07031 
0.746094 
3.65918 
0.240234 
-0.283203 
6.00195 
-4.25977 
-3.10059 
2.99902 
3.07422 
-0.835938 
0.378906 
4.33398 
0.71875 
1.00391 
-1.12012 
4.23145 
-0.881836 
-1.92773 
0.168945 
-3.14648 
-1.58789 
3.89551 
-1.07324 
0.175781 
3.87305 
-1.79785 
-5.16309 
-0.101563 
0.0927734 
2.12012 
-0.598633 
6.12988 
-1.83887 
-1.25684 
-3.42773 
3.2793 
-3.96094 
-2.00879 
-4.15625 
-0.263672 
-2.28613 
-2.09961 
-1.74219 
-3.52734 
1.77246 
3.11328 
-0.547852 
-5.48242 
-0.365234 
-1.53125 
-1.93945 
0.914063 
-2.6084 
2.05957 
-4.75 
-3.92871 
2.21387 
1.71777 
-2.5625 
-1.14648 
-0.0888672 
-1.70801 
-5.48242 
-0.177734 
-2.26855 
1.29688 
-1.81543 
2.9082 
-1.38672 
4.41113 
1.62598 
4.04395 
-0.663086 
1.75391 
-3.41211 
2.70703 
-4.16113 
-2.4541 
3.11133 
-0.269531 
1.37207 
0.494141 
2.67383 
-4.10449 
-1.35352 
-0.56543 
5.74805 
-5.16309 
-0.431641 
3.08594 
4.41113 
-2.71875 
0.0507813 
1.79199 
1.03613 
0.242188 
-1.78516 
-2.50684 
0.163086 
0.0791016 
-3.2832 
3.31836 
1.64648 
-1.05469 
1.89355 
1.30273 
1.03809 
-1.08301 
-4.02148 
1.23145 
-0.613281 
2.04395 
4.54395 
3.75879 
-1.23242 
4.68066 
-1.46191 
-3.85254 
-3.52734 
-3.12012 
0.103516 
-0.736328 
3.14746 
-0.887695 
2.15332 
-3.00879 
-1.61328 
-0.998047 
0.766602 
-2.58594 
-0.953125 
0.0185547 
-0.810547 
2.35254 
-1.76953 
-1.73047 
2.72852 
-4.81348 
-1.03125 
-4.0791 
-0.0214844 
2.88477 
1.00586 
-2.22852 
3.03711 
5.80176 
-0.650391 
-4.04492 
-0.466797 
-0.168945 
-4.81348 
0.0898438 
-0.469727 
2.93164 
-2.00879 
3.07617 
2.67773 
2.47852 
-0.242188 
-2.52148 
-0.793945 
1.15918 
1.66406 
-0.118164 
3.12793 
5.02539 
-1.28223 
-4.06348 
1.8125 
-3.59375 
-0.992188 
-1.37305 
2.96484 
2.0918 
-0.203125 
0.125977 
2.4209 
-2.45215 
0.157227 
2.75391 
0.696289 
-2.84375 
0.828125 
4.10352 
-1.30762 
0.130859 
1.84375 
-0.208008 
-1.50098 
1.86719 
1.04199 
-0.796875 
-4.81348 
4.87305 
-1.94434 
2.41602 
-3.39551 
-4.32617 
1.84082 
-1.57715 
-1.49805 
-4.62988 
0.411133 
-0.887695 
0.432617 
-2.20996 
-0.599609 
-3.6123 
2.40332 
-2.08789 
-1.23438 
-4.08105 
0.975586 
-1.67383 
4.78418 
3.2334 
2.07422 
-2.70898 
0.632813 
-4.14551 
-1.10352 
3.28711 
0.722656 
-0.605469 
0.493164 
-1.05664 
-1.45215 
-1.55469 
2.20703 
-1.33105 
-4.01953 
2.95703 
-4.75879 
1.53809 
7.62402 
-3.48047 
1.03809 
-0.826172 
3.73047 
-0.499023 
2.38867 
-0.350586 
3.24219 
-1.36133 
-2.6084 
-3.28027 
-1.40625 
-3.73047 
-2.96191 
-1.77148 
-1.9248 
-0.849609 
-3.90234 
-0.485352 
2.08496 
1.50977 
3.40039 
4.33887 
-2.71777 
0.953125 
4.21777 
2.58398 
1.8916 
3.74512 
-1.78809 
3.02832 
1.9541 
1.0166 
9.41016 
0.395508 
-4.14551 
-0.200195 
-1.12891 
5.06055 
9.2959 
-2.41113 
0.513672 
0.405273 
3.41309 
2.76953 
-2.62305 
-0.833984 
-2.78906 
-2.51563 
-0.0419922 
-3.87402 
6.92383 
3.96582 
2.63281 
-0.19043 
-2.41699 
-1.70508 
-1.16895 
5.57617 
-1.15723 
-0.579102 
2.875 
-1.77344 
0.667969 
-2.88379 
-1.14648 
-3.47363 
-0.93457 
0.977539 
-3.58398 
-4.59766 
1.51953 
0.400391 
1.53613 
1.83496 
1.11914 
1.99414 
1.88086 
-4.23535 
0.0498047 
1.2666 
-3.31934 
-2.79688 
-0.823242 
6.54297 
-0.538086 
-3.5332 
4.65234 
-1.08594 
-3.41895 
0.0410156 
-2.07227 
1.63379 
5.15918 
4.45996 
5.11328 
5.16992 
-4.70215 
-0.898438 
-2.67773 
-2.09375 
-1.16309 
4.05859 
6.13965 
1.52051 
-1.1543 
-2.26172 
1.83887 
-2.72461 
-1.15332 
-2.46289 
3.35156 
-1.56348 
3.82129 
-2.16504 
0.850586 
0.995117 
4.08301 
9.19922 
0.34375 
1.31836 
0.333984 
2.21484 
-0.333984 
0.673828 
-3.99023 
1.21875 
-0.314453 
2.5332 
-2.25781 
-0.232422 
5.20605 
-5.48242 
-2.19434 
-2.96191 
-0.533203 
0.915039 
6.30859 
-4.75 
6.15039 
3.16211 
6.62109 
-0.814453 
-3.86914 
-3.23438 
-1.2832 
-4.94922 
-1.39551 
2.14258 
-2.98535 
-2.5166 
-0.52832 
-3.00879 
5.14844 
-3.32813 
-3.37988 
0.272461 
-0.469727 
-0.758789 
3.46973 
1.83008 
-0.516602 
2.06152 
4.2998 
-1.39453 
-1.30273 
2.47852 
-1.46094 
-1.06152 
-0.554688 
-3.23438 
-4.27832 
-3.60938 
-0.768555 
-2.00879 
-1.67285 
0.37207 
0.0546875 
-2.29102 
0.616211 
-2.08398 
3.77051 
0.493164 
-2.3916 
-3.23438 
-3.04297 
-3.63867 
-3.39453 
-3.35156 
0.310547 
-4.32617 
-0.244141 
0.754883 
4.22754 
7.29102 
0.697266 
-3.35059 
0.243164 
3.81641 
-1.91016 
2.72754 
3.41113 
6.20801 
-2.83008 
-5.48242 
4.32129 
-3.33203 
0.948242 
2.0625 
0.727539 
1.31836 
5.70313 
0.124023 
1.22949 
-5.48242 
-2.14551 
-3.36523 
-1.24316 
4.82227 
-1.10059 
1.29199 
-4.13184 
1.49902 
-0.513672 
-0.111328 
1.33789 
-1.56348 
4.59473 
-1.19629 
-0.441406 
-4.78418 
0.457031 
-3.55566 
-3.71387 
0.501953 
-1.98926 
2.99902 
-0.193359 
-3.14355 
0.0439453 
3.39941 
-4.04492 
-2.62402 
-0.519531 
1.57422 
-2.71777 
-0.160156 
-2.37305 
-1.49609 
1.03906 
2.47754 
0.24707 
-3.52539 
-0.429688 
-0.605469 
-0.238281 
1.99023 
-2.61328 
-3.33984 
3.58398 
6.7666 
2.68164 
-0.227539 
2.18262 
-1.53809 
5.44531 
2.3877 
3.67578 
-2.43066 
-0.183594 
2.29785 
1.9248 
-0.223633 
4.46289 
-1.42188 
-0.485352 
-0.69043 
3.47168 
-1.32227 
-0.078125 
-3.18945 
0.871094 
-2.38086 
-1.27344 
1.79883 
0.508789 
-1.93359 
0.365234 
-4.09961 
2.35449 
3.01758 
0.523438 
0.212891 
-1.04492 
0.417969 
0.00878906 
4.07617 
-4.41211 
-3.97852 
-4.59766 
-2.62891 
0.251953 
2.56055 
-1.52246 
1.94727 
0.936523 
-2.99219 
3.10449 
-1.2207 
-1.83691 
0.251953 
-3.43652 
2.6084 
-4.04492 
4.41211 
-1.59473 
2.96777 
-4.14258 
2.27344 
-0.0986328 
-2.3877 
1.0498 
-2.17578 
-3.56445 
2.72461 
2.37695 
1.2373 
3.8418 
0.0205078 
3.6748 
1.0957 
0.734375 
0.702148 
-5.48242 
0.69043 
-3.00879 
-0.515625 
1.2041 
0.69043 
-1.76563 
-0.310547 
1.62598 
-3.28711 
0.140625 
-4.16895 
0.636719 
1.77148 
-2.24023 
2.87109 
3.75 
-1.72168 
2.62402 
-1.49316 
2.16113 
0.333008 
0.227539 
2.00879 
1.12012 
-0.926758 
-1.08398 
-0.34082 
3.50684 
4.3916 
4.11621 
0.289063 
0.84375 
2.92676 
3.77539 
-3.28418 
1.33008 
0.955078 
2.11133 
2.95898 
-1.07617 
4.27246 
5.81543 
-1.49219 
0.488281 
0.172852 
2.2168 
1.89941 
0.174805 
-1.34375 
-0.146484 
1.74121 
4.97461 
-2.66504 
-1.49512 
-0.225586 
8.82227 
-0.265625 
-0.320313 
0.226563 
4.64941 
3.70605 
5.68457 
-1.1582 
-3.52734 
-0.195313 
0.84375 
-0.636719 
3.50977 
-1.99707 
4.66602 
-2.26172 
-1.47168 
0.680664 
-1.66602 
-1.07031 
1.03516 
2.60352 
1.05566 
-2.62207 
4.8457 
-4.13086 
-5.48242 
-0.969727 
2.69336 
0.941406 
1.24902 
1.80078 
0.800781 
-0.0839844 
5.29883 
-2.46875 
1.35547 
8.98535 
0.227539 
6.49707 
2.77148 
1.7207 
-4.78711 
0.0810547 
4.34277 
-0.779297 
-4.22559 
0.854492 
-4.04102 
-2.88574 
-0.568359 
3.45605 
5.22949 
0.865234 
-4.79297 
1.81738 
0.333984 
4.77148 
0.694336 
1.71484 
-3.55664 
3.21191 
1.88867 
1.03516 
0.96582 
3.81934 
0.416016 
0.545898 
-0.760742 
1.87012 
1.7832 
-1.88379 
-1.74805 
1.73535 
-1.43555 
-0.443359 
-2.69531 
-4.05957 
-1.5459 
-4.76855 
2.90723 
2.45215 
-2.0791 
1.56543 
-0.381836 
-0.0615234 
3.02344 
-1.83691 
1.99902 
1.36328 
0.0244141 
1.16602 
-4.79297 
-1.97656 
-0.255859 
-3.68457 
-2.79785 
-3.88867 
0.229492 
-1.87793 
1.62305 
-3.85254 
-0.508789 
2.48828 
2.32031 
3.63672 
3.22266 
3.73047 
-0.046875 
3.93164 
4.43262 
0.0927734 
-2.02734 
-2.12793 
-2.67285 
-1.375 
8.87598 
2.62207 
-1.14355 
0.650391 
-0.188477 
2.04102 
-1.28125 
-1.27734 
0.166992 
-5.48242 
-2.42871 
0.645508 
2.02246 
2.69336 
-3.37012 
-0.34375 
-0.611328 
-2.14648 
-3.50098 
-1.91992 
-2.38965 
0.496094 
1.45605 
-2.22949 
-0.205078 
3.0166 
0.0878906 
1.88379 
0.34668 
5.46875 
0.954102 
5.71777 
-1.56738 
0.230469 
2.12207 
-1.55469 
-0.272461 
4.28906 
4.02539 
0.873047 
-2.17969 
-2.39648 
-1.93262 
-2.46777 
1.4834 
-1.45215 
-0.445313 
-3.00195 
4.04492 
-0.136719 
0.769531 
-1.05469 
-0.978516 
2.30566 
2.30957 
-0.0683594 
-1.19434 
-4.32617 
-2.23242 
-1.79395 
1.69141 
3.13672 
1.28027 
1.81641 
6.42676 
0.763672 
-3.07031 
2.69434 
-0.619141 
-3.68457 
0.895508 
0.140625 
4.28223 
1.59961 
3.12988 
-0.111328 
-1.19434 
-1.91699 
-0.469727 
2.12988 
-0.556641 
2.84082 
-2.69922 
0.772461 
-1.10449 
0.943359 
7.51953 
2.80371 
-0.0117188 
2.4209 
3.06055 
-2.4541 
0.384766 
-3.49316 
4.44531 
-0.500977 
1.43457 
3.19043 
1.15918 
0.889648 
-0.143555 
0.46582 
-2.70117 
4.2334 
-2.10352 
3.42285 
-2.41113 
0.194336 
-4.30762 
-3.37402 
0.508789 
-1.08887 
-2.85449 
0.950195 
5.60156 
-0.118164 
-0.0283203 
0.319336 
3.73145 
3.91992 
4.79199 
0.56543 
0.498047 
1.33887 
-1.33008 
6.87891 
5.31738 
2.70703 
1.25488 
-3.11719 
1.57031 
-4.00391 
-5.16309 
-1.66797 
-0.951172 
-0.612305 
1.49023 
-1.31348 
-1.34375 
-1.48145 
2.13477 
-0.0996094 
1.42285 
5.1416 
2.61328 
2.90625 
-1.48145 
3.125 
-1.04199 
-2.25586 
-3.96973 
0.595703 
-2.32324 
2.88184 
-0.807617 
-1.56348 
-1.0332 
-3.09375 
-0.451172 
-0.828125 
4.10742 
-0.136719 
-0.149414 
0.907227 
-1.01758 
3.67578 
7.1416 
-1.22754 
-4.06348 
-1.48145 
-1.86035 
3.34277 
-0.250977 
2.54395 
6.94043 
-3.43652 
-0.162109 
2.31738 
-1.70508 
-0.666016 
0.574219 
-1.12793 
-5.48242 
0.826172 
0.660156 
-5.48242 
-3.1875 
2.59668 
1.52734 
3.90039 
-5.48242 
0.264648 
-4.06348 
-1.1543 
3.04199 
4.71191 
8.97852 
4.10742 
-2.60254 
-2.9082 
1.63086 
2.32129 
-0.857422 
1.6543 
-4.28027 
-2.04883 
0.520508 
6.26563 
-1.36328 
-3.27148 
-0.90918 
-0.0742188 
-2.74512 
2.39355 
-1.39258 
0.367188 
-0.783203 
1.5498 
1.35938 
0.0136719 
1.9082 
3.21289 
-1.41504 
3.4668 
2.71777 
0.203125 
-0.0683594 
2.91504 
3.11523 
-4.77344 
-1.09375 
1.69336 
0.166992 
-3.44727 
0.204102 
4.76367 
-1.70703 
-1.25195 
0.384766 
-4.16895 
0.824219 
4.01074 
-1.08691 
2.08691 
5.57227 
-2.82617 
-4.01953 
4.5957 
-0.362305 
4.67871 
0.201172 
-2.89746 
0.0820313 
-0.333008 
3.47363 
-0.0527344 
3.86133 
1.39648 
-1.26465 
-0.991211 
0.0800781 
3.24707 
2.64063 
-0.304688 
-3.39551 
3.87988 
-2.24316 
-0.663086 
-1.94434 
-0.486328 
2.7793 
-0.849609 
0.157227 
1.51758 
-0.311523 
-1.96875 
-3.50488 
-3.16211 
0.62793 
1.95898 
0.97168 
-0.988281 
1.40723 
-2.21777 
1.56934 
1.26855 
-2.41699 
-3.44531 
-1.9209 
0.881836 
1.14941 
1.30664 
-1.7832 
1.10254 
0.129883 
-4.94922 
-5.48242 
0.526367 
-1.26367 
-1.58008 
8.21484 
-0.573242 
3.00098 
-0.584961 
1.76953 
-0.0136719 
10.0703 
3.28711 
1.49121 
1.45801 
4.45215 
1.60742 
-3.00195 
-0.0800781 
2.14746 
-0.842773 
-3.43652 
-4.25391 
-1.74414 
3.90918 
-2.26172 
-4.76855 
1.03223 
0.301758 
3.63086 
-1.10645 
-2.74707 
1.58398 
1.59082 
-4.30762 
-1.71582 
-0.291016 
11.1211 
0.980469 
-2.7002 
-0.396484 
-0.0166016 
-1.80762 
2.4541 
-3.5127 
5.92578 
1.56152 
2.26758 
1.21875 
1.21582 
-1.64355 
-3.44141 
3.85938 
-1.12402 
-0.0136719 
8.55469 
-3.07031 
-4.77051 
-3.59375 
-1.08398 
-2.12891 
-2.36816 
-0.699219 
0.402344 
5.48242 
-2.60547 
-1.6543 
2.09277 
-3.00879 
2.34375 
-3.3877 
2.39551 
1.42285 
0.552734 
3.17773 
-0.198242 
-3.41699 
0.836914 
2.00781 
-2.93262 
-0.78125 
1.94922 
3.4502 
-4.07324 
-2.49414 
7.59375 
-4.94922 
3.11328 
-1.18848 
3.01465 
4.42871 
2.57031 
2.79395 
-2.2627 
1.5293 
3.2666 
3.44434 
3.95508 
-2.15234 
-3.50879 
-0.364258 
0.124023 
3.53223 
1.1377 
-0.631836 
-4.2041 
-0.432617 
-4.75 
-1.81543 
0.0771484 
-0.148438 
-2.27344 
-1.27734 
-1.77246 
0.229492 
-1.11621 
-1.34766 
-0.34375 
-4.85938 
-2.40918 
-2.93262 
-1.4873 
-1.47168 
5.08691 
-0.682617 
-1.33008 
-2.96191 
-1.92773 
5.69629 
-2.70117 
4.49316 
-2.18457 
-0.289063 
-0.4375 
4.41016 
-1.78516 
1.00684 
-1.91895 
-3.55664 
-2.10547 
1.58594 
1.36035 
7.29883 
2.63965 
-3.43652 
1.66406 
0.890625 
2.4248 
-0.601563 
0.964844 
2.09961 
-0.375977 
0.529297 
3.37402 
-2.71777 
-2.84277 
-0.168945 
-1.3877 
-3.07227 
-4.07227 
4.52051 
-1.48242 
0.453125 
-0.954102 
2.20801 
-4.62988 
-1.70313 
0.332031 
-2.7041 
1.13672 
2.98438 
0.770508 
-2.94727 
-3.44141 
-1.66504 
1.625 
7.07324 
-0.207031 
1.14844 
-1.35547 
-2.57031 
-3.35547 
-2.43457 
-4.22559 
-0.967773 
0.266602 
-1.37891 
-0.120117 
0.981445 
-0.607422 
-1.3916 
1.67285 
1.3252 
2.24902 
0.492188 
-4.2168 
0.212891 
1.08203 
0.0556641 
-0.493164 
-2.10449 
-3.03223 
-1.87793 
0.123047 
0.549805 
0.74707 
-0.257813 
-0.0830078 
1.52441 
-4.16895 
3.26855 
0.926758 
-3.26953 
0.174805 
0.430664 
-2.30762 
5.09863 
-4.0498 
2.74023 
4.83301 
-1.77539 
-2.64258 
-3.42383 
5.79102 
-0.180664 
-1.62988 
-2.00684 
-0.664063 
2.64355 
0.118164 
-0.791992 
-0.475586 
3.31348 
3.25781 
1.12598 
-4.2168 
-1.05469 
0.103516 
-1.80566 
4.4502 
-0.755859 
3.90918 
-0.396484 
-5.48242 
-2.6543 
-0.708008 
1.52832 
-4.02637 
1.07617 
-5.48242 
-1.17676 
9.42676 
0.847656 
-4.94922 
0.269531 
0.244141 
-1.56152 
3.79102 
6.36133 
0.0175781 
-0.699219 
4.29492 
-4.0752 
-1.88379 
2.32813 
-1.03809 
0.691406 
-1.64746 
0.149414 
-0.415039 
-3.43652 
2.11133 
2.10742 
2.28906 
-4.94922 
-4.70215 
1.71582 
1.04297 
1.69629 
0.00878906 
-2.96191 
1.02637 
3.05957 
1.19922 
2.24414 
-0.15625 
-1.9082 
-0.151367 
-0.900391 
2.87012 
-0.180664 
2.26465 
1.64258 
0.114258 
1.01074 
4.30566 
0.595703 
-1.99414 
-1.74512 
1.7041 
2.03125 
-4.77344 
0.992188 
5.83887 
-0.302734 
0.969727 
-0.613281 
-3.10059 
2.28125 
-4.78418 
3.4502 
3.26367 
-1.54688 
0.5625 
5.52832 
-0.320313 
0.785156 
1.17969 
5.64648 
-0.0195313 
-0.375977 
5.55566 
-3.36914 
-3.18457 
-1.36133 
-1.39551 
2.31836 
2.08105 
-4.78418 
2.61719 
-0.791016 
-0.560547 
0.0712891 
2.91895 
-2.7041 
-0.353516 
1.30762 
2.97461 
1.26465 
-3.34082 
-3.2793 
-2.2832 
8.50293 
-0.0136719 
-0.263672 
1.65039 
1.35938 
-0.0703125 
-2.79492 
-0.458984 
-1.30371 
-0.40332 
0.775391 
-1.48828 
-3.39063 
2.43359 
2.80664 
-0.25 
2.71484 
-1.84082 
9.9873 
3.28223 
-4.43945 
-1.9209 
-3.72266 
-1.89453 
5.25488 
2.45703 
-0.186523 
-2.57324 
0.530273 
-2.72461 
5.99805 
2.33984 
5.0957 
-2.30762 
8.7373 
4.1709 
7.4668 
-3.85254 
0.791016 
1.19336 
-2.77246 
-3.18359 
-4.28027 
-1.33887 
3.99414 
3.85254 
1.29785 
1.38477 
-0.967773 
1.33594 
-2.70508 
2.47754 
-3.87402 
-1.27539 
3.95605 
-0.830078 
-1.70801 
-1.70117 
3.62598 
-3.41406 
6.29297 
1.49219 
0.864258 
0.408203 
6.29004 
-3.53613 
-4.2168 
-1.42188 
-1.31641 
-2.7832 
0.550781 
0.0449219 
2.92188 
0.519531 
0.496094 
-3.14355 
0.0751953 
1.43652 
1.36914 
-0.683594 
1.83887 
-1.33984 
-1.00488 
-1.1543 
0.454102 
-1.35938 
-1.48145 
2.12305 
-0.15332 
-0.532227 
0.00683594 
-2.09277 
-3.87891 
1.05078 
3.09766 
-4.04102 
0.285156 
-2.00879 
-4.28027 
0.438477 
3.01563 
2.15723 
-1.80273 
4.64258 
2.05762 
-1.08887 
5.83105 
-0.958984 
0.254883 
0.287109 
-2.33496 
4.33887 
-1.83496 
-2.04199 
1.80859 
1.56055 
-5.48242 
-2.4375 
-2.60742 
3.91699 
-2.16504 
-2.3916 
-2.39648 
-2.66211 
1.12695 
-0.214844 
2.90723 
1.42383 
-0.371094 
2.91406 
-4.1084 
-1.43164 
-0.316406 
0.652344 
-2.9082 
-1.60938 
1.30176 
1.28223 
-0.352539 
-1.99512 
-4.23535 
-3.34082 
2.68652 
6.57031 
-1.20313 
2.94727 
7.44824 
-4.70215 
-4.32617 
-0.367188 
-4.94922 
-1.30957 
1.14746 
-2.84277 
-2.87695 
-4.94922 
-1.76465 
-0.824219 
-0.508789 
-0.793945 
-1.32422 
2.74414 
-2.12598 
-0.31543 
-1.00098 
-0.137695 
2.1582 
1.57227 
0.12207 
-1.83105 
3.31934 
-3.52539 
3.19727 
8.62207 
-1.86719 
-2.76758 
0.675781 
-1.80762 
-0.274414 
8.10547 
-3.0 
1.03125 
1.67188 
-4.06445 
6.67383 
1.7832 
-3.38574 
-1.98047 
2.04199 
0.331055 
1.27148 
0.5625 
1.45508 
-0.583008 
-4.30762 
2.85449 
1.98145 
-0.668945 
-1.46094 
-0.555664 
-1.92188 
-5.48242 
3.3252 
-1.71875 
-3.38477 
-5.48242 
2.38184 
-3.84961 
-3.86523 
-2.06445 
2.51563 
3.37695 
1.55273 
-3.5752 
1.36328 
2.49512 
0.56543 
-3.4668 
-2.0791 
-0.0839844 
-0.125977 
10.8506 
-2.46387 
4.92676 
2.58398 
0.217773 
2.35742 
-4.77344 
0.25 
1.26465 
-1.23633 
1.39258 
-1.16406 
0.620117 
4.4248 
-3.1709 
-0.650391 
2.87891 
-0.597656 
-4.00684 
-4.78418 
3.4873 
-2.05273 
-0.438477 
0.261719 
4.33887 
1.25586 
5.38672 
2.35742 
-2.52246 
-2.04883 
7.75586 
-4.77344 
2.14355 
-2.05762 
1.66699 
-2.25293 
2.95313 
1.17383 
2.8125 
5.89941 
0.557617 
-3.78516 
-0.0732422 
1.54004 
0.929688 
-4.77051 
1.00293 
-4.2373 
2.6582 
3.01367 
-1.8584 
-4.94922 
0.0175781 
-2.43262 
3.56348 
-2.18457 
-3.32617 
0.944336 
-1.56348 
-0.667969 
0.827148 
-1.69043 
2.51465 
-0.264648 
0.274414 
-1.34082 
-3.5459 
-2.75 
-2.33496 
3.0166 
5.8125 
-0.0898438 
2.56445 
4.7832 
1.38281 
-3.15527 
0.702148 
-1.05078 
-0.220703 
3.16895 
-0.432617 
0.444336 
-0.983398 
-4.22559 
4.42383 
-0.889648 
-1.15527 
3.51758 
0.179688 
-2.01172 
1.53125 
-2.375 
-1.7832 
1.01074 
-2.78906 
1.3291 
2.09863 
-0.321289 
3.96387 
-3.60938 
-3.03418 
3.12695 
-2.9082 
0.631836 
1.49023 
0.998047 
-2.73242 
-2.33691 
0.445313 
-2.72266 
-3.18945 
0.469727 
-2.64063 
1.94922 
2.19629 
2.70898 
-0.582031 
0.988281 
-3.51953 
2.77148 
-2.74414 
-2.32617 
8.37598 
2.25977 
-3.97852 
0.392578 
0.367188 
-1.65918 
5.12988 
1.06738 
1.25098 
-0.485352 
-5.48242 
1.79883 
-1.0 
0.503906 
0.262695 
-1.45215 
11.6719 
1.22754 
-1.45215 
-1.68848 
-0.192383 
3.17676 
0.208984 
-0.0585938 
2.60742 
1.36523 
3.37988 
-1.97949 
-3.0 
-1.12109 
-3.31934 
-2.53516 
-3.85254 
-2.24121 
0.163086 
-0.550781 
0.0341797 
-2.18555 
-1.10059 
0.84082 
-0.256836 
-3.68457 
7.08008 
1.40039 
-2.94043 
0.858398 
-1.27246 
1.53125 
-2.54688 
-2.41699 
-3.85254 
3.29883 
0.842773 
-2.26172 
-2.59375 
-2.55176 
0.558594 
1.10547 
-5.48242 
5.39551 
-1.41895 
-3.37988 
-2.71289 
6.95313 
0.547852 
-1.7168 
-4.70215 
4.69727 
-0.793945 
0.980469 
-0.18457 
1.53223 
-0.0800781 
0.913086 
1.51465 
1.9375 
-1.62207 
0.166992 
0.744141 
-3.85254 
-1.05762 
-0.37207 
-2.41699 
-0.325195 
-4.47363 
1.1748 
2.99805 
1.94629 
4.33887 
-0.445313 
-2.53906 
1.03906 
5.41016 
0.428711 
-0.375 
0.345703 
2.68262 
-0.456055 
7.9375 
-3.85156 
-1.49219 
-1.6377 
1.43555 
-0.293945 
-0.460938 
-1.80176 
-3.85254 
-0.708008 
-4.1084 
-0.00488281 
-0.275391 
-1.16016 
3.29102 
0.736328 
-4.76855 
-1.56738 
2.39941 
2.63965 
-0.452148 
-4.0791 
-2.89453 
5.85645 
5.46875 
-0.365234 
-2.15332 
-3.63867 
-5.48242 
-1.18262 
3.56934 
2.89648 
-1.96973 
-2.3125 
3.17188 
-3.53613 
-1.05273 
0.0722656 
-3.31738 
0.179688 
1.27148 
-1.67676 
4.1377 
-0.0126953 
0.0722656 
2.12793 
1.95508 
0.505859 
2.13477 
0.833984 
6.61816 
4.04785 
2.08203 
-0.495117 
-0.668945 
1.50098 
3.93945 
-1.27539 
-0.435547 
0.00976563 
4.82422 
2.27051 
-1.10645 
-2.26367 
-4.2207 
-1.875 
3.80469 
0.581055 
3.19434 
-2.2041 
-0.0146484 
-2.375 
2.48438 
-0.0322266 
-1.07129 
-0.444336 
3.33203 
2.63672 
10.0029 
-4.94922 
2.12207 
-1.47363 
0.688477 
5.1543 
-4.2373 
2.88965 
-2.50098 
0.239258 
0.0537109 
0.30957 
3.75684 
1.58984 
0.686523 
-1.74707 
2.07422 
4.46875 
-2.80176 
0.146484 
-3.14648 
-4.94922 
1.43457 
-3.32813 
2.45801 
-3.87012 
0.336914 
1.58789 
0.772461 
-3.49512 
2.02344 
-1.41992 
-2.68164 
5.65137 
5.39648 
1.28418 
1.14746 
-1.57129 
3.38379 
5.8916 
-0.892578 
-3.58398 
0.362305 
0.0292969 
-0.871094 
-1.43164 
-4.81348 
-0.81543 
-3.53613 
-1.84863 
-1.88379 
-2.77637 
1.49316 
6.41309 
-1.74121 
-3.54785 
-3.52734 
6.87207 
3.33301 
-2.17969 
4.67871 
-2.38086 
-3.41504 
-2.61328 
-1.33301 
7.12598 
2.47559 
1.36523 
-2.65234 
0.517578 
-0.808594 
2.47656 
3.47656 
2.16699 
1.06445 
0.0673828 
-0.757813 
1.9043 
0.867188 
-2.66602 
-0.174805 
-5.48242 
0.505859 
-0.640625 
1.74707 
-0.273438 
2.41797 
-1.58594 
-1.31934 
-4.75391 
-5.48242 
1.11426 
4.12695 
0.581055 
-2.96191 
-4.79297 
4.45313 
-3.89355 
-2.47656 
-1.07129 
-0.274414 
1.28027 
0.943359 
-0.676758 
0.404297 
-1.98535 
0.453125 
3.40723 
-0.172852 
0.543945 
-1.05859 
0.188477 
0.794922 
0.270508 
-0.879883 
1.74707 
2.59375 
1.2041 
-1.35547 
-3.87012 
-0.532227 
-0.928711 
-1.65234 
0.179688 
-1.88672 
-1.16602 
2.66992 
-2.02539 
5.38965 
-0.188477 
2.48242 
5.41406 
0.258789 
-1.90137 
3.36816 
-1.75293 
0.505859 
0.136719 
-4.77051 
0.254883 
3.22559 
-0.643555 
5.45215 
-0.237305 
0.349609 
-1.54297 
-2.56738 
-0.0341797 
2.90723 
-3.86523 
-1.95605 
2.69727 
-0.558594 
2.44043 
-0.230469 
-1.61816 
1.04199 
3.14844 
0.238281 
2.00488 
4.10352 
1.19434 
-1.35449 
-0.896484 
6.11914 
-3.53027 
0.101563 
0.0957031 
