-0.991211 
-1.4502 
-0.594727 
0.486328 
0.353516 
-2.58105 
2.17871 
1.90234 
-1.30566 
0.771484 
-0.704102 
0.316406 
-0.166992 
1.82227 
1.01465 
-0.298828 
1.28125 
1.2168 
-1.0498 
0.199219 
-0.847656 
1.85352 
-1.4541 
3.68262 
-0.0898438 
0.897461 
-1.4502 
0.623047 
-0.53125 
-0.257813 
0.494141 
0.483398 
-1.11816 
-2.58105 
0.821289 
-0.564453 
-0.647461 
-2.58105 
1.74512 
-0.298828 
-0.331055 
0.0800781 
0.0771484 
-1.11816 
-1.12891 
-0.624023 
0.362305 
1.38281 
-0.624023 
1.29785 
0.482422 
1.37988 
0.891602 
-1.50977 
0.884766 
-1.77637 
-2.58105 
1.35254 
3.05957 
1.56055 
2.2334 
0.796875 
-1.37109 
2.4668 
0.183594 
0.358398 
1.69336 
-1.37988 
1.7373 
-2.58105 
-1.2998 
-0.34668 
-0.272461 
1.50391 
-1.30566 
-0.645508 
0.267578 
-0.631836 
0.433594 
1.00293 
1.9668 
-1.37109 
0.551758 
2.46582 
0.151367 
-1.93359 
-0.146484 
-1.46289 
-0.382813 
0.583984 
-1.43945 
-1.51172 
-2.58105 
-1.93359 
-1.44922 
0.432617 
0.813477 
-0.496094 
0.40625 
-0.384766 
1.70703 
1.56152 
-1.54883 
-1.93359 
0.28418 
0.900391 
2.19922 
-1.04004 
0.269531 
-1.50977 
-1.37109 
0.251953 
0.353516 
0.772461 
2.60352 
-0.847656 
-0.631836 
0.5 
0.28418 
-1.43945 
-1.4541 
-1.4541 
0.341797 
0.015625 
0.461914 
-0.496094 
1.08301 
0.139648 
2.03613 
2.16016 
-1.37109 
2.6084 
1.14355 
-0.931641 
-2.58105 
-0.961914 
1.1084 
-1.46289 
1.66797 
0.189453 
0.078125 
-0.665039 
-1.0498 
-2.58105 
-1.46289 
-0.638672 
1.69629 
2.44336 
-1.4502 
1.64648 
-0.631836 
1.03223 
-2.58105 
0.887695 
1.64648 
-2.58105 
0.414063 
-1.73633 
0.50293 
-2.58105 
-1.76563 
-0.487305 
0.230469 
1.97168 
0.480469 
-0.658203 
-2.17188 
-1.37988 
-0.34375 
-0.200195 
0.319336 
0.505859 
0.362305 
-0.920898 
-0.273438 
1.31543 
-1.93359 
1.35938 
-0.248047 
-1.44922 
0.5 
-0.226563 
0.941406 
1.39648 
-0.25293 
-0.233398 
-1.04492 
0.625977 
-2.58105 
-0.931641 
1.1123 
-1.36816 
-1.04883 
0.854492 
-1.76563 
0.270508 
-1.54883 
0.362305 
-0.323242 
1.21387 
0.518555 
-0.847656 
-0.634766 
-1.37109 
-0.421875 
1.36816 
1.26465 
-2.58105 
0.451172 
-0.430664 
0.760742 
0.283203 
-0.3125 
2.02637 
-1.69727 
0.229492 
1.95215 
-0.347656 
1.94043 
1.21387 
0.0830078 
-1.28809 
-1.77637 
-0.580078 
-0.802734 
-1.69727 
0.746094 
-0.167969 
1.41895 
-1.2998 
1.12793 
-0.171875 
-0.25293 
-1.36816 
-1.71191 
2.55762 
-0.433594 
0.683594 
0.408203 
-1.44922 
0.223633 
0.651367 
0.279297 
-0.3125 
0.90625 
1.22168 
1.17188 
1.82617 
-2.58105 
1.64844 
0.494141 
1.68164 
-1.69727 
-1.37109 
0.269531 
0.683594 
-0.791992 
0.818359 
-1.73633 
1.31543 
-1.04102 
-1.37109 
-0.644531 
0.353516 
0.0263672 
1.31348 
-2.58105 
-0.321289 
1.48145 
-0.0859375 
-1.50977 
0.361328 
-0.62793 
-1.69727 
1.81152 
2.9375 
0.698242 
-0.958984 
-0.380859 
0.46875 
-1.51172 
2.96191 
-0.847656 
-1.69727 
1.56152 
-1.43945 
-0.503906 
0.893555 
-0.107422 
-0.249023 
0.362305 
-0.634766 
-1.77637 
-1.50977 
0.753906 
1.57129 
-0.633789 
0.5 
-0.0859375 
0.180664 
0.941406 
-0.631836 
-0.384766 
-1.77637 
0.891602 
0.0205078 
-0.378906 
2.56348 
3.56152 
-0.920898 
2.31738 
-1.93359 
0.311523 
-1.77637 
-0.167969 
-0.920898 
-1.76563 
-1.77637 
0.578125 
-0.116211 
-0.901367 
1.18945 
-0.566406 
-0.864258 
2.32031 
0.439453 
-0.195313 
-2.58105 
-2.17188 
1.5752 
-0.171875 
0.607422 
-1.77637 
0.232422 
-0.791992 
-0.323242 
-1.76563 
2.72168 
1.19824 
0.361328 
-0.62793 
-0.806641 
-1.06445 
0.223633 
-1.12891 
1.69629 
0.798828 
1.24023 
-0.0351563 
0.59668 
2.56348 
-1.73633 
-1.46289 
0.259766 
-0.308594 
-0.806641 
1.36523 
-2.58105 
-0.991211 
0.758789 
0.147461 
-1.51172 
1.73145 
2.0459 
0.547852 
-0.0986328 
-0.931641 
0.0878906 
-0.455078 
0.397461 
0.362305 
-0.229492 
0.0292969 
-0.901367 
3.93359 
-1.11816 
-0.931641 
-0.890625 
0.930664 
1.36523 
-1.77637 
-0.961914 
-0.28418 
-0.644531 
-0.158203 
0.483398 
-0.744141 
-1.93359 
2.81934 
2.49023 
-0.365234 
1.78809 
0.299805 
-2.58105 
-1.37109 
-2.58105 
-0.455078 
-1.0498 
-2.58105 
-0.3125 
-0.25293 
-0.237305 
-1.2998 
1.19336 
0.513672 
-1.37109 
-1.37109 
-0.104492 
-1.76563 
-0.370117 
-2.12109 
0.015625 
-0.665039 
-1.51172 
-0.298828 
-1.37988 
-1.93359 
-1.4502 
-0.839844 
-1.37109 
-2.58105 
-0.658203 
-1.52441 
0.566406 
0.0390625 
-1.04883 
1.54199 
0.87793 
3.47949 
-1.30566 
0.179688 
0.348633 
-1.37988 
-1.37988 
-1.37988 
-0.380859 
3.05859 
1.45898 
-0.169922 
-0.397461 
-1.4541 
0.179688 
-0.566406 
-0.200195 
-0.806641 
-1.73633 
-0.645508 
-0.115234 
-0.919922 
1.25195 
0.400391 
2.36816 
-1.52441 
-1.4502 
0.140625 
-0.378906 
0.578125 
-2.58105 
-1.93359 
0.461914 
0.68457 
-0.496094 
-0.0351563 
0.0205078 
-1.04883 
-1.4541 
-0.666992 
-1.36816 
-0.638672 
1.35059 
1.82324 
0.317383 
-0.730469 
-1.93359 
0.379883 
1.7041 
0.0810547 
-1.04492 
2.52734 
0.735352 
-0.267578 
-0.847656 
-0.631836 
-0.564453 
0.161133 
0.0800781 
-0.979492 
2.38379 
-0.249023 
2.52441 
-0.892578 
0.334961 
-1.37109 
-2.58105 
-0.631836 
1.11523 
-0.308594 
-0.634766 
-0.234375 
-0.374023 
-0.236328 
1.15723 
-1.5752 
-1.4541 
-1.73633 
0.158203 
2.49219 
0.0830078 
-0.624023 
1.99316 
1.41992 
1.07813 
-0.566406 
-0.382813 
1.56055 
1.36719 
1.11328 
-0.44043 
-0.393555 
2.56348 
0.637695 
0.646484 
-1.50977 
1.58789 
-1.51172 
0.959961 
0.433594 
1.31152 
-0.631836 
-0.321289 
0.738281 
-0.81543 
-0.733398 
0.279297 
0.0 
1.48047 
3.20508 
0.399414 
-0.801758 
-1.4541 
0.730469 
1.0127 
1.66016 
-1.43945 
0.551758 
0.223633 
0.637695 
-1.37109 
-0.732422 
-1.4541 
2.07227 
-1.73633 
-1.54883 
-0.847656 
1.33105 
0.576172 
-0.44043 
0.84082 
-0.638672 
-0.380859 
1.05469 
-1.04883 
-0.168945 
1.17773 
-0.417969 
-1.77637 
2.49316 
1.03418 
0.362305 
0.353516 
-2.58105 
-1.10059 
1.29102 
0.399414 
1.49316 
0.423828 
0.339844 
-0.240234 
0.00195313 
-0.200195 
1.88086 
1.71289 
-0.744141 
-1.77637 
-1.0498 
0.407227 
0.21875 
-0.00683594 
-1.69727 
0.0126953 
3.36133 
-0.500977 
0.542969 
-0.477539 
-0.991211 
-0.0244141 
-0.847656 
-0.510742 
0.0136719 
-0.355469 
0.891602 
1.85742 
1.10742 
2.39941 
-0.847656 
-1.0498 
2.15527 
-2.58105 
-1.31641 
0.0849609 
-0.732422 
1.16699 
-0.720703 
0.713867 
-0.25293 
2.21582 
-0.484375 
0.811523 
-1.76563 
-1.76563 
-0.200195 
0.436523 
3.45313 
-0.34375 
0.697266 
1.91016 
0.805664 
1.89746 
0.663086 
-1.04883 
0.478516 
0.0078125 
-0.704102 
0.914063 
0.225586 
-1.04883 
-0.416016 
-2.58105 
0.392578 
-2.17188 
-0.791992 
1.64844 
-0.37793 
1.80273 
0.0292969 
0.139648 
-1.51172 
-1.76563 
-0.25293 
-1.77637 
-2.58105 
-0.631836 
-1.52441 
-1.37109 
1.8252 
0.365234 
0.183594 
-1.77637 
0.866211 
-1.4502 
0.746094 
0.0810547 
-2.12109 
-1.4502 
1.48535 
-0.0429688 
-1.37109 
1.8877 
0.507813 
1.98438 
-1.93359 
1.4248 
1.06738 
1.13867 
-1.36816 
0.642578 
2.9043 
-1.37988 
1.5752 
-0.241211 
1.27832 
0.930664 
3.33398 
1.81738 
0.124023 
0.341797 
-0.647461 
-0.759766 
2.37695 
-0.555664 
0.899414 
-0.0244141 
-2.58105 
1.31543 
-0.631836 
1.02832 
0.0693359 
1.33691 
2.02832 
-1.46289 
1.16699 
-1.50977 
2.24219 
-1.4502 
0.548828 
0.367188 
-1.4502 
-1.51172 
0.387695 
-0.37793 
0.885742 
0.963867 
-0.370117 
-1.43945 
-0.25293 
1.27148 
1.03711 
0.564453 
3.08691 
-1.51172 
0.353516 
0.462891 
-1.46289 
1.6748 
0.805664 
2.79102 
0.744141 
0.243164 
-1.43945 
-1.43945 
1.5332 
-0.633789 
-1.77637 
-0.338867 
-0.166992 
-0.384766 
1.04102 
0.783203 
-0.374023 
-0.961914 
-0.665039 
0.239258 
1.97168 
-1.12891 
-0.444336 
-2.58105 
-1.76563 
-1.37109 
1.04102 
-2.58105 
0.564453 
-0.920898 
0.139648 
2.24219 
-1.54883 
-1.73633 
1.49219 
-0.564453 
1.20996 
-1.37988 
1.69043 
-0.759766 
1.6123 
0.454102 
0.240234 
2.75391 
-0.901367 
-1.50977 
-0.720703 
0.757813 
0.832031 
0.365234 
0.232422 
0.337891 
-1.4502 
1.68945 
1.44531 
-2.12109 
-0.555664 
-1.93359 
0.18457 
0.398438 
-1.51172 
-1.4541 
-0.847656 
1.31348 
-0.382813 
-0.847656 
0.839844 
2.42285 
2.45703 
-1.36816 
1.53906 
-0.595703 
0.03125 
-0.00292969 
1.18262 
1.2998 
-1.4541 
2.39258 
0.158203 
0.509766 
-2.58105 
-1.37109 
0.571289 
-0.847656 
-0.806641 
-0.00292969 
-0.244141 
-0.185547 
0.724609 
1.06836 
0.139648 
-0.645508 
-0.552734 
-0.401367 
-0.555664 
-2.58105 
1.2334 
-0.759766 
-1.93359 
1.43457 
2.30078 
0.633789 
3.3125 
-0.0947266 
-1.73633 
1.85059 
-0.239258 
-0.37793 
0.928711 
-0.168945 
0.139648 
-1.51172 
-1.2998 
0.169922 
0.566406 
0.916992 
0.900391 
-1.4541 
-0.261719 
-1.4541 
-0.679688 
1.29883 
0.541016 
0.110352 
-0.604492 
-1.50977 
-1.32715 
0.163086 
1.05469 
-1.76563 
0.40625 
-1.93359 
-0.535156 
-1.46289 
2.8916 
-1.76563 
0.0830078 
1.81836 
0.199219 
0.725586 
-0.609375 
-0.801758 
0.371094 
-1.10254 
0.924805 
2.62305 
-2.17188 
0.00292969 
-0.492188 
-0.28418 
1.34082 
0.225586 
0.362305 
0.433594 
-0.847656 
1.41895 
0.150391 
0.407227 
2.24219 
1.05273 
-0.200195 
-1.93359 
0.293945 
-0.503906 
-1.4541 
1.31152 
-1.93359 
-1.54883 
1.03711 
0.75293 
-0.991211 
-0.566406 
-2.58105 
-2.58105 
-1.50977 
-0.172852 
-1.93359 
1.7334 
-0.0957031 
0.766602 
-0.335938 
1.55273 
-2.58105 
-1.2998 
0.853516 
-0.847656 
-2.58105 
2.70801 
1.74902 
-0.444336 
-1.37988 
-1.69727 
-1.73633 
-2.58105 
-1.37109 
0.536133 
0.439453 
1.0293 
2.49414 
-0.172852 
0.467773 
1.54199 
0.578125 
-0.881836 
-1.5752 
-0.640625 
0.299805 
-1.10059 
0.150391 
-1.43945 
-0.535156 
-0.665039 
0.436523 
0.0263672 
-0.864258 
-0.579102 
-2.58105 
-1.76563 
-0.634766 
0.140625 
-0.370117 
0.667969 
1.50684 
-0.649414 
-0.387695 
-1.93359 
1.60547 
0.626953 
-2.58105 
-0.382813 
-0.308594 
0.398438 
-1.44922 
-2.58105 
-0.241211 
0.183594 
0.427734 
-0.380859 
0.140625 
1.60742 
0.28125 
-1.37109 
0.788086 
-1.0498 
2.04395 
1.13184 
-1.43945 
0.015625 
1.10156 
-0.00195313 
-0.391602 
0.422852 
-0.114258 
1.27832 
-0.401367 
1.02832 
-1.5752 
-0.666992 
1.4502 
-0.705078 
0.353516 
1.31738 
0.97168 
1.23828 
-1.13965 
4.11914 
-1.93359 
3.70117 
-0.245117 
-1.37109 
-1.4502 
0.397461 
0.259766 
2.9043 
0.555664 
1.04199 
-0.665039 
-0.484375 
-1.93359 
-0.368164 
0.331055 
0.425781 
0.250977 
0.893555 
0.69043 
-0.347656 
-1.51172 
-2.58105 
0.553711 
-0.169922 
-0.575195 
0.730469 
-0.25293 
-0.705078 
-0.801758 
-2.12109 
-0.694336 
1.29785 
0.362305 
-1.5752 
1.50391 
1.3457 
0.21875 
-1.54883 
0.150391 
-0.0927734 
-1.04883 
-0.37793 
-1.51172 
-1.46289 
-1.0498 
0.791016 
3.00391 
-2.58105 
-0.733398 
-0.200195 
-1.4541 
0.15625 
1.55176 
0.818359 
-1.76563 
-1.76563 
-0.645508 
3.17285 
-0.241211 
0.433594 
0.290039 
0.361328 
2.48145 
0.28418 
-1.04883 
-0.310547 
-0.164063 
3.77344 
-1.43945 
-1.54883 
1.29688 
1.20508 
0.827148 
-0.178711 
0.567383 
0.396484 
-0.37793 
1.32031 
-1.04492 
1.68848 
0.212891 
0.907227 
-0.200195 
1.61523 
-2.58105 
-0.378906 
2.45117 
0.634766 
1.10742 
2.01953 
-0.370117 
-0.733398 
-0.178711 
-0.563477 
-0.847656 
2.15527 
0.423828 
-0.847656 
2.65332 
-2.17188 
-0.644531 
0.03125 
0.554688 
0.578125 
0.4375 
-0.892578 
0.980469 
-1.36816 
-0.335938 
0.723633 
-0.0244141 
-0.920898 
0.240234 
-1.93359 
-0.241211 
1.45801 
0.473633 
0.186523 
1.28809 
-0.240234 
-0.960938 
1.93066 
-0.229492 
-0.563477 
0.239258 
2.12012 
-1.04004 
-0.595703 
0.487305 
0.542969 
-0.881836 
-0.705078 
0.805664 
2.07227 
-0.970703 
0.494141 
1.57813 
0.610352 
-0.564453 
1.12695 
-2.17188 
-2.58105 
-1.08887 
-2.58105 
-0.296875 
0.635742 
-1.43945 
-1.4541 
-0.237305 
0.374023 
0.015625 
-0.847656 
0.495117 
-1.4502 
-0.890625 
1.97656 
1.2373 
0.728516 
1.56152 
-2.12109 
-1.50977 
1.51367 
1.28418 
0.0205078 
2.92773 
1.63965 
1.10059 
0.216797 
0.166016 
1.12793 
0.691406 
-0.847656 
1.00098 
-0.847656 
-0.234375 
-0.649414 
-1.52441 
-1.50977 
0.5 
1.59082 
3.09375 
-1.77637 
0.761719 
-1.43945 
-1.77637 
-0.563477 
-0.484375 
0.290039 
-1.10059 
0.03125 
1.35449 
-0.647461 
0.829102 
-1.11816 
0.0917969 
-1.77637 
1.8623 
-0.633789 
1.55957 
-0.00292969 
1.48438 
1.36426 
2.34863 
0.545898 
-0.631836 
1.17969 
1.26953 
-0.169922 
0.638672 
0.733398 
-0.847656 
-1.43945 
0.0986328 
-0.901367 
-1.37988 
-0.624023 
-2.58105 
-1.93359 
0.578125 
-1.43945 
0.735352 
1.5459 
1.54004 
-0.00292969 
2.01465 
0.320313 
-1.77637 
-0.801758 
-0.552734 
-0.158203 
-0.634766 
-2.58105 
-0.605469 
1.91504 
1.48047 
-1.03027 
-0.847656 
-1.73633 
0.0195313 
-1.76563 
-0.864258 
-1.93359 
0.696289 
-1.51172 
-0.123047 
-2.58105 
-1.04883 
0.49707 
1.27246 
2.05957 
1.27246 
-0.307617 
0.466797 
-0.308594 
-0.272461 
0.476563 
0.537109 
-1.4502 
-0.233398 
0.223633 
-0.272461 
-0.908203 
2.20898 
2.39648 
2.23828 
0.0830078 
-0.125977 
-0.802734 
-1.51172 
-0.732422 
-0.308594 
4.43457 
0.337891 
0.931641 
-1.4502 
-2.17188 
0.126953 
2.39648 
-2.58105 
-1.04883 
1.28711 
0.882813 
-1.44922 
-2.12109 
0.573242 
-0.401367 
0.163086 
0.0800781 
-0.555664 
0.157227 
0.798828 
-0.3125 
-2.58105 
0.308594 
1.22363 
1.45313 
1.34082 
-1.50977 
1.96582 
1.88672 
-1.5752 
-0.378906 
0.426758 
0.889648 
0.818359 
1.53125 
-1.30566 
-1.36816 
0.101563 
-0.979492 
-1.37988 
1.03516 
0.536133 
1.09473 
1.39746 
0.18457 
-0.3125 
-1.2998 
-1.4541 
-0.958984 
-0.645508 
-0.241211 
-1.43945 
-1.4541 
1.41504 
0.68457 
-0.195313 
0.151367 
1.76465 
1.97461 
-1.69727 
0.0361328 
-0.991211 
-1.08887 
1.53223 
-0.233398 
-0.631836 
0.431641 
1.45313 
-1.46289 
-1.2998 
0.708984 
-0.234375 
-2.58105 
-0.338867 
0.544922 
-0.332031 
0.0986328 
-2.58105 
-1.2373 
-1.36816 
0.169922 
0.761719 
-1.73633 
-2.17188 
1.20313 
-1.10059 
2.49219 
1.19336 
1.0957 
-0.609375 
2.69043 
0.198242 
-1.69727 
-0.236328 
0.178711 
0.893555 
0.015625 
-0.649414 
-1.43945 
2.45898 
-1.69727 
-1.73633 
1.43945 
2.26953 
0.744141 
0.69043 
-0.484375 
-2.58105 
-0.890625 
1.16113 
0.931641 
3.37402 
2.36328 
-1.2998 
-0.479492 
0.663086 
2.63379 
2.00781 
2.64453 
0.223633 
0.209961 
-0.378906 
-0.791992 
-0.847656 
-1.51172 
-0.44043 
2.45703 
2.5 
-1.51172 
-0.484375 
0.18457 
-0.570313 
-0.609375 
-1.0498 
0.362305 
-0.378906 
-0.901367 
-0.107422 
-0.158203 
-2.58105 
-0.158203 
0.476563 
-0.564453 
0.0390625 
0.110352 
-1.76563 
-0.44043 
0.96875 
1.69629 
0.760742 
0.0126953 
-2.58105 
-1.43945 
-0.0244141 
1.69531 
-2.58105 
-1.4541 
-2.58105 
-0.368164 
-1.04883 
2.84473 
2.30469 
-0.368164 
-0.37793 
0.650391 
-1.93359 
0.279297 
0.617188 
-1.93359 
-1.4541 
0.310547 
0.0742188 
-0.34375 
-0.384766 
-0.0898438 
-0.806641 
-0.575195 
0.967773 
-1.37109 
0.186523 
1.7793 
0.710938 
-0.166992 
-0.393555 
-0.382813 
2.31836 
-1.43945 
-2.17188 
1.19336 
1.81641 
0.642578 
0.443359 
-1.37109 
0.805664 
-0.335938 
-0.236328 
0.735352 
0.649414 
1.36523 
-0.991211 
0.772461 
-0.733398 
-0.40625 
0.713867 
0.078125 
2.49512 
-0.901367 
0.0771484 
2.11426 
-0.890625 
-0.166016 
-0.563477 
-1.0498 
-1.36816 
-0.496094 
-1.76563 
0.283203 
-0.384766 
-0.594727 
-0.233398 
-0.185547 
0.571289 
0.373047 
0.515625 
4.59863 
-0.335938 
-1.43945 
0.135742 
0.902344 
-1.37109 
1.39746 
-2.12109 
0.141602 
-1.50977 
0.882813 
-1.50977 
-0.487305 
-0.638672 
0.0205078 
1.1543 
-1.0498 
1.2207 
-1.5752 
-0.233398 
0.293945 
1.69043 
-1.36816 
1.96582 
0.0263672 
0.536133 
-0.416992 
1.04004 
-0.605469 
1.14258 
0.366211 
-0.927734 
-1.44922 
0.0722656 
-0.566406 
0.353516 
-0.165039 
0.496094 
-1.77637 
-1.76563 
0.686523 
-2.58105 
0.299805 
-2.58105 
-1.51172 
2.81836 
-1.4502 
1.31152 
-0.393555 
-2.17188 
-0.552734 
-0.847656 
3.90332 
-1.04883 
1.81152 
-0.566406 
1.06836 
-0.479492 
0.40625 
1.43652 
-0.979492 
0.635742 
1.32324 
-0.444336 
1.0293 
0.150391 
-0.605469 
1.55273 
-1.04883 
-0.166992 
-0.704102 
-0.404297 
0.22168 
-2.58105 
-0.847656 
-2.58105 
1.54102 
-0.62793 
-0.230469 
1.19824 
-0.401367 
1.70605 
1.31543 
-0.273438 
1.21582 
-1.51172 
-1.00293 
0.941406 
1.02246 
1.70508 
0.68457 
-0.892578 
-1.11523 
-1.44922 
1.1709 
0.169922 
-1.93359 
0.300781 
-1.51172 
1.11816 
0.115234 
1.8252 
-2.58105 
-2.12109 
-0.618164 
-0.233398 
-2.17188 
-0.555664 
1.1123 
2.49121 
0.548828 
0.34082 
-0.555664 
-1.69727 
0.0205078 
-1.76563 
0.387695 
-1.4541 
-0.919922 
-1.69727 
1.54102 
-1.77637 
0.683594 
-0.892578 
0.398438 
-1.00293 
-0.634766 
1.71777 
2.62012 
0.875 
-2.58105 
1.16211 
0.0410156 
1.08594 
-0.806641 
1.6875 
-1.04883 
1.3418 
-1.0498 
0.899414 
-1.50977 
-0.441406 
3.76465 
-1.4502 
1.41211 
-1.11816 
1.45313 
-1.4541 
1.16113 
-0.847656 
1.56348 
2.8623 
-0.881836 
1.83301 
-1.37988 
1.69824 
-1.77637 
0.515625 
0.462891 
-2.17188 
-0.311523 
1.49023 
1.73145 
0.223633 
-1.04883 
-2.58105 
-0.332031 
2.04297 
-0.732422 
1.41211 
-1.46289 
-0.393555 
-0.25293 
2.34277 
-0.0439453 
1.27051 
-1.4541 
-0.555664 
4.22754 
0.433594 
0.583984 
0.353516 
-2.58105 
-0.200195 
-0.455078 
0.911133 
-2.58105 
-0.370117 
-0.564453 
-0.261719 
-0.579102 
-1.93359 
-0.240234 
2.70215 
-0.970703 
0.0410156 
1.55371 
-0.847656 
-2.17188 
-1.4502 
-1.93359 
0.0683594 
0.739258 
-1.46289 
2.2002 
-0.564453 
1.87305 
-0.382813 
-1.69727 
-0.62793 
-1.4502 
1.05859 
-0.487305 
1.82227 
-0.920898 
-0.416016 
0.244141 
0.654297 
-2.58105 
-1.43945 
0.5 
-0.705078 
-0.564453 
-0.296875 
0.68457 
1.36426 
-0.25293 
-0.802734 
1.64941 
-1.71191 
0.00195313 
0.432617 
-0.168945 
-1.52441 
0.96875 
0.487305 
0.0078125 
-0.645508 
-2.58105 
1.70703 
1.55859 
0.250977 
0.954102 
0.34082 
0.0800781 
-2.58105 
3.67871 
-0.634766 
-1.04102 
1.8877 
-1.47363 
1.98926 
2.92969 
0.015625 
1.43262 
-1.04492 
1.25488 
0.883789 
-0.40625 
-1.37988 
0.0751953 
0.483398 
-0.960938 
0.251953 
1.94727 
-2.58105 
-2.58105 
-0.666992 
-0.169922 
-0.791992 
0.139648 
-2.58105 
1.59277 
-2.12109 
1.55078 
1.43359 
0.0742188 
1.48145 
1.60742 
0.495117 
0.439453 
-1.52441 
-0.165039 
-0.200195 
-1.37109 
1.31055 
-0.240234 
0.772461 
0.803711 
1.97559 
1.75879 
-1.47363 
0.270508 
0.195313 
1.36719 
-1.12891 
0.739258 
0.513672 
2.53516 
-0.552734 
-1.43945 
2.02637 
0.147461 
0.139648 
-2.58105 
2.91113 
2.38574 
-1.05371 
-1.54883 
1.0752 
0.399414 
-1.4541 
1.0332 
-2.58105 
0.110352 
-0.181641 
-1.2998 
-0.0126953 
-1.43945 
0.279297 
-1.4502 
0.407227 
0.925781 
-0.370117 
-0.570313 
1.71582 
-2.17188 
-0.00195313 
-0.931641 
1.26563 
0.160156 
0.693359 
-0.0439453 
0.901367 
1.89258 
2.44824 
-0.733398 
-0.331055 
-0.770508 
0.817383 
-1.04102 
-0.640625 
2.39063 
0.891602 
-1.10059 
0.209961 
0.802734 
-1.93359 
-1.37988 
-0.391602 
4.17188 
-0.272461 
-2.58105 
-0.378906 
2.08008 
-1.04883 
0.135742 
0.0449219 
-0.200195 
-2.58105 
0.474609 
2.04395 
2.44238 
-0.609375 
-0.847656 
-1.93359 
-1.76563 
-2.58105 
0.885742 
0.381836 
0.739258 
0.837891 
1.40723 
2.04492 
-1.4502 
0.567383 
0.486328 
0.00292969 
1.46191 
1.29688 
1.41992 
0.506836 
0.40332 
-1.77637 
0.482422 
2.10254 
2.84668 
-0.624023 
-1.37109 
0.957031 
1.93945 
-1.50977 
-1.36816 
0.570313 
0.735352 
0.556641 
-0.0166016 
0.206055 
-0.0429688 
-1.77637 
-1.36816 
-0.37793 
-1.37988 
0.566406 
-1.76563 
0.832031 
-0.0166016 
-0.318359 
-1.50977 
1.49316 
-0.307617 
-0.382813 
-2.58105 
-2.58105 
-1.46289 
1.64648 
0.19043 
-1.93359 
0.189453 
0.644531 
1.02734 
-0.273438 
0.578125 
-0.200195 
-1.36816 
0.322266 
-2.58105 
-1.69727 
1.90234 
-0.634766 
0.0410156 
1.63574 
-0.638672 
0.873047 
-1.76563 
1.03711 
1.71973 
0.583984 
-1.51172 
0.462891 
0.015625 
-1.37988 
2.35059 
-0.679688 
-0.168945 
0.203125 
-0.720703 
-0.298828 
0.195313 
1.85645 
-0.37793 
-0.443359 
-1.10254 
-2.58105 
1.10449 
-0.839844 
-0.165039 
-2.17188 
0.236328 
-0.44043 
-0.368164 
0.365234 
-0.323242 
0.719727 
-1.4541 
1.58398 
-1.69727 
-0.455078 
1.92676 
-0.979492 
-0.37793 
-1.11816 
0.0732422 
0.199219 
0.0361328 
0.788086 
-0.518555 
0.53125 
0.0136719 
-2.58105 
1.76465 
0.827148 
0.551758 
-1.12891 
-1.04492 
-1.51172 
-0.665039 
-2.17188 
-1.93359 
-0.720703 
2.66699 
-1.37109 
2.35547 
0.972656 
2.64844 
-0.801758 
-0.847656 
0.21875 
0.541016 
-0.801758 
-0.847656 
-0.200195 
2.77734 
0.293945 
0.0380859 
3.04785 
-0.311523 
0.506836 
0.973633 
0.649414 
-0.847656 
1.45801 
0.506836 
1.30176 
2.07422 
-0.991211 
-0.240234 
-0.705078 
-1.43945 
-1.43945 
1.88477 
-1.44922 
-0.433594 
-2.58105 
-0.146484 
1.49805 
1.81543 
-0.631836 
-0.44043 
-1.93359 
0.236328 
-0.732422 
-1.43945 
2.11328 
0.225586 
-1.2998 
-1.52441 
-0.401367 
1.81445 
0.266602 
0.614258 
-0.146484 
-0.335938 
-0.384766 
0.566406 
0.078125 
0.0859375 
0.40625 
0.518555 
1.76465 
-2.58105 
0.832031 
-0.989258 
0.0302734 
0.283203 
1.33203 
0.770508 
0.400391 
0.367188 
-1.46289 
-0.960938 
0.639648 
0.0 
-0.172852 
-1.43945 
0.649414 
0.574219 
0.0380859 
0.623047 
0.0195313 
-2.58105 
-1.76563 
1.10059 
-1.4541 
2.57129 
2.96875 
-0.919922 
0.0224609 
-1.37109 
-2.58105 
0.707031 
0.532227 
0.649414 
-0.229492 
1.79492 
0.163086 
-2.58105 
-0.308594 
0.832031 
-0.393555 
0.561523 
-0.801758 
-1.37109 
-2.58105 
1.90332 
0.595703 
1.6377 
-1.04883 
-0.847656 
-0.839844 
-0.901367 
0.198242 
-0.505859 
-1.03027 
1.50684 
0.151367 
-1.51172 
1.48926 
-0.564453 
-1.93359 
2.03027 
-1.4541 
-0.505859 
0.901367 
-0.379883 
0.796875 
-0.631836 
0.975586 
0.400391 
0.0986328 
-2.58105 
-1.93359 
-0.847656 
-1.2998 
-1.04492 
0.644531 
-1.43945 
2.35938 
1.97168 
-2.58105 
2.06445 
-1.76563 
-1.76563 
-1.76563 
-0.430664 
-2.58105 
-0.430664 
0.772461 
1.36719 
-0.991211 
1.06152 
-0.864258 
0.725586 
-1.51172 
-0.0869141 
0.578125 
-1.50977 
1.56641 
0.411133 
-1.54883 
0.748047 
-0.81543 
1.54883 
0.398438 
1.87695 
-0.847656 
0.881836 
-1.76563 
0.197266 
-0.25293 
-1.52441 
1.41992 
-0.00292969 
-1.54883 
0.223633 
1.3418 
1.86035 
-1.11816 
1.5459 
-0.0927734 
-1.76563 
-0.523438 
1.30469 
-0.365234 
-1.73633 
1.25781 
-1.05371 
-0.240234 
2.0332 
-1.44922 
-2.58105 
-1.32715 
0.21875 
-0.0859375 
0.762695 
-0.477539 
0.827148 
2.32324 
-2.58105 
1.42285 
-2.58105 
-1.76563 
-2.58105 
-0.40625 
-2.58105 
-0.308594 
-0.631836 
-1.77637 
-0.961914 
-1.37109 
0.746094 
-0.631836 
-0.257813 
-0.802734 
0.232422 
-0.318359 
-0.158203 
-1.11816 
-1.69727 
-1.04004 
-1.50977 
-0.244141 
0.575195 
-0.347656 
0.569336 
-0.298828 
2.43945 
1.06738 
-0.523438 
0.413086 
1.54688 
0.365234 
1.95605 
0.716797 
0.898438 
-1.77637 
-0.847656 
-1.76563 
-0.732422 
-1.04883 
0.436523 
0.521484 
2.21387 
1.14258 
-0.679688 
0.607422 
-0.234375 
-0.631836 
-2.58105 
1.53711 
-0.802734 
1.81738 
-0.732422 
-1.76563 
-0.81543 
-0.566406 
0.0126953 
0.706055 
1.09961 
0.667969 
-0.200195 
3.83301 
0.183594 
0.21875 
-0.665039 
-1.44922 
-1.46289 
-0.233398 
-0.310547 
0.769531 
-2.58105 
0.319336 
-1.36816 
-0.00683594 
-2.58105 
-1.2998 
2.62891 
-1.47363 
2.59277 
-0.649414 
-0.864258 
-0.417969 
1.50391 
-1.37109 
-1.93359 
-0.631836 
2.22559 
1.0459 
-1.37109 
-1.43945 
-0.3125 
-0.378906 
-0.847656 
0.110352 
1.05469 
0.907227 
-0.237305 
1.97363 
0.00878906 
-0.991211 
1.49219 
-0.245117 
-0.229492 
0.942383 
1.18359 
2.68262 
-1.69727 
2.26465 
-0.158203 
1.62305 
-0.791992 
-0.694336 
1.35449 
-2.17188 
-2.58105 
-1.76563 
-2.58105 
-1.08887 
1.28516 
-1.11816 
0.540039 
0.140625 
-1.11816 
-0.0361328 
1.29004 
-1.04102 
1.39844 
-0.503906 
1.86328 
-0.633789 
-0.733398 
3.84766 
0.229492 
-1.73633 
0.472656 
0.164063 
0.651367 
1.30957 
1.21191 
0.818359 
-0.638672 
-1.50977 
0.203125 
-1.10059 
0.198242 
1.8584 
-2.58105 
0.349609 
-1.50977 
-0.694336 
-2.58105 
-0.595703 
-1.73633 
0.901367 
-0.564453 
1.2041 
1.16992 
-0.989258 
-2.58105 
-1.05176 
1.86426 
-0.0429688 
-1.73633 
2.62598 
1.22266 
-1.31641 
1.54004 
0.140625 
0.818359 
-0.308594 
2.67383 
0.676758 
0.259766 
-0.416992 
2.54688 
0.267578 
1.39746 
-0.479492 
1.89648 
-2.58105 
-0.169922 
-1.69727 
1.34961 
-2.58105 
0.59668 
-0.165039 
-0.645508 
2.05762 
2.10938 
2.3623 
0.830078 
0.37793 
-0.169922 
-1.77637 
4.25098 
-1.93359 
2.22266 
0.0693359 
-0.744141 
-1.43945 
-0.638672 
-1.05371 
-2.58105 
0.648438 
0.0283203 
1.42871 
1.4248 
1.50684 
-1.5752 
-1.10254 
-0.732422 
-0.552734 
-0.310547 
0.379883 
1.77832 
-1.04004 
-1.50977 
-0.658203 
0.209961 
-1.51172 
0.170898 
2.59766 
-1.37109 
-0.244141 
0.667969 
-1.2373 
-1.73633 
1.76855 
0.0195313 
0.158203 
-0.44043 
0.963867 
1.21387 
0.388672 
3.14355 
-1.04883 
-2.58105 
-0.609375 
2.81348 
0.0830078 
0.0830078 
-0.393555 
0.28418 
2.28906 
-2.58105 
0.328125 
1.52344 
-2.17188 
0.966797 
-1.93359 
0.454102 
0.760742 
3.21289 
1.9668 
-0.380859 
0.199219 
-1.76563 
-2.58105 
0.5 
0.882813 
1.21875 
-0.791992 
0.5625 
-1.11816 
-0.236328 
-1.44922 
-0.847656 
-1.37109 
2.05273 
1.23535 
0.457031 
2.79199 
-1.0498 
-1.73633 
-1.5752 
-1.73633 
1.19824 
0.421875 
-1.76563 
-0.484375 
0.232422 
-0.931641 
-0.382813 
-2.17188 
1.20996 
-1.12891 
2.51172 
1.33691 
3.72266 
-2.58105 
0.574219 
-0.919922 
-0.239258 
-0.575195 
-0.311523 
-1.76563 
-0.25293 
0.413086 
0.124023 
-0.847656 
3.13184 
-1.76563 
-0.301758 
0.171875 
1.56055 
-2.58105 
1.43848 
0.551758 
1.0293 
-0.644531 
0.124023 
-2.58105 
-0.960938 
-0.604492 
-0.296875 
-0.579102 
-0.733398 
1.18262 
0.96875 
-1.50977 
-1.93359 
0.835938 
2.3877 
1.35059 
1.72363 
3.60547 
-0.37793 
1.93457 
-1.52441 
0.664063 
0.262695 
-0.0341797 
1.93848 
-0.308594 
0.270508 
3.84766 
3.60547 
-0.535156 
-1.37988 
-0.908203 
0.575195 
4.30371 
-0.0966797 
0.53125 
-1.93359 
0.760742 
-2.58105 
0.0664063 
-0.168945 
-0.919922 
-0.649414 
-0.931641 
3.28516 
1.00293 
1.6123 
1.69336 
0.277344 
3.37402 
0.015625 
-2.58105 
-0.384766 
-0.293945 
1.02832 
-1.0498 
-0.802734 
0.015625 
0.240234 
0.833984 
-0.310547 
-0.704102 
1.69043 
-1.10059 
0.515625 
0.293945 
-0.104492 
1.72949 
1.5791 
-0.839844 
1.14746 
-0.479492 
-0.164063 
1.75586 
-0.645508 
-1.04883 
0.443359 
-1.77637 
-0.25293 
-0.564453 
-0.645508 
-0.237305 
-0.249023 
1.29297 
-1.51172 
-1.54883 
0.433594 
-1.37988 
-0.323242 
0.958008 
-0.158203 
-0.455078 
-0.564453 
0.49707 
-0.0429688 
-1.76563 
0.169922 
-0.365234 
1.14258 
2.33008 
0.822266 
0.926758 
-1.4541 
1.01074 
1.04199 
1.35938 
-0.323242 
-1.76563 
0.545898 
0.0830078 
0.112305 
-0.370117 
0.900391 
0.0361328 
-1.93359 
-1.51172 
0.645508 
0.68457 
-1.50977 
-1.69727 
-0.370117 
1.2041 
1.36719 
-1.73633 
1.35938 
0.630859 
-1.00293 
3.49121 
0.901367 
1.88086 
3.30273 
-2.12109 
-0.0986328 
-0.200195 
0.0820313 
0.220703 
-0.552734 
0.283203 
1.70703 
1.12109 
-0.384766 
-0.34375 
1.37793 
0.279297 
-0.200195 
-1.4541 
0.0908203 
-0.979492 
4.00977 
-0.806641 
-2.58105 
0.706055 
-1.76563 
-0.642578 
1.33691 
1.13965 
-0.970703 
1.54883 
-1.04883 
1.95801 
-0.691406 
-0.908203 
-0.226563 
-0.0927734 
-0.0195313 
-0.694336 
-0.847656 
1.30273 
-0.566406 
0.168945 
1.39453 
0.901367 
0.348633 
-1.93359 
-1.0498 
2.05957 
2.66309 
-1.46289 
-2.58105 
0.487305 
-1.4541 
-1.73633 
-0.195313 
-0.234375 
-1.4502 
-0.631836 
-1.93359 
-0.908203 
-1.50977 
0.0126953 
0.425781 
1.14941 
-1.4541 
-0.920898 
-0.368164 
-1.04102 
-1.93359 
0.328125 
-1.76563 
-1.37109 
0.819336 
0.199219 
-1.4541 
-0.631836 
-1.36816 
0.75293 
-1.04883 
-0.380859 
-1.37988 
3.76953 
-1.50977 
-0.0166016 
-0.00292969 
1.47168 
1.92383 
-1.04883 
-1.11816 
1.56543 
-0.864258 
0.352539 
-0.638672 
-1.77637 
-0.645508 
1.43555 
1.19824 
-1.05176 
-1.76563 
-0.323242 
0.135742 
0.87793 
-0.308594 
-1.43945 
-0.28418 
-1.73633 
-2.58105 
-0.631836 
-0.393555 
1.5127 
-0.584961 
-1.50977 
-1.11523 
0.746094 
1.69043 
-0.25293 
0.50293 
-0.321289 
0.788086 
0.110352 
-0.828125 
2.84375 
-1.76563 
-0.994141 
-0.169922 
-0.301758 
0.28418 
-0.401367 
-2.58105 
2.03223 
0.0205078 
0.511719 
-0.594727 
0.328125 
-0.575195 
1.94531 
1.15234 
2.21582 
1.14746 
2.69727 
2.56641 
-0.732422 
-1.54883 
1.33301 
0.756836 
0.816406 
-0.881836 
0.798828 
0.327148 
-1.4502 
-0.62793 
-2.58105 
-2.58105 
0.225586 
1.27148 
1.9873 
-1.06445 
-0.847656 
-0.308594 
1.36816 
-1.54883 
0.616211 
-1.37988 
0.667969 
-0.301758 
-0.631836 
1.87402 
0.813477 
1.37598 
0.348633 
-1.4541 
1.4209 
-1.93359 
-0.237305 
1.41992 
0.774414 
-1.04883 
0.896484 
1.54102 
1.48047 
2.33008 
1.62793 
-0.634766 
0.362305 
-0.647461 
-2.58105 
2.65527 
0.139648 
-0.195313 
-1.04102 
-1.36816 
1.35156 
2.18164 
0.21875 
0.161133 
-1.4541 
-0.234375 
1.16016 
-0.380859 
2.24219 
1.36523 
-0.552734 
0.0244141 
-0.847656 
-0.240234 
-0.380859 
1.75586 
-0.240234 
-1.28809 
-2.58105 
0.0898438 
0.954102 
-0.919922 
-0.167969 
-0.991211 
0.833008 
-1.50977 
0.365234 
-0.720703 
0.857422 
-1.73633 
1.4209 
-1.76563 
-1.54883 
0.338867 
2.04102 
-1.51172 
-0.0439453 
-2.58105 
1.64453 
0.964844 
-1.37109 
-0.631836 
1.78613 
0.46582 
-1.44922 
-1.12891 
0.279297 
1.73438 
-2.58105 
-0.847656 
2.48633 
-1.37109 
-0.624023 
0.820313 
-1.5752 
0.730469 
-0.901367 
0.270508 
0.28418 
-0.847656 
1.25781 
0.889648 
0.169922 
1.6748 
-1.0498 
-2.58105 
0.356445 
1.7627 
-1.37988 
-1.32715 
0.582031 
-1.37988 
0.483398 
1.10449 
-0.847656 
0.578125 
0.451172 
0.897461 
-2.17188 
-0.806641 
-0.732422 
-0.166992 
-1.31641 
0.212891 
2.07422 
0.768555 
-1.43945 
-0.430664 
0.0361328 
-0.249023 
0.320313 
1.2168 
-0.62793 
-0.665039 
0.492188 
0.607422 
-1.04492 
1.60742 
-0.961914 
1.47949 
1.66016 
-1.2998 
-1.77637 
-0.625977 
0.400391 
1.2373 
1.04395 
-0.391602 
-1.04492 
0.385742 
-1.08887 
1.6123 
0.509766 
-1.12891 
-1.76563 
-0.881836 
0.40625 
1.46582 
0.482422 
-0.28418 
1.21875 
-0.323242 
-0.347656 
1.38672 
0.209961 
-1.4541 
-2.58105 
-1.93359 
-1.4541 
2.1748 
-1.30566 
1.3252 
3.64648 
-1.73633 
-0.230469 
1.28125 
1.49707 
-0.308594 
-1.4541 
0.240234 
-0.335938 
-0.961914 
-0.323242 
-1.69727 
-2.58105 
1.2334 
0.979492 
1.50195 
0.481445 
2.55664 
0.429688 
0.486328 
1.13086 
0.262695 
0.0224609 
2.68848 
-1.50977 
-2.58105 
0.0224609 
-0.0107422 
1.7666 
0.4375 
0.283203 
-0.901367 
0.701172 
-0.384766 
0.280273 
1.08887 
1.06055 
0.292969 
0.283203 
-0.421875 
-2.58105 
-0.970703 
-0.169922 
-2.58105 
1.41211 
0.316406 
1.2959 
1.0293 
-0.564453 
1.26563 
-0.0898438 
1.24219 
-0.564453 
0.536133 
-1.73633 
-1.77637 
0.405273 
-2.58105 
0.791016 
-1.4502 
0.6875 
1.99707 
1.53516 
0.293945 
2.49805 
0.183594 
0.681641 
0.788086 
2.2041 
0.486328 
0.163086 
-1.50977 
-1.51172 
0.829102 
-0.645508 
2.09375 
1.95605 
0.926758 
0.365234 
0.638672 
0.171875 
4.15723 
2.60059 
0.00292969 
2.49414 
-2.58105 
-1.54883 
-0.927734 
-0.979492 
-2.58105 
-2.12109 
2.59863 
1.49316 
-1.2998 
-1.12891 
-0.563477 
1.45313 
-2.17188 
-0.864258 
1.95898 
3.47949 
0.288086 
1.0459 
0.365234 
0.168945 
-0.496094 
-1.50977 
1.52344 
0.0800781 
-1.11816 
-0.338867 
-0.806641 
-0.566406 
-1.4502 
-1.37988 
1.85254 
-1.50977 
1.02148 
-0.566406 
-2.58105 
-1.04883 
-1.69727 
-1.69727 
0.447266 
0.328125 
0.0800781 
2.99023 
0.574219 
-2.58105 
1.2168 
1.49609 
-0.455078 
1.33203 
-0.37793 
2.24023 
-0.864258 
3.28711 
0.899414 
-1.11816 
0.124023 
0.0810547 
-0.694336 
-1.12891 
1.32813 
-0.495117 
-0.555664 
-2.17188 
-1.73633 
-2.58105 
0.28418 
-0.401367 
0.110352 
-0.484375 
-1.08887 
0.00195313 
0.904297 
-1.10254 
-0.994141 
0.249023 
-0.847656 
0.541016 
-0.633789 
0.164063 
0.400391 
-0.239258 
0.441406 
-0.308594 
2.10156 
-0.644531 
0.425781 
-0.0166016 
0.515625 
-1.43945 
1.64258 
1.13086 
0.542969 
-1.36816 
1.16797 
0.844727 
-2.58105 
-1.93359 
0.518555 
-2.58105 
-1.69727 
1.21484 
-1.4502 
0.233398 
0.253906 
-0.694336 
2.59961 
-0.301758 
0.883789 
1.69629 
-0.730469 
-0.365234 
-1.4541 
0.0224609 
-1.77637 
1.22656 
-1.37109 
-0.272461 
0.0693359 
1.46777 
1.83301 
-1.04004 
-1.37988 
-0.417969 
0.283203 
0.0800781 
0.0712891 
0.899414 
-0.649414 
0.0 
-0.244141 
0.223633 
1.76465 
0.824219 
1.14063 
-0.631836 
0.353516 
0.50293 
2.68945 
0.337891 
-0.234375 
-0.730469 
-0.535156 
0.0390625 
-0.37793 
-0.233398 
-0.178711 
-0.864258 
-0.296875 
1.42578 
0.397461 
0.151367 
-0.901367 
0.334961 
0.0771484 
0.365234 
0.492188 
1.35938 
-0.649414 
0.199219 
0.0410156 
-1.46289 
1.56543 
0.972656 
-0.338867 
-1.43945 
0.698242 
-2.58105 
1.33203 
-1.37988 
1.17773 
-0.338867 
-1.50977 
-0.169922 
-0.664063 
-1.04883 
-0.370117 
-1.37109 
1.35352 
1.17969 
-1.93359 
-0.391602 
-1.46289 
-1.4502 
-0.566406 
1.02832 
2.52344 
-0.245117 
0.830078 
-0.391602 
-0.200195 
1.19629 
-0.332031 
-0.806641 
-0.234375 
1.77051 
2.39258 
1.40723 
-0.0107422 
2.90625 
-0.301758 
0.387695 
0.447266 
-1.37988 
0.461914 
2.13281 
0.714844 
1.38477 
1.10059 
-0.881836 
-2.17188 
1.12695 
-1.10254 
-0.00195313 
-0.3125 
-1.2998 
-0.34375 
-0.535156 
2.07715 
0.46875 
-1.03027 
-1.4541 
-1.36816 
-1.4502 
0.823242 
0.964844 
-1.2998 
1.74707 
-0.665039 
-0.744141 
-0.158203 
0.100586 
0.544922 
2.46875 
0.81543 
-0.0175781 
1.8252 
0.644531 
-1.73633 
-0.479492 
-1.44922 
0.266602 
1.70703 
-1.46289 
-0.705078 
0.827148 
1.77637 
-0.694336 
1.59473 
-1.77637 
-0.634766 
-0.416016 
-0.393555 
0.874023 
-1.04492 
0.183594 
-0.166016 
-1.04102 
-0.0966797 
-1.4502 
-1.54883 
0.290039 
1.38086 
-0.927734 
-1.50977 
0.772461 
0.515625 
1.10742 
1.14063 
0.49707 
0.116211 
-0.566406 
-1.43945 
-1.46289 
-1.93359 
-0.310547 
0.899414 
-1.08887 
-1.04883 
-0.123047 
-1.44922 
0.0830078 
-0.566406 
-0.566406 
0.388672 
0.270508 
-0.631836 
-0.380859 
-0.645508 
0.532227 
-0.634766 
0.232422 
0.311523 
-1.04883 
-0.927734 
1.77539 
-0.919922 
1.05664 
1.13477 
-0.991211 
0.223633 
-0.158203 
0.223633 
1.29102 
0.279297 
-0.380859 
0.900391 
0.136719 
-0.392578 
1.59863 
0.850586 
0.203125 
2.03223 
0.438477 
2.49414 
0.717773 
-0.0175781 
0.453125 
0.0615234 
1.78906 
2.81738 
1.51855 
1.8418 
2.31348 
-1.77637 
0.554688 
0.708984 
-0.332031 
1.68848 
0.151367 
-2.12109 
0.140625 
-2.58105 
1.05371 
-0.115234 
-1.69727 
-0.321289 
-1.36816 
-0.298828 
0.209961 
0.0126953 
-1.51172 
-0.791992 
1.96484 
-0.961914 
1.5752 
-1.69727 
0.732422 
0.882813 
1.00098 
-0.123047 
-2.17188 
-0.338867 
-0.370117 
0.233398 
2.03516 
0.0839844 
0.683594 
1.62793 
1.08887 
1.80469 
2.53809 
-0.374023 
-0.114258 
-0.732422 
-0.666992 
1.81348 
-1.69727 
-0.563477 
0.0263672 
1.52441 
2.52637 
3.53906 
-2.58105 
0.931641 
1.82422 
-0.564453 
1.62695 
-0.104492 
-0.566406 
-0.331055 
0.645508 
0.229492 
-0.666992 
0.147461 
-1.69727 
-1.4502 
-0.313477 
0.169922 
1.31543 
1.70215 
0.110352 
0.433594 
-1.47363 
1.75391 
-1.77637 
0.899414 
1.33691 
1.70703 
0.283203 
-0.658203 
0.22168 
2.56348 
-1.54883 
2.62598 
-0.384766 
-1.4502 
2.48145 
1.71094 
-2.58105 
-1.93359 
0.995117 
0.0722656 
-0.321289 
1.34863 
0.078125 
-1.73633 
-1.77637 
-1.28809 
0.536133 
1.22168 
0.807617 
-2.58105 
0.831055 
-0.457031 
0.820313 
-1.4502 
-0.200195 
-0.634766 
0.40625 
-2.17188 
-0.979492 
0.571289 
-0.34375 
0.0302734 
0.432617 
0.293945 
-2.58105 
0.229492 
0.683594 
1.26563 
-0.732422 
2.28613 
0.896484 
1.0918 
1.56641 
-1.43945 
-0.638672 
3.01953 
1.48047 
-0.301758 
-2.58105 
-0.927734 
0.644531 
-2.58105 
-2.58105 
1.89941 
0.362305 
-1.69727 
-1.4541 
2.58887 
-0.229492 
1.19336 
-0.34375 
1.85059 
0.972656 
-0.244141 
-0.732422 
0.945313 
0.827148 
2.24121 
-1.31641 
-0.313477 
1.20215 
-1.11816 
-0.168945 
2.31738 
0.486328 
-0.566406 
-0.970703 
-0.579102 
-2.17188 
2.6123 
0.683594 
-2.58105 
-1.76563 
1.0127 
1.18457 
-0.730469 
-1.46289 
0.639648 
-1.51172 
0.578125 
1.64063 
-0.704102 
-0.298828 
-1.44922 
1.44629 
0.802734 
-0.234375 
-1.93359 
-2.58105 
0.249023 
0.68457 
0.151367 
-0.770508 
-1.93359 
1.59473 
-1.36816 
1.0127 
1.1748 
-0.0166016 
0.476563 
-0.380859 
-1.4502 
2.39258 
-0.484375 
1.02344 
0.581055 
-1.43945 
-0.167969 
1.20215 
2.32227 
-0.970703 
-0.634766 
-2.58105 
-0.226563 
-0.370117 
0.0849609 
-1.73633 
0.930664 
1.25586 
-1.04102 
0.0361328 
-1.10254 
-0.991211 
1.44727 
-0.165039 
-1.69727 
-0.267578 
-1.13965 
-1.03027 
0.436523 
-1.77637 
0.22168 
0.189453 
-0.393555 
1.33398 
-1.46289 
-2.58105 
-0.168945 
-1.46289 
-0.770508 
1.4502 
-1.71191 
-0.733398 
0.560547 
1.62402 
0.293945 
1.42188 
-0.847656 
-1.93359 
0.483398 
0.818359 
1.11426 
0.283203 
-0.901367 
0.542969 
0.0292969 
0.641602 
1.67871 
-1.50977 
-1.77637 
1.69629 
-1.11816 
2.95508 
1.14063 
-0.311523 
2.04785 
-1.04492 
-1.50977 
-0.666992 
0.0283203 
1.84473 
0.5 
-0.393555 
0.392578 
1.96875 
0.0361328 
2.68652 
1.0293 
-1.73633 
-0.229492 
0.0722656 
-0.801758 
-2.58105 
-0.555664 
-0.594727 
-0.308594 
-0.378906 
0.139648 
-0.392578 
-0.732422 
-1.04883 
0.360352 
1.14258 
0.242188 
-0.308594 
-0.393555 
-2.58105 
1.7373 
1.21094 
0.229492 
0.496094 
0.157227 
2.3457 
0.136719 
0.328125 
-1.32715 
-0.638672 
-1.44922 
-0.806641 
-0.00292969 
-2.58105 
0.931641 
0.817383 
1.70801 
-0.566406 
-1.37988 
-0.523438 
0.830078 
1.49414 
0.0126953 
-0.200195 
0.507813 
-0.0166016 
-1.4502 
2.43066 
-0.847656 
-0.705078 
-1.76563 
-0.579102 
-1.04102 
-1.93359 
1.22266 
1.59375 
-0.634766 
0.386719 
0.701172 
-1.11816 
-1.2373 
0.575195 
0.353516 
0.0917969 
0.760742 
-0.631836 
0.139648 
-0.720703 
1.37012 
1.77832 
-0.694336 
-0.595703 
1.02832 
-0.293945 
-0.229492 
-1.16602 
-1.93359 
3.32031 
1.11523 
1.06836 
-0.239258 
-2.58105 
1.72363 
-1.37109 
1.62793 
0.688477 
0.897461 
0.450195 
-2.17188 
1.36719 
-0.387695 
-0.370117 
-0.624023 
-1.11816 
0.015625 
-1.69727 
-0.00683594 
-1.04883 
0.959961 
3.4541 
-1.04883 
-2.58105 
1.95801 
-1.37109 
1.63184 
-1.46289 
-0.920898 
0.825195 
-1.5752 
1.43945 
0.160156 
-1.04883 
0.426758 
0.68457 
-0.81543 
1.43359 
-0.839844 
0.824219 
-0.244141 
0.591797 
-1.73633 
-0.382813 
-0.261719 
-0.566406 
0.22168 
0.150391 
2.42285 
-0.401367 
1.18164 
-1.47363 
-0.00292969 
-0.638672 
-0.960938 
1.07813 
2.74219 
0.22168 
-1.0498 
-1.93359 
-2.58105 
-1.51172 
-0.257813 
-0.733398 
1.93164 
-0.185547 
-0.323242 
0.882813 
0.500977 
-2.17188 
1.13379 
-1.76563 
-0.847656 
-0.503906 
-0.575195 
1.37891 
1.23047 
-0.991211 
1.45117 
0.719727 
0.0146484 
-1.69727 
-1.73633 
0.930664 
-0.847656 
-0.802734 
0.901367 
1.37109 
-0.0195313 
1.34082 
0.0429688 
1.05273 
-0.44043 
-1.73633 
-0.236328 
-0.384766 
2.49609 
-0.644531 
-2.58105 
-0.618164 
-2.12109 
0.353516 
0.881836 
-0.791992 
-2.58105 
-0.806641 
0.509766 
-2.12109 
-1.04883 
-2.58105 
0.551758 
0.457031 
0.0195313 
0.124023 
1.00098 
0.475586 
-1.50977 
0.537109 
0.0175781 
-0.720703 
1.38574 
0.900391 
0.50293 
-1.2998 
0.199219 
0.393555 
0.353516 
-1.54883 
0.766602 
2.02637 
2.57031 
-0.313477 
1.28613 
-1.76563 
-0.566406 
-0.62793 
-1.69727 
1.03418 
-0.0966797 
-1.50977 
-0.165039 
2.19922 
0.631836 
-1.76563 
1.80957 
1.48926 
0.495117 
1.11621 
-2.17188 
-0.892578 
-0.535156 
-0.645508 
1.07422 
-0.123047 
2.1748 
-0.638672 
-0.552734 
2.0 
-1.43945 
1.11133 
1.75879 
-0.310547 
0.644531 
-0.323242 
-1.54883 
-0.237305 
0.811523 
1.92969 
-0.226563 
1.11816 
-0.260742 
0.0917969 
-0.802734 
0.151367 
-0.644531 
-0.166992 
0.327148 
-2.58105 
-0.421875 
-0.479492 
1.81152 
0.135742 
0.15625 
-0.0458984 
0.461914 
0.541016 
-1.69727 
0.645508 
0.917969 
0.209961 
-1.77637 
-2.58105 
1.51953 
-2.58105 
-0.624023 
0.22168 
1.75781 
1.57422 
-0.125977 
0.0361328 
-1.73633 
0.492188 
-0.555664 
-0.720703 
0.0126953 
-1.0498 
0.831055 
-2.58105 
-2.12109 
-1.43945 
-0.624023 
-0.3125 
1.69629 
-2.58105 
-0.484375 
-1.4541 
0.941406 
-1.2998 
-0.200195 
-0.908203 
0.209961 
0.223633 
3.72656 
2.53516 
1.3252 
-1.69727 
0.536133 
-1.4502 
0.374023 
-1.4541 
1.02148 
0.182617 
0.5 
-0.705078 
-0.382813 
0.15625 
-1.77637 
0.930664 
-2.58105 
-0.892578 
-1.46289 
4.74219 
-2.58105 
0.860352 
-1.36816 
-0.631836 
-0.634766 
2.84863 
0.111328 
-0.417969 
0.279297 
2.52051 
0.290039 
-0.604492 
-1.93359 
-1.76563 
1.65723 
-0.645508 
-0.644531 
0.570313 
-1.73633 
-0.370117 
-1.77637 
1.7168 
-0.298828 
-1.36816 
-0.335938 
0.365234 
1.85645 
-0.430664 
0.0800781 
1.4248 
-0.368164 
-0.802734 
-0.384766 
-1.76563 
-1.69727 
2.09473 
-1.77637 
-1.76563 
-1.69727 
0.886719 
0.100586 
0.635742 
0.0908203 
0.0771484 
-0.3125 
-0.647461 
3.6543 
1.22168 
-1.37109 
-0.802734 
-0.378906 
-0.244141 
1.84473 
-0.633789 
1.6416 
-1.05371 
-0.323242 
-0.391602 
-1.37988 
-1.73633 
-2.58105 
-2.58105 
0.362305 
-1.51172 
-0.393555 
1.10449 
-0.125977 
0.0126953 
-1.77637 
-1.04102 
1.38477 
-1.51172 
1.83301 
-1.37988 
0.360352 
-0.401367 
1.40137 
-1.50977 
-0.991211 
0.725586 
-1.2998 
-0.633789 
-0.455078 
0.139648 
0.643555 
0.483398 
-1.12891 
-1.77637 
-2.12109 
-1.51172 
-2.58105 
0.00878906 
2.06641 
1.82324 
0.0517578 
1.96582 
-0.417969 
2.37012 
-0.847656 
-1.4502 
1.33105 
-0.595703 
1.57031 
2.97266 
-2.17188 
1.75 
0.290039 
-1.2998 
2.8252 
-1.69727 
0.439453 
-0.649414 
1.50391 
-1.11816 
-0.847656 
-0.298828 
0.279297 
-1.51172 
0.730469 
0.439453 
0.209961 
1.24414 
-0.25293 
0.595703 
0.567383 
-0.421875 
1.89746 
0.0830078 
-0.892578 
-0.0166016 
1.32324 
-0.368164 
-0.575195 
1.7666 
-0.393555 
2.55176 
0.868164 
-0.241211 
-2.58105 
0.232422 
1.14746 
-0.416016 
1.18359 
0.262695 
-0.416016 
0.136719 
1.32129 
-0.298828 
-1.93359 
1.00586 
0.967773 
0.716797 
-0.920898 
0.926758 
0.249023 
1.56445 
1.31641 
-0.487305 
-0.25293 
0.223633 
0.913086 
0.495117 
0.813477 
1.82813 
0.509766 
0.837891 
1.80078 
0.18457 
-0.37793 
-2.58105 
1.31543 
0.548828 
0.891602 
0.883789 
-0.920898 
0.320313 
-1.43945 
1.13867 
1.22852 
-1.93359 
-0.378906 
-0.979492 
0.213867 
-0.240234 
0.396484 
0.68457 
-0.658203 
-1.54883 
2.06641 
-0.267578 
3.54102 
1.35449 
0.0136719 
0.508789 
-0.564453 
0.758789 
-1.46289 
-0.40625 
-1.4541 
-1.93359 
0.414063 
-1.76563 
-1.76563 
0.955078 
-0.158203 
-2.58105 
0.576172 
1.97559 
-0.605469 
-0.625977 
0.866211 
-2.58105 
-1.69727 
0.772461 
0.80957 
0.482422 
-2.58105 
-0.234375 
0.753906 
-1.37988 
-0.919922 
-1.4502 
0.209961 
0.126953 
0.50293 
0.356445 
-0.34375 
0.0693359 
2.3877 
-0.226563 
0.398438 
-0.416016 
-0.552734 
-0.208984 
-0.200195 
-1.52441 
-1.93359 
1.33984 
1.48926 
0.266602 
-0.401367 
0.015625 
-0.927734 
-2.58105 
-0.323242 
2.81738 
1.43066 
0.0410156 
2.35645 
0.432617 
0.581055 
-1.93359 
0.404297 
0.166016 
-2.58105 
-0.732422 
-0.168945 
-1.93359 
-0.0195313 
-0.847656 
-2.58105 
0.362305 
0.266602 
-1.36816 
-1.4502 
0.821289 
-2.58105 
0.158203 
-2.58105 
-0.679688 
-2.58105 
-1.04883 
0.571289 
0.151367 
0.251953 
-1.44922 
-0.255859 
1.19824 
1.2373 
-1.2998 
-1.93359 
-0.200195 
-0.3125 
0.169922 
1.34082 
3.72852 
-1.04004 
-0.890625 
-0.244141 
-0.563477 
-2.58105 
-2.17188 
0.0810547 
-0.499023 
0.523438 
2.19531 
0.545898 
-1.73633 
0.878906 
-0.3125 
-0.847656 
-0.555664 
-0.03125 
-0.323242 
1.8457 
-1.4541 
-0.720703 
-0.847656 
0.28418 
-1.44922 
-2.58105 
-0.802734 
1.39746 
-2.58105 
-0.365234 
-0.991211 
0.578125 
1.7666 
0.581055 
-0.634766 
-1.10059 
2.25293 
-1.69727 
1.11035 
-1.37109 
0.569336 
-0.631836 
1.43164 
0.482422 
-2.58105 
0.436523 
-0.380859 
-0.720703 
0.901367 
0.962891 
1.77344 
-0.847656 
-2.58105 
0.817383 
-0.233398 
-0.552734 
-0.158203 
-0.0244141 
0.487305 
2.38672 
1.70605 
-1.5752 
-0.666992 
-1.93359 
-0.298828 
-1.76563 
-0.273438 
-0.645508 
-1.93359 
2.5625 
-0.634766 
1.91113 
-2.58105 
0.0205078 
1.4248 
-1.51172 
-0.594727 
-0.230469 
0.0908203 
0.756836 
-0.645508 
-0.165039 
-0.634766 
-1.93359 
0.407227 
-0.244141 
-0.552734 
-1.5752 
-0.245117 
-1.73633 
-2.58105 
-1.46289 
0.015625 
-1.76563 
0.299805 
-0.705078 
-2.58105 
2.87695 
-1.73633 
-0.368164 
-0.37793 
-1.46289 
1.13281 
0.223633 
-0.658203 
2.97168 
0.18457 
0.400391 
1.17773 
-0.633789 
-0.378906 
-2.12109 
-0.881836 
0.168945 
1.67578 
1.65039 
0.901367 
-1.51172 
0.49707 
1.23535 
3.44922 
0.00878906 
-0.416992 
-0.379883 
1.41016 
2.49512 
-1.50977 
-0.318359 
-2.58105 
0.441406 
1.69629 
-0.919922 
-1.36816 
-0.169922 
-0.791992 
-0.864258 
-0.433594 
2.03125 
-0.580078 
-2.58105 
-0.919922 
-0.705078 
-0.0898438 
-0.310547 
-0.994141 
4.31055 
1.88574 
-2.17188 
-1.51172 
-0.3125 
2.02246 
0.463867 
0.365234 
-1.77637 
0.311523 
-1.4541 
2.45605 
0.207031 
1.45508 
-1.51172 
-0.200195 
3.87598 
-1.73633 
0.588867 
1.63184 
-0.584961 
0.299805 
-1.69727 
-1.93359 
-1.36816 
-1.44922 
-0.391602 
0.0419922 
0.837891 
-1.93359 
-1.77637 
-1.00293 
2.87598 
-0.299805 
0.560547 
-0.624023 
-0.645508 
0.993164 
1.56738 
-0.299805 
-2.12109 
0.353516 
2.77734 
-0.62793 
-1.12891 
2.0625 
-0.338867 
0.507813 
-1.77637 
-0.847656 
-0.847656 
-0.638672 
0.441406 
0.429688 
-0.25293 
-0.441406 
-0.791992 
-1.08887 
2.01465 
0.475586 
-0.847656 
-0.272461 
-0.382813 
1.45508 
1.39844 
-0.552734 
1.89746 
-0.196289 
1.43945 
-1.4541 
0.725586 
2.53906 
1.8916 
-1.43945 
-2.58105 
0.308594 
-1.76563 
-0.847656 
-2.58105 
-0.455078 
-1.77637 
-0.801758 
0.476563 
-1.76563 
2.64648 
-0.308594 
1.28418 
0.71875 
-1.46289 
1.99902 
-0.0966797 
-1.4502 
-1.46289 
-0.864258 
-0.624023 
2.7627 
0.654297 
1.0 
-1.69727 
0.112305 
1.17383 
1.76563 
-0.631836 
0.802734 
0.958008 
0.551758 
1.50781 
1.2334 
-1.46289 
1.0127 
2.18848 
-1.04883 
-1.4541 
1.18164 
0.637695 
0.111328 
-1.37988 
-0.624023 
-1.04102 
1.70801 
0.542969 
-0.200195 
1.54688 
0.930664 
1.06641 
0.178711 
2.55176 
1.4248 
-1.36816 
0.410156 
-2.58105 
2.41699 
2.84473 
1.58105 
1.00098 
0.439453 
-0.299805 
0.506836 
0.697266 
0.15625 
-0.634766 
-0.174805 
-1.51172 
-2.58105 
-2.58105 
-1.4502 
0.279297 
1.57813 
-2.58105 
0.688477 
-1.44922 
-2.58105 
2.04102 
-1.50977 
-0.694336 
1.55762 
0.432617 
-1.51172 
-1.37988 
-0.864258 
0.15625 
0.634766 
1.7168 
0.078125 
-0.801758 
0.604492 
3.00586 
0.443359 
-0.241211 
1.25488 
-0.484375 
0.00878906 
-0.732422 
0.374023 
0.770508 
-0.0107422 
0.68457 
-0.25293 
-0.649414 
0.408203 
-0.919922 
0.126953 
-0.694336 
2.0332 
0.209961 
-0.634766 
-0.631836 
-0.301758 
2.28125 
1.12793 
-2.58105 
-2.58105 
0.209961 
3.06348 
0.926758 
0.647461 
-0.892578 
2.63965 
0.112305 
-1.37109 
1.26855 
-0.631836 
-0.200195 
1.36816 
-0.566406 
-0.241211 
0.96875 
-0.631836 
-0.299805 
0.404297 
0.374023 
-0.313477 
-1.37109 
1.9707 
-0.864258 
-1.10254 
-0.864258 
0.506836 
0.197266 
-0.960938 
0.848633 
-0.0175781 
0.610352 
0.805664 
-1.5752 
2.65527 
-1.51172 
-1.5752 
1.11328 
1.66504 
2.55664 
-0.847656 
-0.168945 
-0.318359 
4.03516 
1.33691 
0.151367 
-0.165039 
0.930664 
0.28418 
0.633789 
-0.365234 
-1.10254 
-0.847656 
-2.58105 
1.34766 
-0.401367 
0.078125 
0.53125 
1.20996 
-0.994141 
-0.535156 
-0.196289 
1.45215 
0.569336 
1.24902 
-1.4502 
0.00878906 
1.3291 
1.36328 
-0.0166016 
1.27832 
1.1543 
-1.04102 
0.893555 
0.566406 
0.581055 
0.112305 
2.24707 
-0.200195 
-1.73633 
-1.37109 
-1.69727 
-0.631836 
-0.658203 
0.819336 
-1.77637 
1.56836 
1.20996 
0.0410156 
0.459961 
1.60547 
-0.555664 
0.253906 
-2.58105 
-2.58105 
0.882813 
0.311523 
0.548828 
1.72949 
-1.00293 
-0.239258 
1.22852 
-0.323242 
1.11621 
-0.594727 
3.46387 
-1.0498 
1.76758 
2.8418 
-1.50977 
-0.901367 
2.28223 
0.578125 
1.46387 
1.53027 
-0.393555 
1.76465 
-0.172852 
1.13867 
0.5625 
2.62305 
-2.12109 
0.360352 
0.486328 
0.484375 
0.405273 
1.93164 
2.33789 
-0.625977 
-0.609375 
-0.566406 
-0.308594 
1.90234 
-0.158203 
0.279297 
-0.759766 
-0.457031 
0.862305 
-1.43945 
-0.239258 
1.20313 
0.783203 
2.88281 
-1.46289 
1.62012 
-1.44922 
1.52051 
-1.2998 
-0.401367 
0.685547 
0.663086 
2.14453 
-0.25293 
0.995117 
3.64844 
-1.46289 
0.787109 
-0.244141 
-1.51172 
1.85742 
-0.174805 
0.399414 
0.0126953 
1.64453 
0.348633 
0.823242 
0.495117 
1.94727 
-0.3125 
0.28418 
0.68457 
0.283203 
0.886719 
-0.321289 
-1.05176 
0.353516 
1.29395 
0.0205078 
0.515625 
0.862305 
1.05859 
0.762695 
-0.0986328 
2.10938 
-0.0869141 
0.783203 
-0.991211 
0.926758 
1.40234 
1.57422 
0.00878906 
-0.158203 
0.150391 
0.825195 
-1.4541 
2.9873 
2.14551 
-0.310547 
-0.44043 
-1.73633 
1.61426 
-1.93359 
1.45117 
-2.58105 
0.831055 
-0.230469 
-1.76563 
0.654297 
-1.04492 
-1.4541 
0.279297 
-0.318359 
0.0410156 
0.210938 
-0.733398 
1.31738 
2.27832 
-0.282227 
-0.535156 
-0.647461 
0.907227 
0.206055 
3.53125 
-2.17188 
1.24609 
-1.04883 
-1.11816 
0.401367 
1.02246 
1.63477 
1.25488 
1.82227 
-0.958984 
-1.93359 
-0.806641 
-0.991211 
-2.17188 
1.81152 
-1.2998 
-0.0175781 
0.18457 
0.973633 
1.22363 
0.463867 
-1.76563 
-1.04004 
-2.58105 
-0.0966797 
-2.17188 
0.400391 
-1.69727 
0.68457 
0.4375 
-1.4541 
0.311523 
-1.77637 
-0.665039 
-1.5752 
-1.46289 
0.015625 
-0.158203 
-1.50977 
2.41602 
0.00878906 
-1.46289 
-0.892578 
0.0830078 
-0.391602 
0.0898438 
-0.441406 
0.209961 
-1.37109 
0.900391 
2.01953 
0.730469 
0.189453 
0.353516 
0.229492 
1.12891 
-1.50977 
-0.666992 
2.35547 
0.0800781 
-2.58105 
-2.17188 
0.516602 
-2.17188 
-0.233398 
1.71973 
-2.58105 
0.958008 
2.64258 
0.506836 
3.58789 
-1.77637 
-0.645508 
-2.58105 
1.26855 
1.64355 
1.91016 
0.835938 
-1.93359 
1.19238 
-0.631836 
0.844727 
-0.638672 
0.0830078 
-1.4502 
-2.17188 
0.433594 
1.55371 
0.348633 
1.4209 
-1.76563 
-0.791992 
-0.157227 
0.158203 
0.301758 
0.827148 
0.28418 
-1.51172 
0.374023 
-0.594727 
2.36035 
2.04492 
1.35156 
0.420898 
0.293945 
0.0380859 
-0.323242 
-1.46289 
-1.50977 
-0.273438 
-1.37109 
-2.58105 
-0.484375 
-0.181641 
0.575195 
-0.244141 
-0.535156 
-1.5752 
-0.847656 
-0.172852 
1.38672 
2.40918 
0.907227 
-1.76563 
-0.791992 
0.996094 
2.53613 
1.50781 
0.140625 
1.32422 
0.427734 
0.078125 
0.0126953 
-0.881836 
0.671875 
-2.58105 
0.353516 
0.955078 
-0.311523 
-2.58105 
-0.310547 
-0.234375 
0.336914 
-1.50977 
0.506836 
1.3584 
-2.58105 
-0.744141 
-0.694336 
-2.58105 
-0.00195313 
-0.847656 
1.70508 
-2.17188 
-1.37988 
0.0224609 
0.87793 
-1.76563 
1.70215 
0.126953 
-1.93359 
-2.58105 
1.00586 
-1.51172 
-0.720703 
0.642578 
0.249023 
0.425781 
0.492188 
0.610352 
2.71777 
2.29395 
0.97168 
-0.236328 
0.438477 
-1.12891 
-0.881836 
-0.847656 
0.0908203 
-1.54883 
1.4707 
0.266602 
2.10938 
-0.240234 
-0.172852 
1.58105 
-0.34375 
0.916016 
1.24121 
-1.37988 
-1.77637 
-1.04004 
-1.52441 
-1.47363 
2.17188 
1.25293 
4.44727 
1.52539 
-1.36816 
1.31738 
-1.50977 
-0.44043 
-0.444336 
-1.44922 
1.33496 
1.50293 
1.46582 
-0.631836 
1.27441 
1.12598 
1.22852 
-0.0683594 
0.400391 
-2.12109 
2.03418 
1.27832 
-0.505859 
1.4248 
0.623047 
-1.46289 
-0.382813 
-1.46289 
-2.58105 
-2.58105 
0.280273 
1.20508 
0.100586 
-1.08887 
-0.382813 
0.078125 
-1.76563 
-0.308594 
0.0244141 
-0.759766 
1.12402 
1.06641 
-0.801758 
1.3916 
0.139648 
1.56836 
1.36719 
-0.744141 
0.882813 
1.31055 
2.1123 
1.38086 
-0.81543 
-1.44922 
0.267578 
1.56543 
0.436523 
-1.4502 
1.35938 
-0.374023 
-2.58105 
-0.991211 
1.16699 
2.57813 
-1.50977 
0.828125 
0.365234 
-1.73633 
1.69434 
-1.50977 
2.36035 
1.69336 
0.614258 
-1.93359 
-0.881836 
1.79102 
-1.00293 
-1.73633 
2.0625 
0.803711 
-0.421875 
-2.58105 
1.91992 
-0.393555 
-1.37109 
-1.50977 
0.831055 
1.14258 
-0.301758 
-1.44922 
-1.04883 
0.818359 
0.735352 
4.2832 
1.56055 
0.827148 
0.353516 
1.46582 
0.926758 
0.677734 
0.578125 
0.290039 
0.867188 
1.68066 
0.167969 
0.400391 
0.293945 
2.48633 
0.0146484 
-1.0498 
-0.801758 
-0.634766 
-1.76563 
0.0224609 
-0.299805 
0.381836 
1.65039 
-0.244141 
-2.58105 
0.823242 
0.293945 
-1.50977 
-1.50977 
1.41016 
0.459961 
-0.37793 
-0.847656 
-1.77637 
-0.594727 
-0.847656 
2.4873 
-0.146484 
1.46387 
-1.50977 
-2.17188 
-0.347656 
-0.920898 
0.509766 
2.20996 
-0.28418 
-1.50977 
0.783203 
-1.73633 
-0.647461 
1.18848 
-0.575195 
-0.991211 
1.49609 
-0.25293 
0.495117 
1.69629 
-1.69727 
1.91406 
0.126953 
0.353516 
0.6875 
1.12207 
-0.387695 
-1.4541 
1.13867 
-0.847656 
1.4502 
-1.73633 
1.14355 
1.56641 
0.139648 
-1.10059 
3.31152 
-0.293945 
-0.81543 
-0.991211 
-0.416992 
0.0830078 
0.935547 
-1.37109 
-1.37988 
1.60742 
-0.0107422 
-0.555664 
-1.37988 
-0.365234 
-2.58105 
-1.4502 
0.078125 
0.899414 
-0.847656 
-0.244141 
1.95508 
-2.58105 
1.49609 
-0.168945 
1.8457 
-1.93359 
-0.200195 
-0.658203 
-0.563477 
-1.51172 
2.13672 
1.2832 
1.39648 
1.43164 
1.24902 
1.2207 
0.5 
1.20313 
0.467773 
-1.5752 
2.08301 
2.10156 
2.59961 
-0.0771484 
1.24219 
-0.318359 
-0.535156 
-0.25293 
2.42578 
3.72461 
0.492188 
-0.658203 
0.0263672 
1.01367 
-1.73633 
0.958008 
-0.920898 
-0.301758 
0.439453 
-2.58105 
-0.694336 
-0.249023 
-0.341797 
-2.58105 
0.585938 
0.283203 
-0.633789 
-1.36816 
-0.647461 
2.24121 
2.39746 
-1.36816 
0.0292969 
-1.77637 
1.91699 
0.365234 
-0.802734 
-1.51172 
1.39453 
-2.17188 
-0.503906 
-2.58105 
0.576172 
1.16699 
1.7793 
-0.125977 
-0.167969 
-0.634766 
-1.76563 
-0.331055 
0.232422 
1.78516 
1.3916 
-0.421875 
2.54492 
-1.50977 
-1.46289 
-0.368164 
0.96875 
-2.58105 
-0.566406 
0.365234 
-1.51172 
-1.37109 
-1.4541 
0.225586 
-2.58105 
-0.503906 
0.126953 
-0.609375 
-2.17188 
0.482422 
0.353516 
-0.634766 
0.818359 
1.57422 
1.74707 
1.14746 
2.45898 
-2.58105 
-0.229492 
-0.694336 
-1.46289 
0.283203 
0.542969 
-0.566406 
-0.380859 
0.398438 
-0.379883 
-0.249023 
1.28906 
-0.241211 
1.4082 
1.97266 
-1.93359 
-0.448242 
-2.58105 
-0.523438 
1.28613 
-1.50977 
1.54883 
-0.605469 
-0.634766 
-1.11816 
-1.77637 
0.496094 
1.0459 
0.180664 
1.14551 
-0.18457 
0.945313 
-0.644531 
0.889648 
-0.806641 
0.0683594 
0.90625 
2.25488 
-1.0498 
1.39746 
-0.666992 
0.0205078 
1.17871 
-2.58105 
0.700195 
0.310547 
-1.46289 
-1.5752 
-0.847656 
-0.239258 
-1.10254 
0.374023 
-1.77637 
-1.11816 
-0.647461 
1.54199 
0.0429688 
2.09473 
-1.50977 
-0.308594 
1.33203 
0.293945 
-0.503906 
-1.54883 
-1.04883 
0.423828 
0.0830078 
-1.37988 
-1.44922 
-1.04004 
-1.69727 
-0.908203 
-1.46289 
0.893555 
-0.991211 
-1.46289 
-0.908203 
-2.58105 
-0.720703 
-1.37109 
0.667969 
0.566406 
0.00292969 
1.81543 
1.55762 
1.38086 
-1.4502 
0.901367 
-2.58105 
-0.961914 
0.59668 
-0.455078 
-2.17188 
-1.4502 
-0.847656 
0.209961 
-0.401367 
-0.989258 
-0.638672 
0.389648 
1.27637 
-0.555664 
-0.249023 
0.839844 
-0.200195 
0.420898 
2.40918 
-0.566406 
-2.58105 
1.71973 
-1.4541 
-0.881836 
-1.77637 
0.223633 
-1.04883 
-1.43945 
-0.801758 
-1.04883 
-1.4541 
-0.455078 
0.0224609 
2.34668 
-0.634766 
-0.244141 
1.34863 
-2.12109 
-0.267578 
-1.16602 
0.643555 
0.160156 
0.553711 
-0.249023 
3.63281 
-0.609375 
-1.77637 
0.740234 
1.09375 
0.830078 
2.22559 
0.984375 
1.48047 
0.586914 
-1.04492 
-0.370117 
-1.16602 
-1.37988 
-1.73633 
-1.2998 
-0.0898438 
1.9541 
1.75586 
1.32227 
0.394531 
-1.44922 
-1.77637 
0.481445 
-2.58105 
-1.4502 
0.867188 
0.541016 
2.05371 
-1.69727 
-0.307617 
-0.25293 
0.151367 
0.644531 
-0.323242 
1.41992 
-0.624023 
-0.479492 
1.80469 
-1.4541 
-1.46289 
-1.11523 
-0.645508 
1.79102 
-1.10254 
0.536133 
0.898438 
-1.43945 
-1.2998 
2.15527 
1.56641 
-0.644531 
-1.30566 
-1.0498 
-0.0439453 
1.49609 
0.563477 
1.14355 
0.0205078 
-1.04492 
1.84375 
0.635742 
-1.69727 
0.267578 
0.400391 
-1.76563 
0.0830078 
-2.58105 
0.169922 
-2.17188 
0.109375 
0.164063 
1.49609 
-2.58105 
-0.770508 
-1.51172 
0.675781 
-1.08887 
-0.355469 
-0.416992 
-1.93359 
-1.93359 
-0.174805 
0.725586 
1.43359 
0.0830078 
-0.694336 
1.19043 
2.10645 
-0.417969 
-0.555664 
-0.566406 
-0.901367 
-2.58105 
2.60645 
1.43848 
2.39941 
-0.989258 
0.421875 
0.900391 
2.66602 
0.882813 
-0.645508 
-0.167969 
-0.239258 
-1.50977 
0.571289 
2.39941 
-1.44922 
1.21875 
-1.73633 
0.283203 
1.1123 
-0.171875 
-2.58105 
-0.44043 
2.77832 
1.75879 
-0.44043 
0.283203 
-0.631836 
2.27344 
2.54688 
0.483398 
1.31543 
-1.5752 
0.836914 
2.77441 
0.0126953 
2.81348 
0.21875 
-0.241211 
0.311523 
-1.50977 
0.0693359 
0.941406 
-0.694336 
1.54102 
-1.93359 
-0.44043 
2.22949 
1.48438 
-0.563477 
1.63379 
0.426758 
0.568359 
2.03906 
-1.73633 
0.831055 
-1.4541 
0.220703 
-1.76563 
0.171875 
1.31543 
2.02734 
0.917969 
0.433594 
-1.76563 
-0.694336 
-2.58105 
-0.308594 
0.804688 
-0.720703 
-1.2998 
-1.51172 
1.96582 
1.56445 
1.14355 
-0.0859375 
-0.391602 
-0.301758 
-1.04883 
1.25781 
3.29492 
-0.310547 
3.44922 
-0.200195 
2.10938 
-1.44922 
-1.76563 
-2.58105 
2.69336 
0.900391 
2.53809 
0.22168 
-0.579102 
-2.58105 
1.14746 
-1.50977 
1.49707 
-0.171875 
-1.37109 
2.67969 
-0.991211 
-1.93359 
0.348633 
2.69336 
0.495117 
0.394531 
-1.44922 
1.87695 
2.41016 
-1.51172 
0.209961 
0.0 
0.779297 
-1.4541 
-2.17188 
2.23828 
-0.639648 
-1.93359 
-0.552734 
2.31738 
-1.4541 
-1.37988 
-0.169922 
-1.43945 
1.97168 
2.38281 
0.212891 
-0.720703 
-2.58105 
-0.0751953 
-1.08887 
-2.58105 
0.874023 
-1.37988 
-0.226563 
1.25195 
2.46875 
1.56348 
-1.76563 
-0.37793 
0.551758 
0.0419922 
-0.634766 
-1.43945 
-0.104492 
-0.310547 
0.941406 
-1.73633 
-1.2998 
0.551758 
2.6123 
0.500977 
0.536133 
-0.455078 
-1.69727 
-1.69727 
1.44727 
-0.881836 
0.802734 
0.857422 
0.250977 
1.25195 
-1.44922 
0.553711 
0.746094 
-0.430664 
-0.174805 
0.336914 
0.862305 
-0.633789 
1.56152 
-2.58105 
1.37988 
0.439453 
0.495117 
-0.584961 
-0.168945 
-0.81543 
1.21875 
-0.642578 
2.85645 
1.23633 
-0.919922 
1.75391 
1.96973 
2.14355 
-1.04102 
-0.404297 
-2.12109 
-1.43945 
0.607422 
0.883789 
-2.58105 
-1.76563 
-1.76563 
-1.43945 
0.0117188 
0.882813 
1.70215 
-0.384766 
0.686523 
-2.58105 
-0.378906 
0.183594 
0.223633 
0.0126953 
-2.58105 
-0.169922 
-0.00292969 
-2.58105 
0.394531 
-0.633789 
-1.76563 
0.236328 
0.566406 
0.725586 
1.45898 
1.14648 
0.662109 
1.56055 
0.900391 
-0.240234 
-2.58105 
0.334961 
0.348633 
-1.04883 
-2.58105 
3.57227 
1.10547 
1.54492 
0.787109 
0.171875 
0.886719 
-0.25293 
2.81055 
-0.658203 
1.54102 
0.716797 
-1.73633 
-0.645508 
0.770508 
-1.28809 
-1.43945 
-1.76563 
1.36816 
-1.4541 
0.209961 
-0.261719 
2.65137 
2.44238 
1.27734 
-0.496094 
-1.77637 
1.66992 
0.00292969 
0.433594 
1.64746 
-2.58105 
-0.338867 
1.2207 
-0.665039 
2.9873 
-1.51172 
-0.347656 
0.97168 
-0.0166016 
-1.76563 
-2.17188 
0.551758 
-2.58105 
0.283203 
-2.58105 
0.728516 
0.649414 
-1.46289 
0.482422 
0.150391 
-0.665039 
-0.594727 
-0.960938 
-1.43945 
0.839844 
1.36816 
-2.58105 
1.36523 
0.399414 
0.474609 
0.536133 
0.169922 
2.99805 
2.59766 
-0.847656 
0.651367 
0.0419922 
-1.73633 
1.31543 
-0.307617 
2.26953 
-0.401367 
-0.332031 
-1.36816 
-0.378906 
-1.44922 
0.911133 
-1.4502 
-0.791992 
1.0127 
0.509766 
-1.36816 
-0.245117 
-1.4502 
-0.484375 
4.9502 
1.14258 
-1.4502 
0.68457 
1.59277 
0.770508 
2.96484 
-0.321289 
-1.5752 
1.23828 
2.03027 
0.575195 
1.32324 
-1.37988 
-1.04492 
-1.76563 
-0.234375 
-1.44922 
-0.638672 
-0.847656 
3.15234 
1.27734 
-0.664063 
-2.17188 
0.730469 
-1.47363 
1.2334 
-1.52441 
-0.308594 
0.481445 
-0.241211 
-0.310547 
0.213867 
0.899414 
-0.535156 
0.783203 
0.901367 
2.80078 
0.725586 
1.56641 
1.57813 
-0.298828 
0.467773 
1.53027 
0.250977 
-0.566406 
-2.58105 
-1.05371 
-1.37109 
1.14746 
-0.639648 
0.078125 
0.486328 
-0.301758 
-2.58105 
0.776367 
0.199219 
-0.994141 
-2.58105 
-1.76563 
0.832031 
-2.58105 
1.48047 
2.71191 
-2.58105 
-0.391602 
1.12891 
-0.647461 
1.19922 
-1.05371 
1.21582 
1.28516 
0.769531 
1.23242 
2.12793 
0.288086 
-0.157227 
-0.901367 
-1.37988 
-1.69727 
-0.167969 
-0.634766 
1.43945 
1.95605 
0.945313 
-0.380859 
0.316406 
1.40137 
-1.4541 
1.19531 
-1.76563 
0.832031 
-0.00195313 
0.328125 
-0.379883 
0.0527344 
0.0205078 
1.54883 
-2.58105 
-0.806641 
-1.46289 
2.09766 
0.0283203 
-0.37793 
0.893555 
0.410156 
0.238281 
-0.535156 
-0.479492 
-0.991211 
-1.44922 
-1.69727 
-0.172852 
0.0966797 
-0.564453 
0.68457 
-0.248047 
-1.93359 
0.5625 
0.735352 
-0.640625 
-0.847656 
-0.457031 
-0.298828 
-1.4541 
-0.0458984 
-2.17188 
0.566406 
2.32715 
0.578125 
-1.10254 
1.26758 
-1.77637 
-2.58105 
-0.240234 
0.959961 
1.44531 
0.411133 
-1.76563 
0.959961 
-0.927734 
-0.34375 
1.42871 
-1.36816 
-1.93359 
0.128906 
-2.58105 
0.433594 
0.326172 
-2.58105 
-0.552734 
-0.927734 
1.53418 
-0.563477 
1.86035 
0.0712891 
-0.631836 
-1.46289 
1.10742 
0.0302734 
-0.0166016 
0.28418 
-0.665039 
0.504883 
-0.226563 
-0.705078 
-0.801758 
1.12402 
-1.4541 
-1.73633 
1.88965 
-0.919922 
-1.37988 
-1.5752 
-0.770508 
-0.625977 
-1.4502 
-0.387695 
-2.58105 
1.17285 
-1.11816 
0.470703 
-0.380859 
-0.416016 
-0.335938 
1.62012 
-0.00292969 
0.311523 
-0.645508 
-1.43945 
2.0957 
-1.76563 
0.439453 
0.748047 
-1.36816 
-0.720703 
-1.77637 
-1.69727 
1.55078 
-0.658203 
-1.0498 
1.05469 
0.0126953 
-0.430664 
-0.901367 
-0.301758 
2.07422 
-1.46289 
1.46484 
-0.233398 
-0.618164 
0.630859 
-2.58105 
-0.174805 
-1.76563 
-1.4502 
-0.901367 
-0.244141 
2.3916 
0.0527344 
0.911133 
0.69043 
0.078125 
1.69629 
-0.806641 
-0.991211 
-0.847656 
1.58496 
-1.44922 
2.17676 
-1.47363 
-0.535156 
-1.69727 
0.183594 
-1.76563 
-0.200195 
-2.58105 
1.47168 
1.23828 
-1.04883 
0.724609 
1.67773 
-0.380859 
0.748047 
0.0917969 
-1.50977 
-0.200195 
-0.310547 
0.853516 
-0.523438 
2.20996 
-0.806641 
2.60645 
-0.638672 
-1.50977 
3.27637 
2.83789 
-0.991211 
0.0224609 
-1.50977 
-0.244141 
-0.991211 
-0.374023 
-1.44922 
2.93164 
-0.255859 
2.27637 
2.52344 
-0.0166016 
1.87305 
-1.46289 
0.482422 
-1.43945 
1.22559 
0.0830078 
-0.239258 
1.36133 
0.439453 
-1.37109 
-0.890625 
1.00391 
-0.382813 
-0.477539 
0.575195 
-0.417969 
0.763672 
-1.04883 
-1.77637 
0.399414 
1.17773 
-0.631836 
-0.34375 
2.18164 
-0.847656 
-1.32715 
2.35059 
0.893555 
2.37695 
-1.0498 
1.31152 
-1.37109 
-0.564453 
0.249023 
-1.73633 
2.67383 
2.47559 
-0.563477 
0.832031 
1.67578 
0.439453 
-0.535156 
0.575195 
-0.298828 
-1.76563 
0.68457 
-0.298828 
-0.890625 
0.279297 
-2.58105 
-0.200195 
0.40625 
-0.638672 
-1.04492 
0.0830078 
2.57324 
1.64355 
-1.08887 
0.279297 
0.807617 
0.763672 
-0.958984 
-0.296875 
0.569336 
0.657227 
-1.76563 
-0.791992 
1.89648 
1.15527 
1.22559 
-0.624023 
-1.4541 
-1.46289 
0.459961 
-0.634766 
1.82617 
-2.58105 
-0.379883 
-0.308594 
-1.0498 
-1.47363 
0.825195 
1.18457 
-0.158203 
-0.34375 
0.509766 
0.793945 
-0.34375 
0.904297 
2.3252 
2.11328 
-1.5752 
-1.4502 
0.293945 
-0.0195313 
0.667969 
-0.847656 
0.220703 
-1.36816 
0.691406 
0.0136719 
-1.76563 
0.739258 
1.78809 
-0.802734 
-1.5752 
0.487305 
-1.37109 
0.386719 
0.015625 
-1.2373 
0.53125 
-1.73633 
1.49414 
0.135742 
2.19629 
-0.298828 
3.48535 
0.0205078 
-0.961914 
-1.46289 
-1.51172 
-1.04883 
2.13965 
1.31543 
-2.58105 
1.36719 
0.0693359 
1.46387 
1.53223 
1.65918 
-1.77637 
-0.380859 
1.04297 
0.563477 
1.65918 
0.542969 
-0.53125 
-0.260742 
0.783203 
-2.58105 
-1.76563 
-1.43945 
1.32031 
0.68457 
1.39746 
1.69141 
0.917969 
-1.2998 
1.31152 
-0.382813 
0.617188 
0.567383 
-0.226563 
0.0693359 
-0.694336 
0.0722656 
-2.58105 
0.646484 
2.25977 
-0.443359 
0.216797 
-0.960938 
0.360352 
-1.4541 
1.56543 
-0.644531 
-0.323242 
-1.0498 
-0.605469 
-1.43945 
0.212891 
1.23438 
-0.847656 
-0.801758 
0.900391 
2.11133 
0.100586 
-1.4502 
-1.51172 
0.770508 
0.765625 
-0.384766 
-0.732422 
-0.989258 
-1.93359 
-2.58105 
1.46484 
-0.391602 
0.204102 
0.457031 
0.744141 
-0.448242 
1.88086 
-1.44922 
0.582031 
-0.62793 
0.15625 
-0.566406 
-1.43945 
1.57324 
1.3418 
-1.11816 
0.136719 
-0.335938 
0.841797 
0.126953 
0.0 
-1.4541 
-1.0498 
-1.37109 
0.447266 
-0.495117 
-0.168945 
2.14941 
-1.12891 
-1.11816 
1.57031 
1.81152 
-0.645508 
0.901367 
0.46582 
-0.374023 
-0.624023 
-0.991211 
1.27051 
-2.58105 
0.523438 
2.5918 
2.53418 
0.324219 
-1.43945 
-1.37109 
-1.37109 
0.683594 
-1.5752 
1.87207 
0.575195 
0.697266 
1.67188 
-0.484375 
0.28418 
-1.37109 
0.46582 
-0.791992 
-0.393555 
-0.25293 
0.324219 
-0.535156 
1.1543 
-0.901367 
-0.0751953 
-1.73633 
0.820313 
-2.58105 
2.30273 
-0.311523 
0.292969 
-0.37793 
-2.58105 
-2.58105 
2.02637 
2.49219 
-1.50977 
0.811523 
-0.0986328 
-0.624023 
-0.310547 
0.630859 
-0.379883 
0.683594 
-0.552734 
0.792969 
0.535156 
-0.1875 
0.00292969 
0.443359 
2.64355 
0.818359 
-1.93359 
-0.0966797 
-0.694336 
-1.4502 
-0.62793 
2.01465 
-0.331055 
-1.93359 
1.60742 
-2.58105 
-0.244141 
2.6377 
0.212891 
1.01074 
-1.2373 
0.267578 
0.0234375 
0.331055 
1.66992 
1.85059 
-1.0498 
-0.594727 
-1.4502 
1.51367 
-1.36816 
1.51953 
0.22168 
-0.230469 
-0.864258 
-0.25293 
-1.93359 
-1.10059 
-0.28418 
0.693359 
0.443359 
0.0800781 
0.0126953 
1.13086 
-0.430664 
-0.1875 
-1.73633 
0.926758 
-1.2373 
-1.2373 
-1.05176 
-2.58105 
2.76953 
0.180664 
0.564453 
1.49609 
-1.71191 
-1.46289 
3.26465 
1.47266 
1.59277 
0.536133 
-0.229492 
-0.960938 
-1.12891 
-0.382813 
-0.658203 
0.353516 
0.746094 
1.47559 
-0.634766 
-0.806641 
1.5459 
-0.387695 
0.820313 
0.984375 
-0.168945 
-1.44922 
-1.37109 
2.04102 
1.27734 
1.27441 
-0.994141 
-0.979492 
0.0683594 
-1.69727 
0.324219 
0.714844 
-0.308594 
-1.37988 
-1.37988 
-0.237305 
1.54102 
3.57813 
-0.233398 
-1.93359 
1.25781 
-2.58105 
-1.36816 
1.34863 
-0.503906 
-0.759766 
-0.555664 
1.34961 
-2.58105 
1.55176 
-1.04883 
2.45508 
-1.37109 
-2.58105 
0.898438 
3.11523 
0.431641 
-0.634766 
-2.58105 
1.0918 
-1.2998 
-2.17188 
0.225586 
-1.00293 
0.686523 
0.107422 
0.301758 
0.169922 
-1.43945 
1.06934 
0.140625 
2.26563 
-2.58105 
0.509766 
0.199219 
-0.631836 
-1.51172 
-1.12891 
-0.919922 
1.4502 
1.19629 
-0.705078 
0.223633 
-0.430664 
-1.43945 
0.320313 
-0.847656 
1.56543 
-1.36816 
-1.71191 
1.50098 
1.56543 
-0.301758 
3.00488 
0.571289 
-2.58105 
-0.157227 
-1.00293 
-2.58105 
-0.563477 
-0.631836 
0.899414 
-1.46289 
2.73047 
0.110352 
3.46289 
0.963867 
0.15625 
-0.640625 
1.39746 
-0.233398 
-1.4502 
-2.58105 
-1.04883 
-1.43945 
1.50391 
-0.81543 
-0.1875 
3.60938 
2.10059 
2.99805 
0.982422 
-0.594727 
0.823242 
0.837891 
-2.58105 
-0.169922 
-0.234375 
2.07227 
0.644531 
1.34277 
-2.58105 
2.6748 
0.414063 
-2.58105 
0.0693359 
-0.391602 
1.51465 
-0.448242 
-2.58105 
-2.58105 
-0.791992 
-1.76563 
-2.58105 
0.462891 
0.962891 
-1.43945 
1.82227 
-2.58105 
0.203125 
1.31641 
-1.50977 
2.33887 
-0.694336 
-0.564453 
0.928711 
-0.847656 
0.555664 
-0.293945 
-1.69727 
0.353516 
0.893555 
-0.00292969 
-0.555664 
-0.847656 
-1.2373 
4.06445 
-1.50977 
0.603516 
-0.732422 
0.0449219 
-0.455078 
0.765625 
1.18848 
-1.52441 
0.78418 
1.38379 
-0.310547 
-0.658203 
0.882813 
-2.58105 
2.1748 
0.279297 
0.135742 
0.229492 
-1.43945 
-1.43945 
-2.58105 
2.00098 
0.251953 
-0.416992 
0.270508 
-0.484375 
-0.240234 
-1.47363 
1.4248 
-1.37988 
-0.847656 
-1.4502 
0.573242 
0.223633 
-0.165039 
-1.54883 
1.16699 
0.725586 
-2.17188 
3.38965 
-1.37988 
-0.172852 
2.18164 
1.66797 
-1.2998 
3.17578 
1.75586 
-1.4502 
0.078125 
-0.666992 
0.961914 
-0.624023 
1.71387 
-0.892578 
-0.229492 
1.04297 
-1.77637 
-0.379883 
1.17773 
0.560547 
0.413086 
0.787109 
0.820313 
-2.58105 
0.536133 
-0.81543 
-0.605469 
-1.36816 
2.96484 
-0.165039 
-1.69727 
-1.47363 
0.860352 
1.49219 
1.53027 
-0.323242 
0.288086 
3.98633 
-1.51172 
-1.51172 
0.197266 
0.69043 
2.29883 
-0.226563 
0.902344 
0.677734 
-0.368164 
-0.318359 
-0.299805 
-1.37109 
0.869141 
-0.181641 
-0.240234 
-0.146484 
-2.58105 
1.65625 
-1.93359 
0.199219 
0.287109 
-0.341797 
-1.51172 
-1.36816 
0.270508 
0.362305 
1.33691 
1.4502 
1.85742 
0.813477 
-0.979492 
-1.4541 
-1.51172 
-0.487305 
1.92969 
-0.919922 
2.45605 
-0.645508 
1.18555 
-1.51172 
-0.158203 
-1.11816 
1.50684 
1.2334 
-0.919922 
-1.04004 
-0.733398 
-0.401367 
1.52734 
0.829102 
-1.05176 
-0.645508 
-1.04883 
-1.4502 
0.5 
0.288086 
1.28613 
1.26367 
0.138672 
-0.847656 
1.3584 
-2.58105 
-0.631836 
0.650391 
2.02637 
-0.645508 
-0.665039 
-0.479492 
-1.04883 
1.39648 
0.078125 
1.10742 
1.11523 
-2.58105 
0.283203 
0.425781 
0.0224609 
1.35449 
2.43164 
-1.4502 
0.798828 
-0.694336 
0.899414 
-1.12891 
0.779297 
0.859375 
1.46875 
-0.594727 
-0.477539 
-1.76563 
2.80762 
-1.10254 
2.99512 
0.509766 
5.00488 
-0.168945 
3.49121 
-0.298828 
-0.308594 
-0.847656 
-0.310547 
-0.631836 
-0.81543 
-1.46289 
-0.335938 
-2.58105 
-1.73633 
1.22852 
0.283203 
1.03711 
-1.44922 
1.32324 
0.242188 
1.85059 
0.18457 
-0.791992 
-0.0966797 
0.381836 
-0.200195 
-0.631836 
0.270508 
1.64063 
1.77832 
1.28613 
-0.3125 
2.6123 
-0.563477 
0.0361328 
-1.93359 
0.331055 
-1.05371 
0.504883 
1.34766 
1.00098 
-1.44922 
0.818359 
-1.36816 
0.160156 
2.68262 
0.426758 
0.667969 
-0.720703 
-0.477539 
-2.58105 
2.00195 
-0.172852 
-1.08887 
-1.2998 
3.49121 
-2.58105 
-2.17188 
-0.308594 
1.41504 
-0.634766 
0.576172 
1.81543 
-0.579102 
2.7041 
0.68457 
-1.0498 
1.35156 
0.831055 
-2.58105 
2.82031 
-1.10254 
-0.378906 
1.65527 
-0.989258 
-0.332031 
1.15723 
2.65234 
-0.720703 
1.8457 
-1.54883 
-0.733398 
-2.58105 
-1.37988 
0.647461 
0.0986328 
-2.58105 
0.211914 
-2.12109 
-1.93359 
0.725586 
-1.5752 
-0.624023 
-0.391602 
-0.37793 
-0.404297 
1.89746 
-0.555664 
0.209961 
-1.44922 
1.5 
-1.4502 
1.14746 
1.21191 
1.24512 
0.236328 
-0.0966797 
-1.36816 
1.61621 
1.95215 
-0.146484 
0.53125 
-0.249023 
0.183594 
-0.634766 
1.05566 
3.14941 
-1.37109 
0.439453 
-0.989258 
-2.12109 
-0.744141 
-0.847656 
-1.10254 
1.53711 
-1.69727 
1.13477 
-0.665039 
-1.51172 
-0.239258 
-0.484375 
-0.890625 
-0.299805 
0.078125 
-0.631836 
-1.36816 
-0.249023 
0.230469 
0.00292969 
-0.958984 
-0.237305 
-1.2998 
0.139648 
0.578125 
0.853516 
-0.380859 
1.01465 
0.365234 
-1.5752 
-0.634766 
-0.430664 
-0.555664 
0.506836 
0.725586 
-0.847656 
1.0127 
0.0136719 
-1.4502 
-2.58105 
1.2832 
0.147461 
-0.634766 
-0.308594 
-0.157227 
-1.0498 
-1.43945 
0.393555 
-1.73633 
-1.04492 
0.791992 
0.199219 
0.167969 
-0.864258 
-0.892578 
0.374023 
1.28223 
-0.167969 
1.97363 
0.270508 
0.169922 
-1.50977 
0.316406 
-0.564453 
0.436523 
-1.51172 
-2.17188 
1.16699 
-0.625977 
-0.370117 
-2.58105 
-1.04492 
-0.920898 
-2.58105 
1.79102 
-0.382813 
-2.58105 
-1.4502 
-1.47363 
-0.233398 
1.20117 
1.13379 
-2.17188 
-2.58105 
-1.4502 
-1.50977 
-0.379883 
-2.58105 
-2.17188 
0.813477 
2.72559 
-0.3125 
-1.73633 
-1.76563 
0.494141 
-1.4541 
2.3877 
-1.44922 
-0.633789 
0.167969 
2.18262 
0.957031 
-1.51172 
-0.169922 
-0.770508 
0.578125 
1.28125 
-0.230469 
-2.58105 
1.5459 
-0.618164 
2.94336 
-0.631836 
0.621094 
2.52148 
0.124023 
-0.321289 
-2.17188 
-0.732422 
-0.391602 
-0.666992 
-1.51172 
0.924805 
1.4209 
-1.37988 
-0.298828 
-1.93359 
-1.13965 
0.541016 
0.621094 
-0.308594 
0.124023 
0.827148 
-0.416016 
-1.76563 
-0.801758 
2.76074 
0.516602 
0.704102 
1.31152 
-1.4541 
-0.847656 
0.198242 
0.541016 
-1.46289 
0.492188 
-0.296875 
-0.694336 
-2.17188 
-1.37988 
2.88184 
-1.0498 
-0.631836 
-1.36816 
-1.77637 
1.68945 
0.833008 
0.0351563 
0.18457 
-0.510742 
3.82324 
-0.347656 
1.41211 
0.837891 
1.34082 
1.49121 
-1.4541 
-0.555664 
-0.407227 
-0.301758 
-0.575195 
0.494141 
-1.46289 
-1.04102 
1.33691 
0.329102 
-1.69727 
1.54785 
0.433594 
-1.77637 
-0.979492 
-1.2998 
-1.37109 
0.209961 
-0.806641 
-0.595703 
0.637695 
-0.579102 
0.109375 
-0.321289 
1.05469 
1.42578 
-1.08887 
0.431641 
-1.5752 
-1.52441 
0.96875 
-1.4541 
-0.234375 
-0.802734 
-2.12109 
1.39648 
-1.37109 
-1.4541 
3.45898 
2.24707 
-0.594727 
-0.416016 
0.270508 
2.6748 
1.35645 
1.58398 
0.53418 
-2.58105 
3.5625 
-0.308594 
-2.58105 
-1.4502 
0.732422 
-1.4541 
1.18945 
1.01074 
-1.37988 
-1.37988 
2.92871 
0.495117 
-0.146484 
-1.76563 
-0.566406 
-1.4541 
1.56641 
-1.54883 
0.621094 
-1.4541 
-1.08887 
-0.901367 
0.232422 
-0.384766 
-0.301758 
-0.847656 
0.353516 
-2.58105 
-0.495117 
-2.58105 
1.12402 
0.283203 
-0.226563 
0.139648 
-1.04883 
1.52246 
1.11426 
0.251953 
0.15625 
-0.634766 
2.36816 
0.195313 
-2.58105 
0.46875 
-0.564453 
0.774414 
0.507813 
0.614258 
-1.04883 
0.495117 
-2.58105 
2.77246 
2.10352 
-0.802734 
-0.81543 
2.34863 
-1.37109 
-1.08887 
1.40137 
-1.4541 
1.50391 
0.0224609 
-1.36816 
1.46191 
0.0205078 
-0.298828 
1.3916 
-1.76563 
-0.960938 
-0.496094 
-0.477539 
-1.43945 
-1.37109 
-0.230469 
-0.34375 
0.441406 
0.682617 
-0.806641 
-1.50977 
-0.00292969 
2.14453 
0.495117 
-0.634766 
1.65625 
-1.37109 
-0.244141 
0.770508 
-0.378906 
-0.631836 
0.239258 
-0.338867 
-1.11816 
-2.58105 
1.80176 
-0.665039 
-0.791992 
-1.0498 
0.337891 
-0.960938 
0.631836 
0.569336 
-1.2998 
0.0439453 
-1.37109 
-0.239258 
0.540039 
-1.50977 
0.0244141 
1.3418 
0.763672 
3.26367 
-1.43945 
0.49707 
-2.58105 
2.21582 
1.95996 
0.571289 
0.548828 
1.33105 
0.0693359 
-1.76563 
-0.267578 
-0.535156 
-0.881836 
0.980469 
0.277344 
1.04102 
0.697266 
-2.58105 
-0.631836 
-1.44922 
0.269531 
-1.93359 
0.0859375 
1.3418 
-0.368164 
-2.58105 
-1.77637 
-1.5752 
0.643555 
1.35449 
1.11523 
1.66699 
0.536133 
0.425781 
1.9707 
1.53906 
-1.93359 
-0.200195 
0.818359 
-1.44922 
0.560547 
0.822266 
-0.323242 
1.29492 
-0.172852 
1.49707 
-0.417969 
0.899414 
-1.4541 
-0.332031 
-1.4502 
-1.37109 
0.730469 
-1.37109 
-0.847656 
1.25879 
-1.4502 
1.74512 
-0.991211 
0.0361328 
-1.04883 
2.65625 
-1.73633 
0.0205078 
0.772461 
-1.69727 
1.61035 
2.64063 
-1.50977 
2.49219 
1.18359 
2.74609 
0.671875 
-2.58105 
-0.791992 
-0.664063 
-1.93359 
2.95996 
0.253906 
-0.564453 
1.20313 
0.509766 
-0.62793 
-0.970703 
-1.50977 
1.76855 
0.396484 
1.10742 
0.324219 
0.46582 
1.10742 
-1.46289 
-0.595703 
-0.37793 
-0.370117 
0.732422 
-0.244141 
2.06641 
0.400391 
0.288086 
-0.665039 
-0.847656 
-0.666992 
-1.73633 
0.5625 
0.394531 
-0.25293 
1.95605 
0.816406 
-1.73633 
1.77246 
1.95801 
0.75293 
1.10645 
-0.645508 
1.93262 
0.819336 
-0.791992 
0.844727 
1.35547 
-0.665039 
-1.11816 
-0.694336 
-0.37793 
-2.58105 
-1.04883 
0.183594 
2.4209 
-0.631836 
-1.08887 
-1.4502 
-0.189453 
-0.173828 
-0.960938 
1.3418 
1.10449 
1.24902 
-0.609375 
2.24902 
-1.51172 
2.0625 
-0.00195313 
-0.244141 
0.686523 
1.10254 
1.90625 
-1.04883 
1.69629 
-1.54883 
-0.802734 
-0.503906 
0.393555 
-1.5752 
-0.200195 
2.60938 
2.11914 
-1.43945 
-1.04102 
-0.368164 
0.439453 
-0.331055 
-0.691406 
0.97168 
0.251953 
-1.76563 
0.362305 
-0.644531 
-0.666992 
-1.46289 
1.49414 
-0.298828 
-0.979492 
-0.733398 
-0.802734 
1.7793 
0.522461 
-1.2998 
-0.355469 
-0.994141 
-1.4541 
-0.81543 
0.420898 
-1.00293 
-0.644531 
0.240234 
-1.36816 
-1.76563 
-0.307617 
-1.5752 
-0.658203 
-0.503906 
0.404297 
0.392578 
1.40137 
-0.847656 
-0.115234 
0.232422 
0.569336 
-2.58105 
-0.919922 
0.149414 
2.50586 
-0.368164 
-2.58105 
0.496094 
-1.51172 
-1.50977 
0.878906 
2.04297 
2.7793 
1.74902 
2.88086 
-0.492188 
0.0126953 
1.7168 
-1.44922 
0.429688 
1.11523 
-0.0869141 
1.11035 
-0.379883 
1.41504 
0.21875 
-0.81543 
-1.30566 
-0.296875 
0.900391 
-0.332031 
1.14746 
-1.11816 
2.89063 
-0.563477 
-0.633789 
-0.484375 
3.85352 
-0.518555 
-0.401367 
-0.732422 
-0.298828 
-2.58105 
4.24316 
0.581055 
-0.430664 
0.301758 
1.61816 
0.515625 
-1.73633 
-0.801758 
0.015625 
-0.979492 
-0.273438 
2.50293 
0.150391 
-0.00292969 
-0.417969 
0.982422 
-2.58105 
1.40039 
-2.58105 
0.513672 
0.324219 
-0.37793 
1.5752 
-1.76563 
1.75 
0.868164 
0.688477 
1.28125 
-0.34375 
1.41211 
1.25977 
2.03809 
2.44141 
0.573242 
0.787109 
0.436523 
-0.368164 
-0.0244141 
0.81543 
-1.73633 
-0.555664 
-0.200195 
-0.81543 
-0.115234 
-0.416992 
0.206055 
0.579102 
-1.93359 
-1.4502 
0.0917969 
0.630859 
-1.50977 
1.28613 
-0.81543 
-0.347656 
0.399414 
-2.58105 
0.0224609 
-1.36816 
-1.54883 
0.0517578 
1.58398 
-0.240234 
-1.76563 
0.595703 
0.392578 
-2.58105 
0.845703 
2.62305 
0.918945 
2.52539 
1.66211 
-1.36816 
-1.37109 
0.0830078 
-0.732422 
-2.17188 
0.171875 
-2.58105 
-0.566406 
1.05371 
-0.200195 
-2.58105 
-0.249023 
-2.58105 
0.216797 
2.96875 
-0.970703 
-1.50977 
-0.158203 
0.748047 
3.74902 
-0.397461 
0.461914 
2.45703 
-0.991211 
0.536133 
0.360352 
-0.705078 
-1.36816 
0.243164 
-0.961914 
0.761719 
1.22949 
-1.4502 
0.251953 
-0.244141 
-0.563477 
-0.205078 
-0.732422 
-1.46289 
0.80957 
-0.166992 
1.68945 
0.701172 
-0.960938 
0.141602 
-2.58105 
-0.847656 
0.259766 
1.5752 
2.78809 
1.63672 
0.00878906 
-0.631836 
1.47168 
0.259766 
1.7002 
-0.0214844 
0.487305 
-0.299805 
-0.487305 
-1.46289 
0.683594 
-0.378906 
1.78223 
0.392578 
0.862305 
0.542969 
0.362305 
0.831055 
-0.566406 
0.414063 
0.700195 
3.24023 
-1.16602 
1.35938 
1.48535 
-2.12109 
-1.77637 
0.168945 
-0.310547 
-1.10254 
-0.732422 
-0.901367 
-0.00292969 
1.01367 
0.973633 
-0.647461 
-2.58105 
-2.17188 
2.51172 
0.454102 
-1.73633 
-0.233398 
-0.00292969 
-0.240234 
2.3457 
-0.169922 
-0.240234 
-0.847656 
-2.58105 
0.737305 
-1.32715 
-0.244141 
0.0234375 
-1.10059 
5.92969 
0.756836 
-0.365234 
-0.645508 
1.20996 
0.163086 
-0.34375 
2.12988 
0.763672 
0.112305 
-1.51172 
1.39746 
-0.378906 
-0.417969 
-1.04004 
1.33887 
-1.4502 
0.911133 
0.820313 
-0.594727 
1.91016 
-1.04883 
-0.594727 
-1.4502 
2.55371 
0.648438 
-0.960938 
0.68457 
3.66211 
-1.5752 
-2.58105 
0.835938 
1.13477 
0.78418 
-2.58105 
0.408203 
2.55176 
-0.492188 
-0.564453 
-1.37109 
0.571289 
2.67383 
2.13965 
-1.00293 
-0.347656 
0.657227 
-0.649414 
-0.645508 
0.356445 
-0.378906 
-0.34668 
-0.37793 
-1.73633 
0.151367 
-1.93359 
0.657227 
-0.802734 
1.39746 
0.0361328 
0.0263672 
0.464844 
-1.4502 
2.1748 
0.169922 
-0.416992 
-0.479492 
0.110352 
-0.694336 
2.37695 
-0.566406 
0.901367 
-0.384766 
-1.51172 
-0.310547 
1.50684 
0.481445 
0.362305 
-0.368164 
-1.28809 
-2.58105 
-0.0126953 
1.56055 
-0.0458984 
-1.44922 
0.160156 
0.0712891 
-0.631836 
-0.310547 
1.14746 
-0.535156 
-1.46289 
1.46973 
0.353516 
-1.93359 
0.293945 
1.75391 
0.397461 
-0.34375 
-1.43945 
2.67285 
0.499023 
-2.58105 
-2.58105 
0.521484 
-0.847656 
0.832031 
2.01465 
0.900391 
1.0293 
1.51465 
-0.240234 
0.183594 
0.68457 
-1.2998 
0.329102 
-1.37109 
1.14551 
-2.58105 
-2.58105 
0.897461 
-1.76563 
1.66406 
0.885742 
-0.634766 
-0.791992 
1.5625 
0.841797 
-0.44043 
0.0 
1.45117 
1.22461 
-0.920898 
1.05664 
2.18164 
0.150391 
2.5332 
-0.240234 
-2.58105 
2.11328 
0.776367 
1.18262 
0.686523 
1.32031 
1.69336 
1.28711 
1.63574 
0.0224609 
-0.479492 
0.677734 
0.206055 
-1.51172 
-1.44922 
-1.73633 
-1.11816 
-0.679688 
1.04785 
-1.46289 
-0.430664 
0.167969 
2.3252 
1.37109 
-1.4502 
1.93652 
-2.58105 
-1.76563 
0.18457 
-0.806641 
-1.44922 
-2.58105 
-1.4541 
1.86426 
-0.25293 
0.362305 
-1.50977 
-0.416016 
-2.58105 
0.267578 
0.0361328 
-1.03027 
-1.54883 
0.499023 
-2.58105 
1.61426 
-0.631836 
0.994141 
2.17969 
-0.770508 
-0.847656 
-0.0898438 
0.301758 
-0.523438 
-1.77637 
1.97363 
0.833008 
-1.77637 
3.875 
-1.37109 
-1.93359 
-2.58105 
0.0830078 
-1.44922 
-1.05176 
1.75 
-0.233398 
0.227539 
0.474609 
-1.93359 
-2.58105 
-0.847656 
-1.2998 
-1.71191 
2.70215 
-0.200195 
-1.44922 
-1.08887 
1.72363 
0.209961 
1.62891 
-0.331055 
0.183594 
-0.631836 
0.975586 
-1.05371 
-0.960938 
-0.847656 
-0.298828 
0.164063 
0.279297 
-0.234375 
-0.457031 
-1.5752 
2.35645 
-0.0869141 
0.495117 
-0.393555 
-0.34375 
0.770508 
0.291992 
-0.744141 
0.0800781 
-1.04883 
-0.638672 
1.75586 
0.657227 
-0.249023 
-0.448242 
-0.255859 
-0.0566406 
2.77832 
-0.645508 
0.413086 
-1.93359 
0.657227 
1.5293 
-0.645508 
-0.174805 
-0.298828 
0.540039 
-2.58105 
0.46582 
0.223633 
-1.93359 
-2.58105 
0.0917969 
-0.806641 
1.30273 
2.54785 
2.93359 
-1.12891 
-1.44922 
-0.229492 
-0.370117 
-0.165039 
-0.168945 
-1.2998 
-0.604492 
-1.4502 
-0.634766 
0.833008 
1.41016 
-0.484375 
-0.165039 
-0.564453 
1.64648 
1.31543 
-1.46289 
2.04688 
0.0800781 
0.319336 
1.6123 
0.115234 
-2.58105 
-1.0498 
0.0263672 
-1.36816 
-1.50977 
0.746094 
-1.37109 
-0.864258 
-2.58105 
1.23828 
0.251953 
-0.380859 
0.480469 
-1.69727 
0.822266 
0.80957 
-0.421875 
-1.93359 
-0.00292969 
1.00391 
0.360352 
0.126953 
0.439453 
-1.51172 
0.164063 
0.506836 
-2.58105 
-0.594727 
-0.732422 
0.884766 
1.10254 
1.86328 
-2.17188 
-0.575195 
-0.323242 
-1.0498 
1.77344 
-0.791992 
-1.54883 
-0.44043 
-1.50977 
1.49707 
-1.04883 
-1.54883 
1.45313 
-1.37988 
0.0224609 
-1.76563 
-0.881836 
0.37207 
-1.0498 
-2.58105 
1.60254 
0.896484 
-0.908203 
1.35156 
-0.791992 
-0.631836 
1.5752 
1.25391 
2.01758 
-1.77637 
-0.0429688 
0.362305 
-0.555664 
0.0205078 
2.51172 
-1.93359 
-1.51172 
2.64258 
0.110352 
0.0771484 
-1.2998 
0.46582 
-0.267578 
0.907227 
-1.73633 
1.78516 
-0.624023 
-0.647461 
0.760742 
-0.631836 
-1.4541 
1.1377 
-0.892578 
1.47168 
0.724609 
-1.36816 
-2.58105 
-0.484375 
-1.04883 
1.16113 
-0.200195 
1.77734 
-0.579102 
-0.555664 
-0.847656 
1.31152 
-2.17188 
-1.4502 
-0.847656 
-0.384766 
-1.69727 
-0.631836 
-1.03027 
-1.93359 
1.88086 
1.03516 
0.015625 
-2.58105 
-1.03027 
-0.401367 
-0.666992 
1.81152 
-1.77637 
0.927734 
-2.58105 
-0.961914 
1.19727 
0.223633 
-0.847656 
-0.991211 
-0.890625 
-0.970703 
-2.58105 
-1.08887 
-0.347656 
-0.205078 
-1.50977 
0.526367 
-0.172852 
2.56348 
-0.368164 
1.74902 
0.683594 
-0.181641 
-1.52441 
-0.115234 
-2.58105 
0.111328 
2.26953 
0.433594 
-0.178711 
0.421875 
0.837891 
-2.17188 
-1.04883 
-0.347656 
1.91309 
-2.58105 
1.54785 
-0.433594 
1.89258 
-1.28809 
-1.00293 
0.581055 
0.532227 
-1.37109 
-0.301758 
-0.552734 
-0.172852 
-0.248047 
-0.273438 
0.817383 
0.0234375 
-1.43945 
1.53223 
1.3457 
0.607422 
-0.335938 
-2.58105 
1.16699 
-0.694336 
1.2666 
1.48047 
1.35938 
-0.455078 
0.614258 
-0.535156 
-1.4541 
-0.960938 
-0.3125 
-0.25293 
-0.335938 
1.87793 
-1.04102 
0.802734 
-0.666992 
-0.484375 
-0.249023 
0.384766 
-0.44043 
-0.605469 
0.472656 
0.147461 
1.14746 
-1.2998 
-0.931641 
1.44629 
-2.17188 
0.110352 
-1.93359 
1.63672 
1.27441 
1.14746 
-0.920898 
-0.311523 
1.64941 
0.360352 
-2.58105 
-0.931641 
1.48926 
-0.991211 
-0.397461 
0.651367 
-0.365234 
-1.4502 
1.50488 
1.41504 
0.484375 
0.170898 
-1.36816 
0.0830078 
0.769531 
2.64746 
0.494141 
0.857422 
2.51855 
0.463867 
-1.4502 
-1.36816 
-1.77637 
-0.664063 
-1.08887 
1.27832 
0.728516 
-0.393555 
0.0117188 
0.901367 
-1.12891 
0.480469 
0.758789 
0.139648 
-2.17188 
1.65918 
0.617188 
-0.847656 
0.293945 
1.85254 
0.262695 
-1.46289 
-0.168945 
0.993164 
-0.802734 
-1.10254 
0.250977 
-0.744141 
1.52148 
-2.17188 
-2.58105 
1.3584 
-0.633789 
-1.50977 
-2.58105 
1.41504 
-0.658203 
0.279297 
-0.62793 
-0.308594 
-2.58105 
2.11133 
-0.847656 
-0.847656 
-1.77637 
2.10059 
-0.931641 
1.67871 
1.76563 
-0.881836 
-0.791992 
0.669922 
-1.31641 
0.0712891 
0.40332 
0.774414 
0.0361328 
-0.631836 
-0.200195 
-0.308594 
-0.847656 
-0.791992 
0.421875 
-2.58105 
0.339844 
-2.58105 
1.11523 
2.56152 
-1.69727 
1.19629 
-1.46289 
0.702148 
0.216797 
0.223633 
0.293945 
0.249023 
-0.704102 
-2.58105 
0.0234375 
-1.36816 
-1.54883 
-1.4541 
-1.36816 
-0.484375 
0.439453 
-2.12109 
-0.958984 
0.242188 
0.0126953 
0.87207 
2.88574 
-1.93359 
1.86133 
1.92578 
0.492188 
0.291992 
0.362305 
-0.839844 
2.30859 
0.637695 
1.94434 
3.60938 
0.277344 
-1.31641 
0.583984 
0.75293 
0.578125 
3.64844 
-1.4541 
-0.44043 
0.151367 
1.1543 
0.575195 
-1.50977 
-1.4502 
-1.76563 
-1.10059 
0.270508 
-2.58105 
1.88477 
0.46582 
0.453125 
0.0244141 
-1.37988 
-1.37988 
-0.694336 
1.70898 
0.0390625 
-0.605469 
-0.321289 
0.015625 
0.889648 
-0.575195 
-0.00878906 
-1.30566 
1.00098 
0.353516 
-1.77637 
-2.58105 
2.14355 
0.178711 
1.19824 
-0.633789 
0.164063 
-0.293945 
0.567383 
-2.58105 
0.634766 
-0.313477 
-1.4541 
-0.0986328 
-1.54883 
1.33203 
-1.37109 
-0.847656 
1.4541 
0.496094 
-1.73633 
-0.230469 
-1.0498 
0.535156 
2.37207 
0.963867 
3.02637 
2.30859 
-1.76563 
-0.379883 
-0.649414 
-0.720703 
0.0205078 
2.09766 
3.04688 
0.259766 
-1.36816 
-1.05371 
0.515625 
-0.301758 
0.339844 
0.28418 
0.425781 
-1.46289 
0.207031 
-1.0498 
2.16016 
1.24707 
1.12891 
1.51367 
1.33203 
1.3418 
-0.233398 
0.236328 
-0.649414 
-0.374023 
-1.76563 
1.70215 
1.23242 
1.65039 
-0.0175781 
0.0292969 
1.43359 
-2.58105 
-1.93359 
-1.4541 
-0.744141 
-0.649414 
1.39844 
-1.51172 
2.04102 
2.28516 
2.77051 
-1.52441 
-2.58105 
-1.54883 
-1.08887 
-2.58105 
-0.0107422 
2.34766 
-0.631836 
-0.732422 
-0.705078 
-1.73633 
0.989258 
0.180664 
-1.50977 
0.509766 
1.46191 
1.25488 
0.770508 
0.966797 
-0.174805 
2.02832 
1.41992 
-0.720703 
0.078125 
1.36426 
-1.4502 
-0.631836 
1.2168 
-1.54883 
-2.58105 
-1.73633 
-0.979492 
-0.649414 
-1.30566 
1.56641 
0.0771484 
-0.299805 
-0.705078 
-0.847656 
2.31641 
0.349609 
-1.76563 
-1.54883 
-0.705078 
-1.77637 
-1.04102 
-1.4502 
0.270508 
-2.58105 
-0.847656 
0.0693359 
0.299805 
2.52539 
0.945313 
-1.37109 
-0.958984 
2.78809 
-0.495117 
0.259766 
-0.958984 
3.40527 
-0.919922 
-2.58105 
1.33203 
-1.37109 
-0.417969 
-0.308594 
3.0752 
1.3252 
1.39063 
-0.169922 
0.447266 
-2.58105 
-0.200195 
-1.4502 
0.0810547 
2.72168 
-0.37793 
0.948242 
-1.77637 
0.198242 
-0.639648 
0.463867 
-0.168945 
-0.244141 
1.68066 
-1.52441 
0.522461 
-2.58105 
-0.168945 
-1.93359 
-1.51172 
0.311523 
-1.54883 
0.300781 
-0.801758 
-1.4541 
0.874023 
0.352539 
-2.58105 
-0.994141 
-0.229492 
0.186523 
-1.4502 
-1.93359 
-0.239258 
-0.417969 
0.0292969 
0.476563 
1.03711 
-1.37988 
0.00195313 
-0.169922 
-0.181641 
0.647461 
-1.04883 
-2.58105 
1.31543 
2.5 
0.794922 
-0.634766 
0.900391 
-1.46289 
2.86328 
0.112305 
3.05859 
-0.806641 
0.733398 
1.63477 
1.8291 
1.40234 
0.646484 
0.0361328 
0.167969 
0.476563 
-0.226563 
0.704102 
-0.467773 
-1.93359 
1.13867 
-0.694336 
-1.05371 
-0.248047 
0.80957 
-0.313477 
0.714844 
-2.17188 
1.42578 
0.472656 
-0.604492 
0.859375 
-0.249023 
1.35059 
-0.634766 
2.50391 
-1.51172 
-1.76563 
-2.58105 
-0.44043 
-0.174805 
3.43164 
0.560547 
0.916016 
0.683594 
-1.37988 
0.0683594 
-0.393555 
-0.0458984 
0.293945 
-1.46289 
1.11523 
-1.51172 
1.92871 
-0.380859 
1.4248 
-1.73633 
0.677734 
0.126953 
-0.379883 
0.279297 
-0.791992 
-1.47363 
0.386719 
0.158203 
1.5752 
1.64746 
1.2959 
0.399414 
-0.387695 
0.569336 
0.963867 
-2.58105 
0.269531 
-0.666992 
-0.631836 
-0.0429688 
-0.594727 
-0.34375 
-1.04883 
1.24414 
-1.36816 
1.0293 
-1.76563 
-0.25293 
-0.495117 
-0.649414 
-0.25293 
-0.308594 
0.149414 
1.18262 
-0.847656 
0.647461 
-0.323242 
0.164063 
-0.169922 
1.46973 
0.735352 
-0.233398 
-1.37109 
0.283203 
2.60742 
1.27441 
1.79492 
0.384766 
1.14258 
0.339844 
-1.11816 
0.170898 
-0.705078 
1.6377 
1.60254 
-1.37109 
3.0166 
2.80859 
-0.200195 
0.152344 
-0.233398 
1.20996 
0.813477 
-1.4502 
-0.920898 
-0.384766 
0.676758 
1.42578 
-0.802734 
0.831055 
1.2002 
3.92285 
0.387695 
0.50293 
0.701172 
1.43262 
0.87793 
3.58398 
-0.979492 
-1.93359 
-0.169922 
-0.658203 
-0.165039 
0.657227 
-0.864258 
2.37109 
-1.46289 
-0.230469 
-0.720703 
-1.10059 
0.591797 
0.158203 
2.59961 
-0.535156 
-0.380859 
2.45703 
-2.58105 
-2.58105 
0.473633 
-0.555664 
-0.368164 
1.06836 
-0.382813 
0.0292969 
0.266602 
2.27051 
-0.631836 
-0.169922 
2.26074 
-1.4502 
0.770508 
2.19531 
-0.455078 
-1.05176 
0.761719 
0.588867 
-1.11523 
-2.58105 
0.362305 
-2.58105 
-1.73633 
-0.631836 
0.5 
1.62402 
0.832031 
-0.864258 
0.259766 
-0.401367 
2.33105 
1.22363 
-0.694336 
-2.17188 
0.414063 
0.87793 
0.490234 
-0.477539 
2.03223 
0.495117 
0.893555 
0.299805 
0.361328 
1.43555 
-0.310547 
-1.50977 
0.770508 
-1.11816 
-0.378906 
-0.881836 
-2.58105 
0.928711 
-2.58105 
-0.665039 
0.506836 
-0.28418 
-0.237305 
0.225586 
1.42871 
-0.158203 
-0.649414 
0.917969 
0.649414 
-0.307617 
0.930664 
-1.93359 
-0.233398 
0.725586 
-1.50977 
-0.645508 
-2.58105 
-0.308594 
-1.11816 
1.56543 
-1.4541 
-0.639648 
0.62207 
0.654297 
0.954102 
0.169922 
0.823242 
-0.255859 
0.540039 
1.68164 
-0.484375 
-1.04492 
0.0947266 
-0.273438 
0.18457 
3.94727 
1.33008 
1.49316 
0.374023 
-1.50977 
1.12402 
-0.730469 
-0.347656 
0.279297 
-2.58105 
-1.4541 
1.89746 
-0.694336 
0.748047 
-1.76563 
-1.37109 
0.220703 
-0.392578 
-0.931641 
-0.801758 
-1.4541 
-0.249023 
-0.665039 
-0.387695 
0.563477 
0.324219 
-1.37109 
0.379883 
-0.649414 
3.91895 
2.55176 
2.43848 
-1.04883 
-0.391602 
0.746094 
-0.847656 
-0.301758 
-0.296875 
0.899414 
-0.705078 
-1.4502 
-1.4541 
-0.500977 
-2.17188 
0.890625 
-1.4502 
0.0224609 
-1.28809 
1.57324 
-0.594727 
0.728516 
-1.4541 
-0.864258 
0.269531 
-0.380859 
-0.323242 
0.18457 
-1.51172 
-0.331055 
0.279297 
0.397461 
0.578125 
0.899414 
0.384766 
1.66797 
1.41016 
-1.77637 
1.12891 
-0.0898438 
-1.50977 
0.823242 
-0.233398 
1.86035 
0.439453 
1.5459 
0.0126953 
-0.732422 
0.431641 
-0.624023 
1.67676 
0.0 
2.41211 
-1.77637 
-0.401367 
0.792969 
-0.298828 
1.85938 
2.49219 
-0.230469 
0.177734 
0.761719 
-0.733398 
1.43848 
-1.54883 
1.71289 
-0.245117 
-0.294922 
2.6748 
0.283203 
-0.240234 
0.0126953 
1.97168 
-1.54883 
0.450195 
-0.931641 
1.0293 
-1.43945 
0.251953 
-1.77637 
-1.47363 
1.38477 
-0.633789 
-1.69727 
0.283203 
3.82813 
0.250977 
0.206055 
0.398438 
0.591797 
1.69629 
-0.0957031 
-0.634766 
-0.564453 
1.04492 
-1.76563 
1.64844 
1.33496 
1.34766 
1.32813 
-1.46289 
0.822266 
-1.76563 
-2.58105 
-0.244141 
0.336914 
-0.864258 
-0.365234 
-0.802734 
-0.59375 
-0.647461 
-0.34375 
-1.50977 
1.16797 
2.24219 
1.47949 
1.85938 
-0.393555 
0.432617 
-0.595703 
-2.58105 
-1.76563 
-0.146484 
-0.970703 
2.59961 
-0.638672 
0.15625 
0.158203 
-1.76563 
-0.216797 
-0.477539 
1.77051 
-0.236328 
0.605469 
0.578125 
0.575195 
1.44531 
1.53809 
-0.0429688 
-1.05176 
0.516602 
-1.4502 
1.27148 
0.253906 
-0.378906 
2.6416 
-1.46289 
1.37988 
1.41211 
-1.4541 
-0.704102 
-1.2998 
-0.169922 
-2.58105 
-0.847656 
-0.421875 
-1.51172 
-0.991211 
0.540039 
-0.261719 
1.28125 
-2.58105 
0.492188 
-1.4502 
-1.36816 
0.461914 
2.11914 
3.60938 
0.59668 
-0.847656 
-1.93359 
0.646484 
0.575195 
-0.605469 
1.18164 
-2.17188 
-1.76563 
1.31055 
1.84375 
-0.705078 
-0.847656 
-0.594727 
1.00098 
-0.564453 
1.59277 
0.0771484 
0.141602 
0.100586 
1.4248 
1.55078 
0.476563 
0.748047 
0.362305 
-1.37109 
0.930664 
0.68457 
1.11523 
0.813477 
0.900391 
2.07422 
-2.58105 
-0.791992 
0.473633 
-0.272461 
-1.31641 
-0.181641 
1.71973 
0.495117 
-1.37109 
0.439453 
-1.76563 
0.608398 
1.69629 
0.0205078 
0.167969 
1.49609 
-1.28809 
-2.58105 
0.972656 
0.139648 
2.31836 
0.893555 
-1.73633 
-1.11523 
-0.321289 
0.365234 
0.571289 
0.439453 
1.35059 
1.35449 
-0.566406 
0.713867 
1.0293 
-0.407227 
0.807617 
-2.17188 
1.38184 
-0.401367 
-1.46289 
-0.647461 
-0.730469 
0.540039 
-0.234375 
0.526367 
0.0361328 
1.35449 
-0.479492 
-2.58105 
-1.50977 
0.015625 
0.212891 
0.186523 
-1.04883 
1.40234 
0.266602 
1.1543 
0.833008 
-0.970703 
-1.76563 
-1.37109 
0.482422 
0.240234 
0.426758 
-1.43945 
1.73145 
-0.770508 
-2.58105 
-2.58105 
-1.04883 
-1.04883 
0.0263672 
3.53711 
-0.233398 
0.365234 
0.0830078 
-0.00292969 
0.638672 
2.62012 
0.171875 
-1.50977 
0.496094 
2.96387 
1.59473 
-1.36816 
-0.244141 
1.70605 
-1.00293 
-1.46289 
-1.71191 
-1.36816 
1.28516 
-0.393555 
-1.51172 
0.53125 
-0.165039 
0.839844 
-1.50977 
-0.81543 
2.18652 
0.360352 
-1.77637 
-0.989258 
-0.624023 
3.08594 
1.87695 
-0.847656 
0.379883 
-0.226563 
0.110352 
0.140625 
-2.58105 
1.12891 
0.832031 
0.436523 
0.875 
-0.158203 
-1.50977 
-1.93359 
1.48535 
-1.13965 
-0.430664 
3.03711 
-1.77637 
-1.44922 
-1.77637 
0.495117 
-0.665039 
-1.51172 
0.495117 
-0.240234 
1.16992 
-0.658203 
-0.165039 
1.75586 
-0.666992 
-0.168945 
-0.62793 
-0.0439453 
-0.523438 
0.831055 
0.696289 
-0.299805 
-0.0351563 
1.39648 
1.33203 
-1.04883 
1.56348 
1.82617 
1.4707 
-2.12109 
-1.46289 
3.55078 
-2.58105 
1.31543 
1.13281 
2.35547 
0.762695 
0.249023 
-0.234375 
0.110352 
0.650391 
1.25293 
1.64355 
-0.234375 
-0.233398 
-1.77637 
-1.37109 
-0.249023 
1.43457 
0.078125 
-0.335938 
-1.69727 
0.46875 
-2.58105 
-0.638672 
0.571289 
0.560547 
-1.28809 
-0.44043 
-0.991211 
0.186523 
-0.806641 
-0.645508 
0.507813 
-2.58105 
0.509766 
-1.04883 
-1.93359 
-1.10059 
1.60059 
-0.241211 
-0.892578 
-1.4541 
0.941406 
4.625 
-0.479492 
2.3418 
-1.4502 
-0.417969 
0.564453 
2.44922 
-1.2998 
0.374023 
-1.04492 
-2.17188 
-0.920898 
0.888672 
0.015625 
3.10938 
-0.0107422 
-1.46289 
2.37012 
1.72168 
1.31055 
0.423828 
1.00391 
0.203125 
-0.570313 
-0.847656 
1.00098 
-0.901367 
-1.04883 
2.14355 
-0.234375 
-0.384766 
-2.58105 
2.34473 
-1.5752 
1.13867 
0.75 
-0.455078 
-2.58105 
-1.37988 
0.241211 
-0.321289 
0.451172 
0.441406 
0.739258 
-1.69727 
-1.93359 
-0.705078 
0.259766 
3.54785 
0.0410156 
-0.732422 
-0.847656 
-1.76563 
-1.93359 
-0.384766 
-1.51172 
-0.552734 
0.0351563 
-1.12891 
0.756836 
-0.308594 
0.505859 
-0.625977 
0.18457 
0.467773 
0.40625 
0.730469 
-1.51172 
0.0527344 
0.433594 
-0.694336 
0.0292969 
-0.847656 
-1.93359 
-1.11816 
-0.691406 
0.371094 
0.126953 
0.209961 
-0.455078 
0.40332 
-1.76563 
2.49414 
0.360352 
-1.51172 
-0.759766 
-0.318359 
-1.2998 
1.97461 
-2.58105 
0.772461 
1.8252 
0.251953 
-1.4541 
-0.881836 
2.03223 
-0.200195 
-0.705078 
-1.43945 
-0.401367 
-0.720703 
0.432617 
-0.3125 
-0.633789 
2.18555 
1.22168 
-0.03125 
-2.58105 
-1.43945 
-0.604492 
0.0302734 
2.61719 
0.0078125 
2.5127 
-0.3125 
-1.51172 
-0.991211 
-0.382813 
1.93848 
-2.58105 
0.206055 
-2.58105 
-0.566406 
2.46484 
1.50684 
-2.58105 
0.662109 
0.651367 
-1.4502 
0.607422 
2.88965 
0.521484 
-1.44922 
1.97168 
-2.58105 
-0.310547 
1.57813 
-0.649414 
-0.806641 
0.766602 
-0.391602 
0.178711 
-1.76563 
1.25488 
-0.407227 
0.425781 
-1.77637 
-1.76563 
0.410156 
-0.172852 
0.420898 
0.259766 
-1.4541 
1.15918 
1.14355 
1.12793 
0.555664 
0.693359 
0.18457 
0.212891 
-1.50977 
1.19238 
0.0263672 
0.5625 
0.916016 
1.20215 
-0.165039 
1.66797 
1.28516 
-1.4502 
-1.37109 
1.43652 
0.408203 
-2.58105 
1.00293 
2.61816 
0.392578 
-0.236328 
-1.10059 
-1.76563 
0.683594 
-2.58105 
1.64063 
1.82617 
-0.455078 
0.771484 
1.12891 
1.12207 
-0.594727 
0.00195313 
3.12109 
0.432617 
-0.323242 
1.52832 
-1.05176 
-0.37793 
-0.704102 
-0.81543 
1.40723 
1.70508 
-2.58105 
0.634766 
-0.634766 
-0.791992 
0.183594 
0.710938 
-1.46289 
-0.535156 
1.66406 
1.79492 
0.327148 
-1.37109 
-1.76563 
-0.00292969 
2.1543 
-0.430664 
-0.441406 
1.04785 
0.447266 
0.251953 
-1.77637 
-0.664063 
0.926758 
-0.167969 
-0.496094 
-0.694336 
-2.17188 
-0.523438 
0.147461 
-0.00292969 
-0.164063 
-1.10254 
3.82129 
1.31348 
-1.54883 
-0.479492 
-0.864258 
-0.704102 
1.68945 
-0.301758 
0.189453 
-0.625977 
1.24609 
-1.73633 
2.63281 
-0.181641 
1.44629 
-1.50977 
1.78223 
-0.296875 
3.61719 
-1.4541 
-0.791992 
0.384766 
-1.52441 
-1.04492 
-1.10254 
-0.166992 
2.26855 
0.830078 
1.56348 
0.337891 
0.353516 
0.439453 
-1.73633 
2.07031 
-1.2998 
0.28418 
0.874023 
-0.705078 
-1.37988 
-1.69727 
1.56055 
-1.73633 
1.90332 
-0.433594 
0.581055 
-0.430664 
0.957031 
-2.58105 
-1.51172 
0.657227 
0.197266 
-1.69727 
-0.298828 
-0.296875 
2.53809 
0.649414 
-0.167969 
-0.649414 
0.979492 
1.25195 
1.35059 
0.353516 
-0.323242 
-1.04102 
-0.25293 
-1.36816 
0.324219 
-0.847656 
-0.647461 
0.479492 
-1.44922 
0.515625 
0.100586 
-1.37988 
-1.51172 
0.0126953 
0.229492 
-2.58105 
-0.237305 
-1.4502 
-2.17188 
0.516602 
0.135742 
1.51563 
-0.892578 
1.21875 
1.30176 
0.400391 
2.34277 
0.46582 
0.425781 
0.135742 
-1.50977 
1.22852 
-0.563477 
-1.16602 
0.782227 
-0.691406 
-1.51172 
-1.77637 
-0.881836 
2.4082 
-0.666992 
-1.76563 
-0.961914 
-0.847656 
-0.624023 
-0.00292969 
2.03613 
0.955078 
0.807617 
1.54199 
-0.634766 
-1.44922 
1.2041 
-0.267578 
-1.93359 
-1.46289 
-0.801758 
0.447266 
0.941406 
0.365234 
-2.58105 
-2.58105 
1.40234 
2.77148 
-0.639648 
-0.694336 
2.99707 
-1.76563 
-2.58105 
-0.625977 
-2.58105 
-1.11816 
-0.28418 
-0.847656 
-0.931641 
-2.58105 
0.758789 
-0.393555 
-0.639648 
1.32324 
0.896484 
1.4248 
-0.664063 
1.31152 
0.582031 
-0.200195 
1.62402 
1.43555 
0.249023 
0.739258 
0.513672 
-0.310547 
0.905273 
3.67773 
-0.391602 
-1.11816 
-0.638672 
-0.665039 
-0.638672 
2.1416 
-0.847656 
1.46582 
0.28418 
-2.58105 
2.59277 
1.75586 
-1.93359 
-0.645508 
0.277344 
-0.579102 
-0.455078 
0.283203 
0.112305 
0.571289 
-1.77637 
0.677734 
-0.323242 
-0.239258 
-1.4502 
0.40332 
-1.04492 
-1.51172 
2.05762 
-0.310547 
-1.77637 
-2.58105 
1.2373 
-1.76563 
-1.51172 
-0.989258 
0.817383 
0.753906 
0.574219 
-0.634766 
-0.801758 
-0.802734 
-0.634766 
-0.200195 
-1.0498 
-0.443359 
-0.81543 
4.19922 
-0.991211 
2.7373 
0.361328 
0.571289 
1.51563 
-2.58105 
0.725586 
1.66699 
-0.379883 
0.183594 
-0.633789 
0.385742 
0.760742 
-1.37109 
-0.393555 
1.21387 
-0.595703 
-1.30566 
-2.58105 
0.341797 
-1.2373 
1.10742 
-1.54883 
1.06836 
-0.331055 
2.07422 
-0.248047 
-1.54883 
0.0283203 
3.58398 
-2.58105 
-0.625977 
-0.487305 
1.56348 
0.509766 
0.358398 
0.882813 
0.646484 
1.13965 
0.899414 
-2.17188 
0.0693359 
1.28125 
1.50098 
-2.58105 
-0.496094 
-2.58105 
0.0126953 
1.56445 
-1.4541 
-2.58105 
0.293945 
-0.407227 
2.08594 
-1.4502 
-0.979492 
-0.484375 
-1.46289 
0.283203 
1.9502 
0.433594 
2.10059 
-0.920898 
0.494141 
0.630859 
-1.76563 
-1.32715 
-1.50977 
0.857422 
1.81641 
-0.566406 
0.760742 
0.521484 
-0.732422 
-1.51172 
-0.455078 
-0.505859 
-0.645508 
1.2666 
-0.229492 
0.431641 
0.495117 
-2.58105 
1.19824 
-0.200195 
-1.37988 
0.535156 
0.0878906 
-1.08887 
-1.04004 
-0.495117 
-0.53125 
-0.165039 
-2.58105 
-0.555664 
1.06836 
-0.484375 
1.56445 
-1.73633 
-1.10254 
0.568359 
-0.864258 
0.461914 
-0.365234 
0.00195313 
-1.93359 
-0.647461 
2.37109 
-0.393555 
-1.50977 
0.0136719 
-0.847656 
1.49121 
1.13867 
1.00098 
0.979492 
0.650391 
-0.666992 
1.7998 
-1.08887 
0.229492 
2.91309 
-1.36816 
-1.76563 
0.433594 
-0.927734 
-0.433594 
2.76855 
1.74512 
0.831055 
0.151367 
-2.58105 
1.41699 
-0.378906 
0.179688 
-0.417969 
-1.4502 
3.88672 
0.822266 
-0.510742 
-0.0986328 
-0.645508 
0.207031 
-1.37109 
0.0859375 
-0.272461 
0.816406 
0.353516 
0.365234 
-1.69727 
-0.624023 
-1.4541 
-1.43945 
-1.4541 
-1.04492 
-0.791992 
-0.233398 
-0.505859 
-0.535156 
-0.658203 
1.63184 
0.209961 
-1.77637 
1.68066 
0.899414 
-1.32715 
-0.374023 
-0.720703 
-1.36816 
-1.37109 
-1.37988 
-1.4541 
0.578125 
1.50684 
-0.393555 
-0.255859 
-1.46289 
-1.04102 
0.708984 
-2.58105 
0.769531 
-0.847656 
-1.50977 
-1.46289 
2.1709 
0.68457 
-1.44922 
-1.76563 
2.41992 
0.62793 
1.32227 
-0.638672 
0.682617 
0.685547 
0.5 
2.34375 
1.77734 
-0.575195 
0.796875 
-0.555664 
-1.4541 
-0.25293 
0.913086 
-1.37988 
-0.0703125 
-1.93359 
-0.920898 
1.43164 
0.510742 
2.10938 
0.0283203 
-1.08887 
0.521484 
1.78516 
0.078125 
-0.168945 
1.5498 
0.233398 
-1.36816 
0.950195 
-0.44043 
-1.76563 
0.251953 
-0.0869141 
-0.664063 
-1.54883 
0.109375 
-0.384766 
-1.05371 
-1.77637 
-0.146484 
-1.37988 
-1.37988 
-0.633789 
0.0771484 
-2.58105 
-1.04883 
0.167969 
0.87793 
-1.04102 
-1.51172 
-1.12891 
3.31348 
1.54492 
-0.806641 
1.0127 
-1.77637 
-1.51172 
-0.759766 
3.06543 
1.0127 
-0.484375 
0.266602 
0.439453 
-0.864258 
-0.25293 
0.46875 
-1.73633 
0.0878906 
1.13184 
-0.455078 
1.41992 
-1.03027 
-0.200195 
0.930664 
0.5 
0.518555 
1.28516 
0.189453 
2.12109 
0.368164 
0.62207 
0.991211 
-0.631836 
1.39746 
1.21094 
-0.801758 
0.150391 
0.46875 
1.27148 
2.02734 
-1.76563 
-0.639648 
-1.51172 
-1.4502 
1.19629 
0.682617 
0.0693359 
0.232422 
-0.0439453 
-0.495117 
0.481445 
0.898438 
0.842773 
0.0224609 
1.38477 
0.682617 
3.85254 
-2.58105 
0.236328 
-0.931641 
1.43652 
1.72559 
-1.44922 
0.569336 
-1.4541 
-0.417969 
0.365234 
0.882813 
1.32617 
0.978516 
-0.927734 
-0.960938 
0.833008 
3.7832 
-1.37988 
-0.146484 
-0.631836 
-2.58105 
0.232422 
-0.960938 
0.0136719 
-0.631836 
0.542969 
0.645508 
1.87988 
-1.69727 
-0.365234 
-0.233398 
-1.77637 
2.01465 
1.59473 
-0.234375 
-0.378906 
-0.00292969 
2.38965 
2.69531 
-0.994141 
-1.77637 
0.116211 
-0.167969 
-0.397461 
0.796875 
-2.17188 
0.320313 
-2.58105 
-0.44043 
-0.970703 
-0.401367 
1.10059 
2.62305 
-0.503906 
-1.93359 
-2.58105 
2.9375 
2.30078 
-1.4502 
3.21387 
-1.12891 
-1.52441 
-0.631836 
-0.535156 
2.07227 
0.439453 
0.972656 
-0.958984 
-0.00292969 
-0.347656 
0.461914 
2.63477 
0.748047 
0.239258 
0.40332 
-1.04883 
0.802734 
0.490234 
-0.0859375 
-0.107422 
-2.58105 
-1.50977 
-0.618164 
1.14258 
0.0292969 
0.904297 
-0.393555 
-0.802734 
-2.58105 
-2.58105 
0.198242 
0.701172 
1.09375 
-1.4541 
-1.93359 
1.86035 
-1.50977 
-0.171875 
-0.421875 
-0.244141 
-0.0986328 
0.770508 
-0.00292969 
0.0830078 
-0.308594 
-0.806641 
1.55762 
-0.566406 
0.569336 
-0.991211 
-1.08887 
0.353516 
-0.645508 
0.0195313 
0.110352 
0.341797 
0.56543 
-0.847656 
-1.50977 
-1.44922 
-0.416992 
-0.575195 
1.75781 
-1.04883 
-1.11816 
0.901367 
-1.04883 
3.07422 
-0.416016 
0.492188 
0.873047 
0.900391 
-0.920898 
1.80176 
-1.36816 
0.518555 
0.195313 
-2.58105 
0.821289 
1.14551 
-0.618164 
2.05762 
0.0146484 
-0.233398 
-1.12891 
-1.76563 
0.0917969 
2.81836 
-2.58105 
-0.665039 
0.80957 
1.01172 
0.581055 
0.509766 
0.0800781 
0.46582 
-0.166992 
0.621094 
0.425781 
2.46582 
0.0146484 
-1.5752 
-0.658203 
1.44531 
-1.4502 
0.180664 
0.15625 
