1.18066 
-3.50098 
-2.12695 
2.80566 
0.109375 
-6.73926 
4.71777 
1.94629 
1.41797 
0.439453 
-1.22559 
-0.103516 
-0.650391 
4.84277 
-0.976563 
-1.91309 
2.9375 
-0.491211 
-5.13965 
0.135742 
-1.69043 
4.98242 
-1.07422 
4.90137 
-3.76758 
-1.70996 
-1.92969 
2.04297 
3.05859 
-2.44238 
1.73145 
1.00684 
-4.23047 
-7.35449 
1.74609 
-1.02539 
-2.43652 
-6.85352 
4.07031 
-1.49609 
0.704102 
-0.130859 
3.14941 
-2.50586 
-1.83594 
-2.56738 
1.86816 
2.35449 
-1.46875 
0.0576172 
-0.19043 
2.25781 
4.19531 
-4.91211 
1.10547 
-6.20996 
-6.07422 
4.59668 
2.91211 
4.97363 
2.24805 
1.90918 
-2.54785 
5.82031 
-0.352539 
2.82422 
1.78418 
-6.98047 
2.49805 
-7.35449 
0.433594 
3.20313 
0.688477 
0.192383 
-1.62012 
2.2207 
-1.50879 
0.223633 
2.29297 
1.02832 
2.13867 
-5.66113 
0.890625 
3.79297 
3.73535 
-6.41406 
1.49023 
-5.3418 
-0.842773 
1.93652 
-3.36426 
-2.83301 
-7.58398 
-6.63281 
-0.930664 
4.22949 
2.02539 
1.29688 
2.0752 
-1.11719 
2.64844 
4.88281 
-5.6582 
-5.14844 
3.07227 
0.825195 
4.11719 
1.03809 
-2.24512 
-4.56836 
-4.28125 
4.50879 
-1.47852 
2.3291 
3.22168 
-3.00781 
-2.13867 
1.60547 
1.51172 
-2.05859 
-0.232422 
-4.2041 
3.37598 
2.2373 
2.78027 
-4.1416 
0.62793 
1.65723 
6.03809 
3.2793 
-4.29785 
5.16504 
0.8125 
-3.78711 
-6.66113 
-5.39258 
3.59668 
-2.98242 
4.65039 
-3.10059 
0.389648 
-3.34375 
-1.23145 
-5.7666 
-3.46973 
-1.68066 
3.38867 
2.80469 
-4.16211 
1.5166 
-3.7998 
2.28418 
-7.24609 
2.58398 
-0.620117 
-6.19434 
2.06543 
-4.43066 
0.387695 
-6.58984 
-3.68457 
-4.16797 
2.95313 
-2.37207 
0.316406 
-0.958984 
-6.96777 
-6.13184 
-0.369141 
-0.516602 
-3.12598 
2.86816 
-1.97754 
-3.34766 
-1.51172 
-0.273438 
0.177734 
2.26172 
1.94531 
-3.0127 
2.33594 
-4.34961 
2.83203 
2.71289 
-1.19922 
-0.0214844 
-0.541016 
1.09668 
-6.58984 
-3.50781 
1.99902 
0.892578 
-1.4375 
3.54297 
-1.74512 
1.40234 
-1.875 
1.87207 
-0.838867 
1.00195 
2.27832 
-5.4248 
0.175781 
1.46777 
-1.83105 
2.2207 
2.42969 
-5.0 
-1.08008 
2.55957 
-0.801758 
-0.0224609 
-0.186523 
0.538086 
-5.16797 
2.57813 
5.41602 
0.191406 
4.43262 
1.69141 
0.479492 
-2.92773 
-6.0957 
-0.161133 
1.50977 
-0.735352 
0.404297 
4.63867 
4.34375 
-4.53027 
2.44336 
3.37695 
0.828125 
-0.882813 
-3.95996 
0.699219 
0.489258 
0.24707 
1.0332 
1.0498 
0.158203 
0.603516 
4.71289 
1.67969 
-0.757813 
4.26563 
0.821289 
4.96875 
-7.58398 
2.62891 
-1.82129 
4.4668 
-3.50195 
-4.18262 
1.05859 
2.18555 
1.53613 
4.16797 
-5.02148 
4.55371 
1.3457 
0.563477 
-0.0791016 
1.625 
2.33887 
3.4375 
-8.08496 
-0.137695 
1.43457 
4.13184 
-4.79785 
1.8291 
-3.25098 
-5.7666 
2.77734 
3.85352 
1.71973 
1.23828 
-5.08008 
-2.7959 
-6.05371 
6.17188 
1.56934 
-4.23242 
3.15625 
-6.04395 
-0.298828 
1.42188 
1.49707 
1.07324 
-2.97949 
1.48633 
-5.78027 
0.561523 
0.192383 
-1.54102 
2.01367 
-0.0869141 
3.36719 
-1.59668 
-0.442383 
2.47852 
-2.49414 
-5.29492 
4.52051 
-1.30469 
-2.40625 
1.2998 
2.44434 
-2.76855 
2.79395 
-4.39941 
-1.27539 
-3.50684 
-0.129883 
-4.04102 
-4.44922 
-6.3252 
-2.24707 
-1.62402 
-0.358398 
-2.28613 
0.745117 
-4.89941 
2.52148 
-0.0957031 
-1.37891 
-6.66113 
-3.1416 
3.46582 
2.69043 
2.37793 
-6.0957 
1.11133 
2.05957 
0.630859 
-2.0166 
2.97754 
-1.5332 
2.75098 
1.61719 
-1.35254 
-2.93164 
1.47656 
-3.88965 
1.5498 
-1.22754 
1.68262 
1.06738 
-2.49902 
4.0957 
-6.01563 
-2.49219 
0.245117 
-1.15723 
-3.13281 
2.83496 
-5.7666 
-3.44824 
4.87695 
2.59277 
-3.34082 
1.94629 
4.96191 
3.73047 
-1.99805 
-5.37207 
5.02148 
2.08203 
1.38867 
-0.0458984 
-2.18262 
-0.618164 
-0.87793 
4.70996 
-4.23047 
-0.206055 
1.33203 
-0.636719 
2.28906 
-4.56445 
-4.19141 
-0.492188 
1.7041 
3.91406 
1.62207 
-0.477539 
-6.63281 
3.85645 
3.28516 
1.34473 
2.32422 
0.0771484 
-6.66113 
1.48438 
-5.05176 
2.2959 
1.83203 
-4.875 
-1.45703 
-0.720703 
-0.0771484 
-2.2207 
0.31543 
1.29883 
-5.66113 
-0.0166016 
1.48633 
-5.17969 
-1.0293 
-3.60254 
2.09473 
2.72656 
-3.90137 
0.669922 
-2.8418 
-5.16406 
-3.18555 
-3.2373 
-4.18262 
-6.73926 
-3.69629 
-2.20898 
3.32324 
-3.12891 
-4.3916 
4.43457 
3.70313 
5.57617 
-0.94043 
3.57813 
-3.67969 
-1.22852 
-0.755859 
-4.62207 
-0.811523 
5.2373 
2.4082 
-3.49805 
-0.863281 
-3.49805 
3.94434 
-0.194336 
-0.49707 
-0.469727 
-4.20117 
0.0566406 
-0.444336 
-2.22949 
1.03809 
2.76465 
3.53516 
0.228516 
-1.92969 
0.830078 
3.00781 
2.85645 
-5.82715 
-4.17383 
1.9707 
1.84668 
0.277344 
2.93164 
0.164063 
-5.2002 
-5.36426 
-2.90039 
-2.61816 
0.209961 
1.3877 
0.80957 
0.386719 
-3.63867 
0.569336 
4.35352 
3.03613 
2.53809 
-2.38086 
2.15723 
5.28711 
-2.29395 
0.0507813 
-4.56445 
-4.50488 
0.207031 
1.05762 
-2.11719 
4.34375 
-0.575195 
2.91797 
-4.02344 
2.01855 
-5.77637 
-8.08496 
-2.57422 
3.93457 
-1.32324 
-1.24805 
-1.06738 
0.734375 
-3.60254 
-2.38867 
-2.53516 
-2.76758 
-4.20117 
-1.04102 
6.05078 
1.625 
-1.29492 
3.0957 
-0.496094 
3.31641 
-1.46191 
0.625977 
2.97168 
1.91504 
4.13867 
-4.75293 
-6.05371 
4.04004 
-0.0771484 
-0.129883 
-2.69238 
3.00293 
-2.56934 
-5.00684 
3.49512 
2.32324 
-5.5166 
-2.41113 
-2.30176 
-3.66504 
-2.73242 
-0.864258 
-1.46289 
3.81836 
5.08594 
3.54395 
2.59473 
-5.36426 
3.82422 
1.33398 
2.29004 
-3.0 
3.22363 
1.38965 
3.10742 
-3.86133 
0.0820313 
-5.36426 
4.55371 
-3.24023 
-4.65723 
-3.35449 
1.96973 
1.36426 
-6.71289 
4.00879 
-3.47363 
0.987305 
3.24609 
-0.365234 
0.730469 
1.65723 
0.829102 
-4.79395 
4.89941 
4.78906 
-0.482422 
-3.00977 
-4.15137 
-2.72949 
3.27832 
1.45605 
1.43457 
3.8125 
-0.583984 
0.705078 
0.697266 
-3.97266 
5.07129 
4.33594 
-4.65723 
-4.02344 
-1.2002 
4.62012 
-1.71289 
-2.12305 
-1.20898 
-1.09668 
3.78613 
-1.88477 
0.800781 
2.11328 
-1.63184 
-3.1543 
-0.733398 
0.318359 
1.16895 
-3.54395 
5.57715 
-0.93457 
3.21191 
4.29199 
0.248047 
0.334961 
2.74805 
-7.58398 
-5.13379 
2.19629 
-0.382813 
3.17871 
2.94141 
-1.68652 
0.0683594 
2.54297 
-1.20605 
-0.549805 
-3.83301 
-1.28613 
3.09668 
-1.02637 
5.9541 
2.20508 
2.97461 
3.03613 
1.28906 
3.35449 
-0.40332 
-2.7334 
-4.3916 
3.06836 
-0.620117 
4.62988 
1.88672 
-3.3916 
-1.50488 
-7.35449 
-0.963867 
-6.2373 
1.8457 
1.80957 
0.866211 
2.44629 
3.03125 
1.07422 
-3.9209 
-3.94824 
-2.16016 
-4.87012 
-5.82227 
-2.23242 
-5.51563 
-5.66797 
2.99219 
0.0380859 
-1.20117 
-6.5752 
3.15137 
0.94043 
3.01563 
0.908203 
-5.77734 
0.0185547 
-0.652344 
-1.25 
-6.3916 
3.84863 
1.04199 
3.2998 
-5.47461 
2.93945 
2.51367 
3.78906 
-5.00879 
4.81641 
2.70215 
-3.30566 
3.24414 
1.76172 
3.49512 
1.58301 
5.45313 
2.8623 
1.67871 
1.45117 
2.23633 
1.09473 
3.51855 
-1.56055 
1.82324 
-0.53418 
-6.09082 
4.62988 
-4.19922 
-2.25781 
2.54004 
4.30371 
3.65625 
-6.66113 
5.55664 
-4.18164 
1.71289 
-2.73828 
2.9043 
-1.92578 
-6.61035 
-3.18457 
1.65527 
-1.89746 
2.0127 
2.14648 
1.79883 
-3.64453 
-2.39355 
1.61426 
2.18066 
0.178711 
3.1377 
-2.10254 
0.847656 
2.39746 
-0.106445 
4.42969 
5.55762 
5.28809 
0.133789 
0.78418 
-4.53418 
-1.30957 
6.25 
1.84766 
-5.56055 
-1.86914 
2.38184 
-0.921875 
3.56445 
2.3252 
1.00488 
-0.133789 
0.616211 
0.847656 
1.1416 
-4.01953 
1.82422 
-7.35449 
-3.25488 
-1.30664 
1.85645 
-7.35449 
1.13086 
-3.92285 
2.27832 
0.430664 
-0.232422 
-2.05566 
0.450195 
-2.70898 
1.55273 
-3.03027 
2.80176 
0.364258 
3.48828 
5.38281 
-0.242188 
5.18457 
2.94043 
-3.96094 
0.643555 
3.39941 
2.51953 
0.975586 
3.17383 
2.32422 
0.827148 
4.1875 
0.431641 
-5.54883 
0.0400391 
-5.97559 
-1.99707 
-1.32617 
-5.73828 
-4.63379 
-3.00781 
4.74609 
0.655273 
0.37207 
-1.22852 
2.33105 
1.25488 
-5.0 
2.86328 
0.795898 
-0.34082 
-0.0732422 
1.72949 
2.6582 
-4.63379 
3.65039 
2.32324 
0.0566406 
-8.08496 
-4.2666 
2.38867 
-2.85449 
-3.69336 
1.81543 
1.16895 
-0.875 
0.749023 
1.56445 
1.04102 
-3.22461 
0.944336 
-1.06738 
-0.4375 
-4.67871 
0.0478516 
1.05469 
1.57031 
0.458008 
6.56445 
1.45605 
3.87988 
0.389648 
-3.42188 
4.5166 
1.98828 
-0.34082 
0.863281 
3.47266 
3.66895 
-6.23926 
3.21973 
1.92773 
0.200195 
2.0498 
1.85156 
-4.63379 
3.68066 
-3.49805 
-4.13379 
4.83105 
1.04102 
1.00195 
-1.97949 
-5.62695 
-3.50781 
0.0175781 
-0.883789 
-2.24609 
1.21973 
-6.63281 
0.982422 
0.394531 
2.7041 
-2.83594 
-5.23535 
4.83984 
-1.38965 
4.17578 
-3.06543 
-3.61133 
2.83984 
-3.50684 
3.46875 
4.87109 
-4.72754 
1.49219 
2.2832 
-1.58789 
2.30664 
-1.57324 
3.69922 
0.101563 
-1.00977 
3.91113 
-0.282227 
3.96191 
6.31348 
1.39746 
-0.776367 
-2.52832 
-0.291992 
-1.0293 
-4.2041 
3.29688 
-2.19824 
-4.15625 
-1.47168 
-0.546875 
1.98828 
-2.65625 
-7.35449 
-8.08496 
-0.738281 
2.99902 
-5.68359 
4.33691 
-0.144531 
1.67773 
-1.35742 
2.50195 
-6.85352 
-3.88184 
-0.630859 
-2.16309 
-6.5752 
1.51172 
4.16016 
-0.426758 
-5.48535 
0.801758 
-4.08301 
-6.5752 
-2.03711 
-0.104492 
-0.0957031 
0.666016 
4.73047 
0.974609 
1.65332 
2.60156 
2.0918 
-4.25195 
-3.22852 
0.881836 
3.02539 
-5.41309 
2.19043 
-4.95215 
-1.41699 
2.99316 
3.57227 
-1.66602 
-2.3623 
-2.10449 
-6.3916 
-2.0166 
1.55469 
0.987305 
-3.87109 
4.19727 
3.9043 
-3.48926 
1.91504 
-4.39746 
0.912109 
5.20215 
-6.50977 
-4.59961 
-0.0283203 
2.04688 
-4.33301 
-5.89648 
2.11816 
3.05566 
3.02344 
0.774414 
2.93164 
3.40332 
3.79492 
-2.9502 
0.703125 
-1.99414 
4.43848 
-1.74902 
-4.62988 
3.60254 
4.03809 
-0.195313 
-0.282227 
-1.22559 
1.28613 
1.07031 
-2.33789 
3.46387 
-0.667969 
0.520508 
-0.224609 
-0.383789 
2.96582 
3.44922 
-1.57324 
3.54785 
-2.9248 
6.02148 
-5.16406 
5.16504 
-5.49902 
-5.20117 
-2.85254 
-0.336914 
-1.20996 
2.92578 
4.51953 
2.92969 
-1.70898 
-2.5625 
-6.63281 
0.34668 
0.944336 
1.59863 
0.279297 
1.31934 
1.52637 
-3.55273 
-6.05371 
-2.6582 
1.99805 
2.2959 
-3.00879 
3.33984 
2.6084 
-2.92285 
1.5752 
-5.58496 
-4.41504 
3.85059 
3.36426 
-1.33691 
2.05566 
3.16797 
1.41309 
-1.39258 
1.79395 
1.0918 
-1.05859 
4.45801 
-4.72949 
-0.106445 
-0.259766 
0.748047 
9.02539 
-6.73926 
-2.77832 
0.197266 
1.52832 
1.62207 
1.04688 
5.52832 
-4.56445 
-3.75586 
-1.20703 
1.69531 
2.96289 
1.71777 
1.10742 
0.602539 
4.71777 
1.22949 
-5.31445 
0.234375 
1.38379 
0.931641 
-5.2793 
-4.65723 
0.321289 
5.3623 
-0.826172 
-1.74023 
1.85938 
-1.04492 
0.521484 
4.94824 
-1.69238 
2.86426 
2.03125 
4.25586 
0.956055 
2.44629 
-7.24609 
-3.23242 
3.23926 
-1.74609 
0.693359 
5.02148 
1.27441 
2.9834 
-0.53125 
3.83789 
-5.4248 
-0.416992 
2.74512 
1.18262 
6.54395 
-5.62207 
-3.44824 
0.758789 
1.99805 
3.41113 
0.819336 
-1.96289 
2.89453 
-0.552734 
-0.592773 
1.86133 
2.83691 
0.143555 
1.14648 
-0.669922 
1.35352 
-1.0459 
2.67676 
2.80957 
3.26465 
0.806641 
-4.35645 
3.26074 
-3.05566 
-3.60059 
-1.20898 
0.242188 
-4.33301 
-2.16406 
-1.24707 
-1.1709 
-1.43262 
-3.85742 
3.56445 
4.93555 
-1.83105 
-1.05664 
5.07422 
0.0957031 
-1.20605 
-0.232422 
-6.2373 
-6.74512 
-1.81152 
-6.66113 
0.0419922 
2.37012 
-4.00879 
-5.36426 
-4.53613 
0.536133 
2.51367 
-4.69434 
-1.84375 
-2.08984 
-0.365234 
5.60449 
-1.00781 
2.54883 
1.63965 
-5.4209 
-3.40234 
3.1416 
1.67578 
2.77734 
6.03613 
3.86719 
2.2002 
2.71973 
2.50684 
-0.567383 
-0.332031 
-2.51953 
-5.13477 
1.07129 
-0.0078125 
-3.85449 
-3.2832 
-3.83789 
2.33594 
4.02441 
3.28223 
-6.17578 
2.86426 
-0.198242 
-3.42676 
0.591797 
-1.70703 
4.1748 
-3.18164 
0.0830078 
2.37109 
-0.197266 
1.41406 
-4.23047 
1.4375 
-5.01563 
3.3252 
2.57813 
3.03027 
-0.925781 
4.36328 
0.644531 
3.8457 
2.03711 
-0.0400391 
1.12695 
4.15625 
-1.39551 
-0.805664 
1.12402 
-1.21582 
-3.7207 
3.66113 
-1.10742 
-5.39258 
-2.56738 
-5.7666 
-3.25879 
1.74023 
-2.91211 
3.28223 
3.78906 
5.0625 
3.1709 
4.71191 
1.93848 
-4.67969 
-2.1875 
-1.62891 
-3.03027 
-4.72461 
-5.97461 
2.4873 
1.29785 
3.30762 
0.929688 
0.81543 
-3.00684 
1.20996 
-5.17969 
-2.3623 
-4.91895 
1.32129 
-4.66406 
-0.19043 
-6.49707 
0.854492 
1.39648 
0.355469 
2.07715 
2.53125 
1.03809 
5.5332 
-1.93359 
0.360352 
2.14844 
0.950195 
-5.42578 
-1.48633 
1.59473 
0.113281 
-2.15723 
1.13477 
4.47363 
4.86035 
0.772461 
1.5957 
-0.769531 
-4.27441 
-1.41699 
-3.3623 
4.25879 
-0.825195 
2.24902 
-2.85254 
-4.30566 
-1.3252 
3.51563 
-5.42969 
-2.24805 
1.83691 
0.619141 
-4.33301 
-5.58496 
-3.24414 
1.39844 
2.22168 
0.671875 
2.46582 
1.87109 
2.06152 
-1.43359 
-8.08496 
-0.371094 
3.71191 
2.5918 
2.3916 
-0.545898 
3.87695 
1.66504 
-1.5127 
0.188477 
0.764648 
0.460938 
2.7041 
1.05469 
-0.958984 
-3.2334 
-1.1748 
-1.44141 
0.201172 
6.28516 
0.908203 
-0.609375 
1.76465 
0.435547 
-0.191406 
-4.6123 
-3.49805 
-4.74512 
-4.28125 
3.09766 
-4.33594 
-1.02344 
-0.699219 
2.375 
-0.740234 
2.13574 
2.8916 
-0.59668 
-0.708008 
4.37891 
0.267578 
0.157227 
-1.19043 
-2.91016 
-3.91504 
0.619141 
3.88574 
-3.2334 
-0.0185547 
-0.865234 
-0.975586 
-7.35449 
-1.86914 
-2.19434 
4.15039 
-0.373047 
-8.08496 
-2.34766 
-1.89355 
-1.67285 
2.89453 
-4.93164 
-0.74707 
3.93359 
-1.25781 
5.99609 
2.09766 
4.7793 
-0.919922 
1.65137 
1.53711 
-4.23242 
-1.75781 
2.59766 
-0.0917969 
3.48535 
2.24219 
-6.02051 
1.39941 
-5.08203 
1.9375 
2.82617 
3.80762 
2.98047 
2.11523 
-3.92188 
-5.26563 
-3.38086 
2.85449 
2.99805 
5.81152 
1.875 
-2.72168 
-0.147461 
2.66309 
3.44824 
1.25586 
6.18848 
-1.19922 
1.90137 
-3.04004 
-4.33594 
-1.94922 
-2.32129 
-3.96094 
2.9834 
3.0498 
-6.05371 
0.635742 
-1.49609 
-2.83105 
-0.43457 
-4.19043 
1.53711 
0.918945 
-1.13379 
1.07324 
-3.58887 
-6.66113 
-0.0302734 
1.74512 
-4.50488 
0.494141 
1.65137 
-4.44922 
-3.23047 
1.28711 
1.65918 
-0.0712891 
3.55859 
-5.97656 
-3.66113 
2.33594 
6.69043 
-7.32031 
-3.49805 
-5.36426 
4.50293 
-3.90234 
3.62207 
4.98145 
-1.83789 
2.95605 
3.51953 
-2.52832 
0.771484 
2.52637 
-2.92383 
-2.28516 
5.11035 
1.5918 
-1.74902 
0.238281 
3.37402 
-2.18359 
-0.0595703 
2.90918 
-5.66113 
3.89258 
4.00781 
-0.716797 
0.202148 
-5.27246 
-0.373047 
5.74121 
-2.7334 
-6.96777 
1.48633 
3.95313 
-0.345703 
4.06836 
-2.07422 
0.591797 
-3.94043 
1.2832 
-0.104492 
-0.443359 
1.28223 
-1.62598 
2.31543 
-2.81836 
3.50977 
-1.49707 
-0.383789 
2.00098 
0.00390625 
3.53711 
3.70508 
2.28906 
-2.7832 
-2.08887 
2.56152 
-3.2334 
-4.58203 
-4.60645 
1.56543 
1.2959 
-0.523438 
1.86914 
-0.4375 
1.81738 
1.11133 
0.577148 
4.91406 
-0.197266 
-4.50977 
0.25 
5.06348 
-1.49707 
5.69727 
-5.44043 
-0.632813 
-5.08008 
3.91602 
-5.73242 
0.0810547 
-3.23047 
-1.39551 
1.98633 
-3.16797 
-1.26367 
-3.22852 
-2.17969 
0.71875 
1.81348 
-5.84473 
3.60352 
1.12402 
1.61523 
-3.42578 
5.71484 
-3.34277 
4.40723 
3.39844 
2.57227 
-0.134766 
-0.395508 
-1.30371 
3.34863 
0.310547 
1.87598 
-4.00488 
-4.44922 
2.43652 
-5.86133 
0.939453 
-8.08496 
-5.47461 
6.12012 
-2.09766 
-0.449219 
-1.10938 
-4.84277 
1.04883 
-3.81836 
4.39941 
-4.9707 
1.34766 
-3.03809 
1.9541 
-2.62598 
2.70996 
2.25879 
-1.83594 
0.0888672 
4.27051 
-2.25488 
2.66797 
-2.23926 
1.24512 
4.27637 
-5.31445 
2.91406 
1.63379 
-0.844727 
2.4375 
-3.82715 
-0.922852 
-6.49707 
2.26855 
0.636719 
0.991211 
2.64551 
-3.64355 
-1.10059 
0.72168 
0.0712891 
1.31152 
-5.47461 
-3.42676 
0.71875 
2.61621 
3.17383 
0.328125 
-2.07227 
1.62988 
-4.97168 
2.00684 
4.46289 
-3.91211 
1.47656 
-5.88965 
0.637695 
3.55469 
5.46289 
-7.24023 
-5.44043 
-0.798828 
1.84668 
-6.96777 
-0.431641 
1.81836 
5.52344 
1.70898 
4.00488 
0.0712891 
-2.48242 
-0.966797 
-4.44922 
-1.08301 
-3.6709 
-0.00585938 
-6.5918 
1.3291 
-5.56055 
0.589844 
-2.97266 
3.71191 
-1.90625 
0.81543 
1.42188 
4.01465 
2.48926 
-5.15137 
4.44824 
-0.882813 
2.83984 
-2.96289 
3.9248 
-1.78906 
1.25488 
-4.84766 
5.5127 
-3.42578 
0.198242 
4.51563 
-4.00195 
1.93652 
-2.19336 
3.24414 
-3.08984 
2.78809 
-1.3125 
-1.1709 
2.95215 
-0.483398 
3.05664 
-4.88086 
1.58594 
-5.09277 
1.3125 
-1.09473 
-7.35449 
0.298828 
0.868164 
3.65137 
3.9209 
2.36328 
-4.3125 
3.46484 
3.84961 
0.151367 
1.30078 
-1.82227 
-4.39258 
-3.5293 
4.48926 
-0.015625 
-1.76074 
-3.6709 
0.547852 
4.40332 
2.60352 
0.845703 
0.950195 
-8.08496 
1.05957 
2.2959 
0.0400391 
-5.89453 
2.79102 
-1.62598 
-2.41504 
-3.2334 
-6.29688 
3.08984 
2.92383 
-3.76367 
2.73438 
4.79785 
-1.97754 
-4.95996 
-2.62305 
-6.63281 
-0.09375 
2.78613 
-3.06738 
3.78027 
-5.23535 
4.49707 
2.33887 
-0.613281 
-3.50977 
-2.12207 
0.566406 
-3.55273 
2.88867 
-3.19434 
0.635742 
-0.419922 
5.87988 
-5.22949 
-0.722656 
2.33594 
-2.37793 
-4.50488 
-2.40625 
0.679688 
1.32227 
-1.16406 
0.130859 
0.823242 
-5.39063 
-2.86914 
-1.53223 
-0.349609 
-5.48145 
-1.25098 
0.577148 
2.89648 
-5.46582 
-7.35449 
2.82129 
0.0712891 
-2.7334 
0.347656 
3.66211 
0.267578 
-6.70508 
6.18066 
2.55176 
1.12012 
1.36719 
-5.55664 
-1.2041 
4.49121 
4.25 
-0.670898 
1.64941 
3.78906 
1.05566 
-1.75977 
-6.13184 
-1.59766 
1.50781 
-2.61133 
1.59668 
2.12402 
-8.08496 
-8.08496 
-3.55957 
-4.65332 
0.475586 
1.70508 
-6.01465 
4.47754 
-7.00879 
0.532227 
4.43359 
-0.327148 
2.24707 
1.00293 
1.59863 
2.2207 
-6.24609 
2.87207 
-1.84766 
-1.79004 
-0.914063 
1.16406 
-2.06836 
3.30957 
2.5957 
3.00098 
1.13672 
2.46289 
-2.65137 
0.551758 
-4.79492 
0.211914 
2.375 
5.68848 
-2.60449 
-3.83496 
2.28125 
-2.5293 
2.45313 
-6.85352 
4.62988 
1.76367 
-0.549805 
-1.39258 
2.7666 
3.60645 
-3.49805 
0.335938 
-5.22949 
-3.08301 
-1.58789 
-3.88184 
-1.67676 
-4.50977 
2.45508 
-5.42578 
4.64453 
0.386719 
1.81836 
0.514648 
5.16309 
-5.51367 
-1.82715 
-0.910156 
3.70605 
2.33301 
1.83398 
2.03906 
3.3252 
1.94531 
1.65137 
-2.26563 
3.26465 
-2.53516 
3.51172 
-3.75391 
-2.08594 
2.05371 
1.27344 
-2.82422 
2.32031 
2.66113 
-6.74512 
-4.75684 
1.98047 
5.52246 
-0.506836 
-6.07422 
3.71582 
1.82227 
0.124023 
1.60352 
-2.54102 
0.962891 
-8.08496 
2.56152 
3.42285 
5.20703 
-3.7959 
-5.4248 
-1.56348 
-0.506836 
-5.82227 
3.02832 
1.2373 
3.42285 
3.03906 
0.805664 
1.25488 
-0.710938 
-2.49805 
-1.55371 
-0.323242 
3.31934 
-0.195313 
3.52246 
1.07129 
-1.80859 
-4.56445 
1.24609 
4.2832 
4.82617 
0.307617 
-2.21387 
2.60547 
3.18164 
-4.07324 
1.7627 
2.37402 
4.92188 
0.132813 
-0.330078 
2.40332 
0.613281 
-3.58984 
-1.64551 
4.3252 
-4.15039 
2.59277 
-1.60742 
-0.108398 
2.78809 
-3.35938 
-4.57422 
-2.12793 
1.01855 
-0.826172 
-7.46973 
-6.66113 
-5.82227 
1.26074 
-0.305664 
0.942383 
-2.62695 
3.3418 
2.52344 
-0.65918 
3.58691 
-2.86328 
0.957031 
-6.20117 
-6.50977 
-6.5918 
4.10547 
-3.8623 
3.28809 
3.80078 
-2.33789 
0.989258 
-3.54492 
1.86816 
5.62891 
2.33496 
-4.57227 
1.18848 
1.96582 
-3.58203 
2.57227 
-1.81836 
0.959961 
2.88477 
0.760742 
-0.368164 
-2.65137 
4.40723 
0.893555 
0.0107422 
-5.62988 
-5.07324 
3.64355 
-4.68945 
5.47656 
-5.22363 
-2.43652 
-3.58301 
2.10059 
-1.18262 
-1.49121 
0.832031 
-3.12402 
5.95508 
-6.5918 
-0.354492 
2.5918 
0.504883 
-0.930664 
-4.23047 
3.7168 
1.63086 
-1.93555 
4.29395 
-0.612305 
-1.91309 
1.17969 
-7.35449 
6.75 
-2.66504 
2.38965 
-4.01953 
-2.67188 
-5.87402 
-1.09375 
-1.95313 
1.06543 
-4.78809 
4.49023 
0.402344 
3.79102 
1.55957 
3.07715 
4.81641 
1.90723 
-1.62598 
0.288086 
1.125 
-1.21875 
1.06738 
6.21973 
-1.54395 
-0.702148 
1.64844 
0.685547 
-0.978516 
1.79492 
1.20605 
-3.64941 
-2.95313 
-1.79004 
1.68945 
2.43164 
1.4873 
2.87988 
-1.71289 
-3.89453 
-0.571289 
2.68359 
-4.33301 
3.00977 
-6.81934 
1.18359 
4.20703 
3.75977 
-4.3418 
-3.58398 
-0.669922 
-2.36328 
-5.30078 
-4.62012 
2.28906 
1.83301 
-0.972656 
-1.58105 
-2.97559 
2.58789 
-0.652344 
-0.18457 
2.91699 
-1.35742 
-4.75684 
2.66309 
0.428711 
3.22363 
0.259766 
1.37402 
5.4541 
-5.23535 
3.76953 
-3.25684 
-1.72266 
-0.674805 
-1.14063 
-0.0742188 
0.25293 
-1.16113 
-5.3418 
0.551758 
-0.195313 
-2.75781 
-0.000976563 
-6.04395 
0.395508 
0.647461 
0.0292969 
3.48145 
-3.33398 
-5.84473 
-4.44922 
-0.523438 
-3.43945 
3.6377 
5.50684 
-0.800781 
-0.162109 
1.48438 
-6.48145 
2.92188 
0.682617 
-2.85254 
0.271484 
2.74902 
1.30762 
-7.35449 
-3.53613 
3.20313 
-5.44043 
1.43555 
0.12793 
1.42285 
-6.0459 
3.25 
0.795898 
2.75293 
1.16895 
-4.19336 
-3.10156 
2.23047 
1.23242 
-0.953125 
0.37207 
0.820313 
0.228516 
-1.84766 
-1.85938 
-1.13281 
-5.91309 
1.7002 
-4.63379 
-0.767578 
2.77148 
0.132813 
3.27637 
-0.0263672 
0.574219 
3.08105 
2.62988 
-8.08496 
-1.3252 
-3.33594 
-4.6123 
0.498047 
0.298828 
-4.01465 
2.36719 
2.71973 
-5.97461 
4.75879 
-3.17676 
-3.25488 
-3.90723 
-2.02734 
-8.08496 
0.790039 
-1.0166 
3.11816 
-1.74023 
-0.259766 
-3.97266 
-0.506836 
-2.76074 
3.3623 
1.93164 
1.29199 
0.71582 
1.72559 
-0.553711 
2.4541 
-3.85547 
3.27344 
2.90039 
6.05859 
-0.717773 
0.21582 
-5.17969 
-0.952148 
0.738281 
-4.00781 
5.46094 
-1.65625 
-1.62207 
-1.75098 
5.5625 
5.31543 
-1.44824 
4.18457 
1.86328 
-2.4834 
-3.43652 
-1.52637 
-0.919922 
-6.01563 
3.69629 
-3.1416 
2.62207 
1.25586 
0.853516 
-5.81641 
-0.74707 
1.69336 
0.268555 
-0.236328 
-0.524414 
1.11621 
5.04492 
-6.07422 
1.55469 
-6.66113 
-4.67871 
-6.16016 
-0.195313 
-6.5752 
-0.0136719 
2.0918 
-6.17578 
-4.57324 
-2.5332 
3.45508 
1.60254 
-3.20703 
-2.90039 
-1.78906 
-3.26758 
1.36816 
-3.46582 
-1.95703 
-2.48535 
-3.34277 
2.34473 
2.66113 
-3.55273 
0.0683594 
-0.396484 
-0.0429688 
3.07129 
-3.58594 
-4.26855 
2.48047 
-1.36719 
-1.38477 
3.88672 
2.74707 
-5.95996 
-2.85449 
-5.17969 
1.51855 
1.54785 
2.29395 
0.373047 
0.308594 
0.818359 
-3.50781 
2.87598 
0.65918 
0.109375 
-8.08496 
1.54395 
-1.51465 
-1.1543 
-4.96973 
-2.78027 
1.57813 
1.14746 
0.431641 
4.14551 
2.5957 
1.5918 
-1.26953 
5.59082 
1.7832 
2.28906 
-1.00977 
2.42285 
-4.00195 
-1.6377 
-0.755859 
3.36328 
-4.2041 
-2.625 
0.695313 
-0.131836 
-6.85352 
-3.89063 
4.58789 
-4.16211 
2.23438 
1.33594 
-4.75293 
-1.03516 
2.69922 
-1.42188 
-6.63281 
-4.56445 
4.58887 
2.36914 
-4.18262 
-5.2793 
2.04688 
-3.24219 
0.885742 
2.19531 
0.500977 
4.65527 
-1.81738 
3.55664 
-0.03125 
0.848633 
2.33887 
5.28711 
0.226563 
5.26563 
2.22754 
5.44238 
-5.86133 
1.54004 
2.82813 
3.52832 
1.44434 
2.65234 
3.27539 
-6.5918 
-7.35449 
-4.2041 
-6.08887 
-0.143555 
0.632813 
-2.57129 
5.12109 
2.98242 
-2.22754 
1.09863 
1.84277 
-2.06836 
1.26465 
0.130859 
3.4834 
0.295898 
2.25586 
3.01367 
1.59766 
-2.19043 
-1.05371 
-0.158203 
1.73633 
1.1123 
4.52051 
2.44531 
-2.33789 
-2.24805 
3.51367 
-1.9502 
0.94043 
2.27637 
-4.75684 
-1.80078 
-3.95215 
-3.68457 
-7.24609 
-1.74023 
-4.16699 
-1.93848 
-1.9043 
0.132813 
1.12988 
-0.126953 
-5.0 
-2.22363 
5.69824 
0.140625 
-6.5166 
3.45605 
6.1582 
-4.44043 
2.4873 
1.93457 
-1.77051 
1.87891 
2.19141 
3.7959 
-1.20996 
-3.42578 
-0.587891 
3.03613 
4.34766 
-2.81152 
-0.106445 
-5.69336 
0.817383 
-6.5918 
3.10156 
-8.08496 
3.04102 
-0.826172 
-5.35156 
2.21289 
4.57813 
2.13086 
2.1543 
-2.11328 
-3.81738 
-5.84473 
1.49023 
-2.52832 
2.90918 
1.0625 
-2.61816 
-6.21777 
1.88477 
-1.05078 
-7.35449 
0.24707 
1.09277 
2.28027 
2.5498 
1.08887 
-2.69922 
-4.72949 
-2.14551 
1.70898 
-0.722656 
1.44531 
3.5166 
0.400391 
1.17676 
-2.67969 
-1.7666 
-5.50879 
-2.32227 
2.67871 
-3.27832 
-1.78906 
1.2793 
-3.77148 
-0.442383 
2.75488 
-0.624023 
1.06934 
-3.21777 
2.7207 
3.31055 
3.52441 
5.2793 
-4.3916 
-8.08496 
0.503906 
5.18945 
1.90723 
3.20703 
-3.14844 
2.34766 
5.5918 
-5.17969 
2.20313 
1.63965 
-6.49707 
-0.926758 
-0.669922 
-2.82324 
0.178711 
2.44336 
3.26367 
-1.48242 
4.33105 
-3.94824 
-5.81055 
-0.618164 
5.27539 
2.56543 
2.33105 
1.20605 
-2.99902 
-0.120117 
0.945313 
-4.18164 
-4.2666 
1.52246 
-2.45605 
1.1123 
3.71387 
1.63086 
-4.93164 
-3.34277 
-3.50781 
0.478516 
2.89941 
-2.0166 
-0.197266 
-3.49609 
-2.41016 
5.3877 
-4.75684 
1.66406 
0.474609 
4.83398 
2.85645 
-0.574219 
-7.35449 
0.237305 
-2.22949 
1.06445 
-0.555664 
-1.26172 
-4.44922 
-2.39355 
-2.16211 
-2.21484 
1.08984 
5.87891 
-3.14258 
0.476563 
2.22168 
-0.469727 
-4.56445 
3.32129 
0.847656 
1.06641 
-1.41016 
0.586914 
-8.08496 
0.230469 
-0.713867 
-3.95215 
-1.45508 
-3.49707 
2.08203 
0.786133 
-4.91211 
-5.68359 
-2.00586 
3.96484 
-0.540039 
2.8916 
5.38867 
-0.930664 
4.41309 
-5.05762 
3.24023 
-2.17285 
-1.77637 
2.55957 
2.74023 
1.11621 
3.94629 
7.03613 
-6.25098 
-3.8457 
2.0332 
-0.289063 
1.53223 
-3.43457 
-2.4209 
-2.52832 
-0.830078 
-6.66113 
0.326172 
-3.28223 
-1.42969 
-1.00586 
-4.3916 
4.71191 
1.61523 
1.59473 
-0.701172 
-0.814453 
4.72949 
-3.80859 
-5.99609 
-0.287109 
-0.486328 
3.28516 
-3.51367 
2.91211 
2.75488 
2.11816 
4.37402 
-2.42285 
-0.212891 
4.91113 
-2.72949 
2.55957 
0.224609 
-2.05957 
4.09961 
-0.0205078 
-0.205078 
2.32715 
-2.81152 
-0.155273 
2.6582 
1.55273 
-1.05859 
1.8291 
-6.43945 
-2.39355 
0.365234 
-1.85742 
-1.39063 
-0.765625 
1.78809 
-4.34863 
-5.88184 
-0.491211 
-3.49805 
2.69336 
-0.205078 
4.03613 
-0.0195313 
-2.40527 
5.38086 
0.368164 
-5.17969 
2.80566 
0.0966797 
2.13477 
3.80566 
5.72363 
0.614258 
-5.36426 
2.39258 
2.15039 
5.79785 
-2.70508 
-4.44922 
-1.58887 
0.81543 
0.697266 
-0.6875 
-0.415039 
1.11914 
-6.41406 
-4.72949 
1.8584 
0.317383 
-4.06738 
-4.84766 
0.81543 
0.751953 
0.658203 
-1.71777 
3.87305 
4.27441 
-4.74023 
5.40137 
-1.40918 
3.70898 
4.78223 
-1.44043 
-1.4082 
2.94043 
-0.429688 
-0.363281 
0.944336 
-0.199219 
3.06738 
-0.118164 
1.61328 
2.52051 
2.5166 
0.581055 
1.79004 
-1.02344 
1.52637 
-1.65723 
4.56445 
2.07324 
-7.35449 
1.49609 
-2.0166 
2.65332 
3.55371 
1.90527 
0.533203 
5.10547 
-0.628906 
1.91406 
0.231445 
-2.15723 
-2.6416 
1.86328 
-2.19531 
1.38574 
-1.28125 
3.39844 
-2.18848 
3.67383 
1.57715 
1.46094 
-0.74707 
-2.52832 
1.18262 
4.46191 
3.64746 
-2.1377 
-6.19434 
1.18945 
0.498047 
-4.43066 
0.40332 
2.20313 
-2.08984 
-2.98047 
-5.68359 
-1.65625 
-4.68262 
2.49512 
2.55176 
0.678711 
-3.49805 
-4.27051 
-1.22266 
-5.99414 
-3.25879 
1.6875 
-5.17969 
-6.3916 
4.1582 
-0.4375 
-5.36426 
-2.93359 
-5.66699 
4.81641 
-2.5498 
-3.97363 
-2.65723 
4.2373 
1.26367 
2.31348 
-0.431641 
-1.63184 
4.55176 
-5.81543 
-4.23047 
1.29199 
-5.33203 
2.57813 
-4.2041 
-6.94043 
-2.28711 
1.0166 
0.789063 
-5.16309 
-2.12109 
2.32422 
1.92773 
2.21484 
-2.05859 
-3.49707 
0.936523 
-0.545898 
-6.58984 
-1.65918 
-3.14844 
3.03027 
-1.23926 
-4.91211 
-0.958008 
3.29883 
3.63184 
-2.39355 
1.78027 
1.43555 
0.978516 
-0.632813 
-2.6543 
2.43652 
-4.44922 
-2.77832 
-4.65332 
-0.499023 
1.27539 
3.76758 
-6.85352 
3.76367 
-4.47754 
2.55078 
-0.196289 
-1.27051 
-3.73926 
3.79688 
2.78418 
5.2373 
3.26074 
3.32813 
5.05566 
-1.52051 
-2.12305 
4.91016 
-0.615234 
2.52246 
-1.08301 
0.830078 
-2.66113 
-5.6875 
-2.64746 
-7.32031 
-8.08496 
2.86523 
2.8252 
4.29688 
3.69727 
-1.3291 
3.98633 
2.11621 
-3.81836 
3.03906 
-3.00098 
-2.51758 
-3.0293 
-0.506836 
4.0459 
3.19727 
0.665039 
3.47168 
-3.12402 
2.54199 
-5.68359 
-4.03516 
4.68652 
-1.3252 
-5.08496 
3.60645 
3.84082 
-0.128906 
5.91016 
2.16602 
1.11719 
1.92773 
1.49121 
-4.58105 
4.98535 
0.860352 
2.58105 
-2.92578 
0.957031 
0.610352 
1.38281 
-1.62598 
2.75977 
-1.80469 
-0.683594 
1.70996 
-0.435547 
0.621094 
0.549805 
-1.44336 
0.857422 
-3.08496 
2.13184 
-4.92871 
4.14355 
1.30762 
-3.04199 
-5.28125 
-1.58789 
1.04785 
2.76953 
2.17773 
1.94824 
1.33008 
-3.75195 
0.666016 
0.168945 
-2.68164 
-5.75195 
0.230469 
-5.17969 
-3.16211 
-1.29004 
-0.691406 
-2.83301 
-0.290039 
-8.08496 
1.40527 
2.47559 
-3.83691 
-5.29492 
2.80859 
2.78027 
0.595703 
-4.10059 
-1.97363 
4.56836 
-5.82227 
1.68652 
4.48828 
1.46191 
-2.24023 
2.37305 
-2.72754 
2.43359 
0.116211 
3.07813 
-0.0273438 
-0.913086 
3.16895 
3.16699 
-0.645508 
3.24121 
-1.23145 
-7.32031 
-4.04688 
4.30469 
-1.83105 
-0.323242 
2.99707 
-4.88086 
2.78516 
2.0791 
-1.21582 
2.40527 
0.830078 
-0.766602 
-2.09473 
-1.74512 
-2.16699 
-0.99707 
-2.99609 
2.41797 
6.86816 
2.9082 
-3.0 
-1.29395 
-0.841797 
0.224609 
1.14844 
3.78027 
1.1377 
2.71582 
0.0771484 
3.83105 
-4.24707 
3.4873 
-1.03809 
1.15234 
2.88574 
-1.58789 
-6.20996 
-0.949219 
-0.568359 
3.70605 
4.4082 
-4.07324 
-1.58496 
3.06543 
0.331055 
1.99023 
1.18555 
-4.00391 
-2.39746 
-3.75586 
1.96387 
0.237305 
3.81445 
-2.47266 
1.15332 
2.54297 
-2.05762 
2.54004 
3.06934 
-2.00293 
-7.58398 
0.0947266 
-1.96387 
2.82129 
-4.10352 
2.64063 
5.45508 
-4.20117 
3.19141 
0.692383 
3.96777 
-0.171875 
-3.49805 
0.496094 
0.152344 
-0.258789 
-4.39063 
-4.02246 
-5.08203 
4.7998 
2.59473 
4.04688 
-0.71875 
2.9502 
0.84375 
4.21875 
3.75586 
0.195313 
3.07617 
4.13672 
1.90723 
-7.35449 
-0.479492 
-0.633789 
4.3125 
-0.500977 
0.0205078 
2.66895 
2.53418 
-4.75684 
-1.33008 
0.194336 
1.11133 
0.729492 
-1.50781 
-1.25586 
-6.66113 
-0.197266 
-1.28906 
-8.08496 
-0.99707 
2.16992 
2.75391 
4.52344 
-2.96094 
2.27734 
2.45703 
0.300781 
-0.564453 
0.905273 
-3.50781 
-5.60059 
-0.0859375 
-4.53613 
0.748047 
-0.84082 
1.34961 
1.79199 
3.34961 
1.48828 
3.36426 
-0.44043 
0.0634766 
1.69824 
2.57422 
4.7832 
-1.77148 
-2.36426 
-5.38867 
0.97168 
-1.53809 
5.52344 
3.55176 
2.4541 
-4.08789 
0.415039 
-1.64453 
5.02441 
3.97656 
0.741211 
2.43555 
-4.44922 
-4.15625 
-2.1709 
2.01465 
-8.08496 
-4.74023 
3.0293 
3.27637 
2.28906 
-1.13477 
-2.08203 
3.53613 
-2.77148 
0.59375 
3.02637 
3.54883 
0.348633 
2.66895 
0.657227 
1.35059 
-0.253906 
-7.32031 
4.71484 
0.882813 
-3.5 
1.00684 
-1.19238 
-3.03809 
-3.75391 
-3.68164 
1.82617 
3.81934 
3.38477 
-0.527344 
-7.32031 
-3.42773 
-5.86133 
-4.11719 
0.104492 
-2.2373 
1.89648 
3.22266 
-1.62891 
-8.08496 
-0.805664 
-1.3125 
3.38184 
1.2793 
0.285156 
3.62305 
-5.33203 
3.2793 
1.27051 
-0.712891 
-3.94141 
1.38184 
-2.90527 
-1.80273 
1.43848 
-3.46777 
2.4541 
-4.64941 
-2.19043 
-8.08496 
-0.999023 
2.61035 
-0.631836 
-0.901367 
-3.48145 
0.208984 
-1.07617 
0.888672 
-3.55762 
0.773438 
-2.85449 
-2.7666 
-2.4082 
3.01367 
1.8916 
0.579102 
1.38086 
-1.40918 
1.81836 
-2.90918 
-0.419922 
-1.65723 
-2.62891 
-2.70117 
2.93262 
3.06348 
0.148438 
0.80957 
1.15332 
3.01953 
-7.24609 
-5.79883 
3.4541 
-6.49707 
-6.5918 
0.435547 
-3.54688 
-0.0791016 
2.2334 
-1.27637 
3.77539 
-3.33398 
1.40234 
1.77148 
-1.66016 
-1.25293 
-1.08008 
-1.52051 
-4.1709 
1.76074 
-0.166992 
1.42285 
3.31348 
5.41992 
2.13281 
0.813477 
-5.23535 
-2.45215 
4.85059 
-0.0712891 
-2.23145 
0.946289 
-0.649414 
-1.97852 
0.104492 
2.38965 
5.04102 
4.3584 
-1.88965 
-4.92969 
-2.50098 
-3.2998 
4.19434 
-0.825195 
-1.44824 
-0.876953 
-3.93555 
-0.887695 
-3.04688 
0.241211 
-1.26172 
-4.00781 
-0.975586 
2.64551 
2.94434 
-1.77148 
2.99512 
-1.73926 
-0.514648 
5.39063 
2.52734 
0.425781 
-1.58496 
-0.521484 
-0.286133 
-3.34766 
2.97852 
2.8291 
-0.0625 
-2.7334 
-1.41699 
-5.84473 
3.98145 
-1.42188 
-0.389648 
2.6416 
-4.06738 
-5.40137 
2.09473 
1.72363 
-2.96387 
-5.81641 
3.45898 
1.30078 
0.569336 
-3.11719 
-4.18164 
-2.68457 
-2.66992 
2.31641 
2.11133 
-2.61133 
0.722656 
-3.47852 
2.96191 
3.41406 
2.29688 
-3.69336 
-0.94043 
0.758789 
2.14453 
0.302734 
3.0332 
3.44629 
-2.09668 
3.94824 
-0.142578 
-6.98047 
1.38184 
1.93164 
-0.824219 
1.52734 
4.50195 
-3.21582 
-3.41699 
2.35059 
4.19336 
-1.41406 
-1.18164 
-0.866211 
2.23926 
-3.93262 
3.29102 
0.152344 
-2.62793 
1.34277 
-4.16406 
0.789063 
3.47363 
1.17383 
-4.6123 
1.58398 
0.705078 
-3.92676 
1.37793 
-2.24512 
4.0166 
7.33984 
-0.863281 
0.0292969 
4.13574 
3.37012 
-3.7002 
-1.37988 
-0.775391 
-2.03418 
3.79688 
-6.16016 
-3.53809 
-0.605469 
3.42578 
0.641602 
-2.41992 
-6.20996 
0.0185547 
2.26367 
-4.2334 
0.576172 
1.64941 
-0.44043 
-3.60254 
-3.57813 
-0.480469 
-4.08008 
-4.65723 
-0.115234 
-0.0283203 
-2.03027 
-0.160156 
1.11816 
2.75586 
4.62695 
2.58398 
2.73242 
2.78906 
-3.76855 
-4.33594 
-2.98242 
-5.64941 
-1.68945 
4.78223 
-0.143555 
-2.58301 
-0.191406 
-4.33301 
-0.987305 
0.203125 
0.214844 
4.02539 
1.91602 
-3.91309 
-1.81543 
-0.851563 
3.54785 
1.72461 
0.881836 
1.23047 
-3.89063 
-1.78711 
1.24414 
0.539063 
0.199219 
-0.949219 
-1.09082 
0.753906 
-3.41797 
-2.24316 
-0.519531 
-1.97363 
-1.74512 
-1.79395 
-0.378906 
1.91504 
6.59277 
0.394531 
4.04395 
3.67969 
-0.170898 
1.66895 
-0.460938 
-1.33008 
-1.42383 
0.394531 
3.67285 
3.79004 
1.70313 
2.12109 
2.19824 
-5.5166 
3.53027 
3.4834 
2.77246 
2.75488 
0.476563 
-6.50781 
2.48145 
-6.5752 
2.53711 
4.33496 
-0.139648 
1.46484 
-1.64551 
-0.592773 
3.16797 
-1.53223 
-5.62402 
1.91895 
2.99512 
-3.42676 
3.8584 
-3.50195 
1.58301 
-1.9502 
-2.41992 
-0.569336 
-4.4209 
2.47168 
-2.66406 
-1.71387 
5.73145 
-1.36719 
4.50293 
0.785156 
2.27734 
5.30664 
3.78613 
1.62012 
-3.08398 
-0.972656 
-2.81445 
3.78418 
-3.42383 
-3.20508 
2.29492 
-0.660156 
6.08398 
5.38965 
-7.35449 
1.60547 
3.58984 
-0.237305 
3.00195 
1.01758 
-0.436523 
0.0136719 
3.37988 
-0.160156 
-0.209961 
3.12305 
2.19824 
-1.92188 
-1.13965 
2.48438 
2.34277 
3.66699 
5.53516 
2.52637 
-1.14355 
3.97266 
-4.79395 
0.25 
1.19727 
3.82813 
1.10156 
-2.42383 
0.575195 
3.69336 
-3.41211 
6.28516 
-3.51855 
-7.11133 
3.73926 
3.23145 
-6.49707 
-5.93945 
2.52539 
2.20605 
-0.542969 
-2.01074 
1.67383 
-2.50684 
-2.57422 
-3.04199 
0.987305 
2.52051 
2.45508 
-6.58984 
0.80957 
-0.376953 
1.08008 
-5.42578 
-1.94824 
-2.97461 
0.463867 
-4.30566 
-5.1416 
-3.35547 
-1.01855 
0.910156 
-2.01563 
3.38086 
-4.13379 
0.525391 
2.46875 
3.53223 
-0.776367 
3.73633 
0.530273 
-3.30078 
4.07715 
-2.91211 
-0.925781 
4.37207 
-2.41406 
-2.33691 
-3.81641 
2.57324 
-2.34668 
-8.08496 
-6.66113 
0.921875 
-2.37695 
-0.735352 
-5.36426 
1.2793 
-0.3125 
-1.05762 
1.60449 
1.02441 
-1.42871 
1.38672 
0.488281 
4.63672 
3.62891 
4.7168 
-2.14844 
-2.50586 
-1.29199 
-3.72949 
1.68164 
2.79395 
0.44043 
-3.00391 
-2.49902 
-2.10449 
-4.19727 
6.22754 
2.95801 
-6.49707 
-4.67871 
3.26465 
2.39941 
-2.39063 
-1.7168 
0.954102 
-2.38965 
-4.4502 
-0.40625 
-2.3584 
-0.0429688 
-3.60254 
-0.740234 
2.49609 
-2.19629 
0.80957 
-4.37012 
1.20996 
-0.0761719 
-3.85156 
-2.8418 
-2.52832 
1.54199 
-0.768555 
-2.13281 
1.53516 
1.87012 
-1.55371 
-3.375 
-5.6875 
3.97461 
1.51367 
3.09082 
0.967773 
-4.50977 
4.52246 
2.08008 
3.57324 
-2.45508 
-3.19141 
-6.47559 
-1.39941 
1.97949 
0.986328 
-2.56641 
5.34766 
3.24512 
-0.242188 
2.60059 
-1.06348 
-1.23926 
4.81641 
-2.16406 
1.27539 
1.83984 
-2.80957 
-3.21875 
1.02148 
-5.82324 
1.66797 
-1.19336 
-1.10938 
1.94824 
-5.81641 
-5.15137 
-1.99219 
-1.37305 
0.152344 
4.58008 
-4.3418 
1.08984 
3.61523 
4.1582 
-1.72559 
-0.0527344 
3.33594 
-6.41406 
-1.52637 
1.31152 
1.94434 
-0.673828 
-2.51172 
-0.217773 
2.07715 
1.76172 
-0.705078 
-3.84375 
-6.43945 
4.0957 
-1.44824 
5.80762 
3.79688 
2.8418 
-0.172852 
-1.37988 
-4.07617 
-3.55078 
-0.384766 
6.72656 
2.44434 
0.295898 
-1.71289 
2.56641 
0.229492 
5.57422 
3.27344 
-4.19824 
2.72461 
1.87207 
0.137695 
-6.5752 
-0.632813 
-2.47559 
1.45117 
-1.64551 
-0.689453 
-1.46973 
0.125 
1.03027 
-1.32422 
3.41602 
0.655273 
1.82617 
0.47168 
-8.08496 
3.99023 
-0.707031 
-2.84473 
0.695313 
-1.6582 
2.08887 
0.0634766 
-3.56641 
-2.31934 
-0.232422 
0.629883 
-3.21875 
2.83984 
-6.39746 
2.3584 
3.88086 
3.93848 
-2.42285 
-3.31641 
-1.16406 
-0.0957031 
5.14648 
1.75098 
-2.48145 
-1.6709 
0.0263672 
-0.558594 
2.55566 
-2.35352 
-3.53809 
-2.0166 
-0.208008 
0.592773 
-5.93945 
2.87012 
5.18262 
0.824219 
-1.26758 
2.6543 
-2.95801 
-3.15625 
0.162109 
-2.93164 
1.67383 
-1.5166 
2.11328 
-0.316406 
-3.4209 
3.96484 
4.11621 
4.74805 
0.233398 
2.5332 
5.01758 
-0.580078 
-2.15332 
-4.28906 
7.26172 
2.76367 
4.61816 
1.94531 
-6.19434 
1.0166 
-5.62695 
2.69238 
1.2168 
1.87988 
-0.874023 
-6.20313 
4.28906 
-1.70508 
-0.887695 
-2.24023 
-4.44922 
-3.84277 
-4.11719 
0.556641 
-2.00293 
2.45605 
4.05078 
-4.1582 
-5.08008 
1.49902 
0.990234 
0.823242 
-4.49707 
-3.26172 
-1.28223 
-3.95898 
5.32422 
0.773438 
-3.42773 
2.59277 
-1.58203 
1.86523 
3.02344 
-3.89063 
5.01758 
1.05371 
3.43262 
-5.75195 
3.40527 
-2.5293 
0.47168 
-1.0127 
2.7793 
3.39355 
2.11133 
-2.82031 
-4.10645 
2.43555 
-3.54688 
0.257813 
1.69824 
2.88574 
-0.24707 
-1.7168 
0.0605469 
-7.32031 
-5.39453 
-0.510742 
-3.49707 
1.06641 
-4.66895 
1.36133 
0.524414 
6.44727 
-7.35449 
4.02832 
-0.506836 
1.25195 
-1.0293 
1.9043 
0.172852 
0.483398 
-3.69629 
3.86523 
-0.0595703 
0.669922 
-4.84766 
-3.50781 
-0.344727 
2.0459 
-3.06934 
0.0693359 
1.85547 
-2.97363 
1.3584 
-1.44434 
2.375 
-4.80566 
-2.05566 
2.49707 
-1.58887 
-0.0546875 
1.14648 
-8.08496 
-2.18555 
-4.88379 
-5.13477 
-0.5 
-3.83496 
-5.17969 
-3.69336 
-3.42773 
-5.77734 
0.414063 
-6.85352 
-0.239258 
-0.423828 
-1.84082 
-0.461914 
-2.88867 
0.267578 
-5.41309 
0.15918 
-4.68262 
-1.32129 
3.07715 
0.341797 
-0.167969 
-1.58789 
-1.05469 
1.63379 
1.80371 
0.433594 
0.391602 
4.61328 
5.69238 
-1.83594 
5.80273 
-5.17969 
-1.86035 
2.92578 
-4.84766 
-0.326172 
-1.49121 
-6.58984 
-1.24121 
3.9668 
1.14355 
-2.0166 
2.75879 
2.44824 
3.17383 
-0.000976563 
-4.30566 
-4.18164 
2.16211 
-4.11914 
3.14746 
1.8418 
1.49512 
-0.505859 
-0.328125 
4.0 
0.269531 
2.16602 
-1.46094 
-3.03516 
5.19043 
2.16895 
-2.66113 
0.331055 
1.50781 
4.24121 
-2.66504 
-0.703125 
2.94824 
1.06445 
-1.22461 
0.477539 
-2.46875 
2.62793 
1.36426 
-7.58398 
1.23438 
0.223633 
1.08789 
3.49707 
4.25293 
-2.39063 
2.57129 
0.861328 
-4.84766 
3.28613 
2.91211 
3.16699 
-5.82324 
-7.58398 
0.321289 
-6.85352 
0.128906 
1.72559 
1.14648 
2.85645 
2.02344 
-1.36133 
-3.7002 
-1.36426 
-3.60059 
0.398438 
3.79297 
-3.75586 
0.587891 
-6.5918 
-4.66016 
-2.70996 
-1.14355 
1.6748 
3.08984 
-7.35449 
1.40039 
-0.464844 
0.707031 
-3.76758 
2.35352 
-4.43359 
3.75488 
-1.4209 
4.5957 
3.09766 
4.05078 
-0.120117 
-0.679688 
-6.38086 
-1.91406 
-5.36426 
1.44824 
2.51563 
1.60547 
2.46191 
-0.386719 
-0.206055 
-8.08496 
1.50488 
-5.97461 
1.83301 
-2.33887 
4.96582 
-7.35449 
2.76172 
-5.00879 
1.78613 
-1.00293 
3.11426 
0.288086 
-0.734375 
2.92188 
3.12402 
0.723633 
3.90039 
-3.6543 
-3.90723 
1.04199 
0.508789 
-1.73242 
1.83398 
-4.20117 
-1.06152 
-6.94043 
3.54785 
1.85254 
-3.15723 
-1.35742 
1.59961 
6.22754 
-3.25293 
-0.536133 
1.20898 
-2.93066 
-1.76074 
-3.51855 
-3.68457 
-2.79492 
4.23535 
-7.35449 
-2.17383 
-4.75293 
-0.59375 
2.69141 
0.229492 
-1.19531 
-1.65039 
1.67969 
-3.25488 
4.86035 
-0.255859 
-0.166992 
-2.28516 
1.41992 
-3.02539 
3.18066 
-0.350586 
2.2832 
-1.37305 
3.16797 
-0.121094 
-4.03223 
-4.16699 
-8.08496 
-7.35449 
2.54395 
0.55957 
-1.0918 
2.63379 
-0.385742 
0.015625 
-4.92969 
-3.44727 
1.74902 
-2.64746 
2.52148 
-3.58203 
1.3877 
-3.64355 
2.6875 
-4.68262 
-2.2041 
2.60254 
-3.38086 
-0.996094 
-4.75293 
1.57129 
3.06641 
-1.90723 
1.20508 
-5.82324 
-6.50781 
-4.24316 
-6.85352 
-1.60742 
0.828125 
4.34766 
1.90234 
-0.957031 
-0.320313 
3.43359 
3.12402 
-2.03711 
-1.01953 
-1.70605 
5.83691 
3.82031 
-5.03613 
5.56152 
3.7002 
-4.6123 
2.52539 
-4.11719 
1.08691 
-1.52734 
-2.66406 
-1.28613 
1.80566 
0.0546875 
1.81738 
-5.73828 
0.582031 
-1.36328 
-1.10156 
-0.115234 
-2.39355 
0.635742 
-1.11523 
-3.52441 
2.23828 
-2.33496 
1.6748 
2.45801 
-2.16016 
-0.154297 
-2.59473 
2.00293 
0.530273 
3.27637 
-0.499023 
-2.78906 
-7.58398 
1.26074 
2.64844 
0.386719 
1.10547 
-0.116211 
0.635742 
0.319336 
3.16992 
-3.52246 
-5.08887 
1.74707 
2.31152 
3.5332 
-3.58301 
1.24902 
0.746094 
4.3457 
4.17676 
-0.547852 
2.37305 
0.773438 
3.38184 
1.59863 
3.73926 
-2.125 
-2.75293 
-1.25293 
3.68652 
1.16602 
-1.51758 
-6.3916 
-0.642578 
2.36914 
2.95898 
2.0752 
-3.49902 
0.398438 
-2.23242 
1.19629 
0.695313 
-7.36328 
-1.15332 
-1.33496 
2.55859 
-3.9082 
2.59961 
-3.46875 
-2.33887 
-2.0293 
3.24609 
0.046875 
4.12695 
0.795898 
-1.08105 
0.210938 
-0.176758 
0.90625 
-4.18164 
3.05566 
-4.51953 
-2.73926 
-0.907227 
-3.94824 
-1.28613 
-0.0878906 
2.82813 
-8.08496 
0.860352 
4.88574 
1.06348 
3.80762 
4.77539 
-8.08496 
-4.34668 
4.07617 
4.57617 
0.425781 
-7.46973 
-0.658203 
2.98047 
-1.83105 
1.47168 
-0.557617 
-3.93164 
-0.844727 
2.51855 
-3.34375 
0.231445 
-3.07227 
2.01855 
-1.90039 
-0.825195 
-3.11914 
2.31055 
-3.50488 
-3.97266 
-1.56934 
-6.59863 
-0.275391 
3.71973 
-2.67285 
1.59082 
-1.30957 
2.28125 
-4.65039 
3.37305 
5.77734 
6.03027 
-0.882813 
2.91309 
-1.92969 
4.96387 
0.0605469 
1.3125 
-3.05957 
-7.35449 
-4.52148 
-1.84277 
-4.68945 
1.19434 
-1.65332 
-7.35449 
-2.02539 
1.56055 
-7.35449 
-3.15723 
-1.38281 
-7.32031 
2.15625 
-6.50977 
-1.84082 
-6.3916 
-5.81543 
3.59961 
2.89844 
3.21094 
-0.564453 
-0.0908203 
-1.5752 
-0.0224609 
-4.21094 
-2.08984 
-2.21973 
0.180664 
0.269531 
1.59473 
5.09766 
-2.45117 
0.0400391 
-2.17578 
-4.36523 
-8.08496 
-4.30664 
2.1123 
-2.15723 
1.62305 
4.64648 
1.60645 
-4.43066 
3.50879 
-1.18164 
-4.69434 
-2.69629 
2.54688 
-1.97461 
-2.82031 
-3.49805 
-0.923828 
-1.92383 
2.35449 
0.853516 
-6.85352 
-3.53516 
5.24805 
-6.08887 
0.610352 
0.347656 
1.93164 
3.81152 
1.77637 
-0.3125 
-3.50781 
1.8584 
-3.64355 
2.6543 
-4.75684 
1.99805 
-3.94922 
3.22168 
2.40332 
-8.08496 
0.242188 
-4.08789 
-5.68359 
1.03711 
3.67871 
-0.911133 
-3.91504 
-8.08496 
1.32031 
1.84668 
-4.44922 
3.7207 
-0.695313 
2.04883 
2.15137 
1.44336 
-0.105469 
-2.19531 
-5.18262 
2.11328 
-2.0166 
-2.44238 
-5.35156 
-4.91895 
1.41895 
-5.07324 
-0.399414 
-5.15723 
-3.96973 
0.688477 
-3.9209 
-0.895508 
2.06348 
1.52637 
2.28711 
-2.39063 
-0.19043 
-7.18066 
-5.97559 
-0.253906 
-1.07422 
0.177734 
-3.70117 
4.02539 
-4.20117 
-7.35449 
-3.68066 
3.85059 
-3.68457 
0.939453 
3.12793 
-6.66113 
5.19336 
-3.43652 
-3.37207 
-0.34082 
1.66895 
2.25 
-0.544922 
-5.5166 
3.29492 
0.573242 
1.16113 
0.448242 
-0.0253906 
-4.36914 
-5.31543 
0.94043 
4.88281 
4.20605 
3.96094 
2.66992 
-3.33398 
-0.579102 
4.17383 
3.24609 
-3.57617 
-3.42578 
2.71484 
-1.73047 
2.85156 
-3.90332 
0.320313 
-8.08496 
0.517578 
1.5498 
0.539063 
-1.77344 
-1.35449 
-1.2832 
-3.33398 
1.71973 
2.57031 
0.478516 
-8.08496 
-1.14258 
-0.822266 
3.1875 
-1.53613 
-2.01953 
3.33594 
2.63672 
-3.72852 
-6.74707 
-0.827148 
2.42969 
1.00586 
-1.33984 
-5.29492 
-3.21875 
-1.16406 
4.39551 
2.88574 
2.52148 
-2.83301 
0.0507813 
4.94727 
-3.50781 
1.97852 
0.0185547 
-2.44043 
0.397461 
-4.23242 
-2.19824 
0.0625 
-4.33301 
0.657227 
-1.32324 
0.0195313 
-5.16406 
-5.37109 
-3.24707 
4.91602 
-3.83789 
-0.30957 
-2.74121 
0.373047 
-0.40332 
-2.18652 
-0.213867 
-5.58496 
-1.36328 
1.16797 
-1.40918 
-5.15234 
0.671875 
-1.86914 
4.51074 
-6.20996 
-3.31738 
-1.40137 
-2.33789 
-0.188477 
-3.35449 
-2.39355 
0.443359 
-3.57129 
1.65332 
3.08691 
-0.916016 
-2.51953 
-0.879883 
-0.452148 
1.75684 
4.10059 
1.18164 
1.6543 
1.22363 
-0.751953 
0.927734 
0.520508 
4.64941 
1.56543 
-2.7334 
-6.66113 
-0.0966797 
-4.56445 
-4.80957 
-8.08496 
2.37988 
-6.94043 
0.137695 
0.186523 
-3.75586 
3.45508 
-1.82324 
3.61816 
-2.7666 
-0.106445 
2.12402 
1.00781 
-7.11133 
0.394531 
-1.82129 
0.133789 
2.6709 
1.68066 
-0.399414 
-3.15723 
-0.894531 
3.5166 
2.03516 
-3.63379 
1.75586 
3.68066 
0.125977 
-0.525391 
1.7793 
-2.1377 
-0.210938 
0.574219 
-1.91211 
-3.49805 
2.10449 
0.581055 
-3.69727 
-5.48535 
-0.945313 
-0.147461 
3.25195 
1.73633 
2.19434 
2.76172 
-1.12695 
2.75586 
4.20508 
4.70508 
0.626953 
-3.2334 
1.20703 
-7.32031 
3.44727 
3.625 
1.67383 
2.34863 
2.56055 
3.97266 
1.76465 
2.55957 
-5.81641 
-0.78125 
-1.58691 
-5.47461 
-8.08496 
-8.08496 
-2.73828 
0.581055 
2.32813 
-6.07422 
1.81348 
-0.133789 
-6.50977 
1.16504 
-4.68262 
-3.91406 
1.00195 
3.00488 
0.59375 
-4.88086 
-1.9209 
-0.944336 
1.03711 
3.97754 
4.44434 
-0.611328 
2.80371 
3.43457 
1.30957 
-2.02441 
4.8125 
-1.86426 
-2.62012 
-2.68164 
-0.0849609 
2.85449 
4.08203 
-3.96973 
-1.31543 
-1.80957 
2.51953 
0.583984 
2.35352 
-2.50781 
3.63281 
-1.95801 
-4.89941 
1.24707 
-5.20898 
4.05664 
6.34766 
-7.32031 
-4.57227 
1.81934 
4.79883 
-0.617188 
5.41016 
-4.4668 
3.4502 
-3.7168 
-4.33105 
0.865234 
-5.29492 
1.59473 
-0.196289 
-2.24121 
1.86328 
3.45996 
-3.03711 
-3.10742 
-0.481445 
-0.652344 
-3.30469 
-3.09375 
3.32227 
-0.459961 
-4.27246 
-4.5752 
2.49512 
-2.84668 
-1.54883 
4.30566 
0.265625 
2.31445 
0.726563 
-3.70117 
1.19824 
-6.97656 
-1.27539 
-1.13184 
2.375 
2.54688 
-2.39941 
2.97168 
2.50586 
4.7207 
2.35938 
1.14258 
-0.754883 
3.87598 
1.51172 
2.47949 
0.868164 
-1.01172 
-3.31738 
-7.32031 
0.152344 
4.82813 
-1.22852 
1.24707 
3.30859 
0.84375 
-5.75 
-0.975586 
3.34668 
0.00390625 
-0.487305 
-2.93066 
-1.2373 
2.43262 
2.92383 
-2.66211 
1.47266 
1.62891 
-2.37695 
0.588867 
0.668945 
-2.08887 
-1.73633 
2.86328 
-0.717773 
-4.92871 
-4.58496 
-3.42383 
1.50293 
-5.5166 
0.855469 
-6.94043 
2.69727 
4.31934 
0.478516 
0.992188 
-0.394531 
-1.14355 
2.48828 
-6.16016 
-2.93945 
1.47656 
5.2832 
2.32422 
3.69141 
-1.90625 
2.13477 
4.07617 
-2.9668 
3.76758 
-0.523438 
4.66504 
-3.38672 
2.56055 
3.80371 
-2.68066 
-5.77539 
4.70703 
4.80273 
-1.97266 
3.91992 
2.3291 
3.97168 
2.58496 
1.64941 
0.375977 
2.41504 
-5.0957 
1.65723 
3.63281 
-1.74902 
-0.816406 
3.69141 
3.80859 
1.95215 
-1.92969 
-4.97852 
-1.38672 
2.60645 
0.453125 
1.31934 
1.09473 
-1.91992 
-0.400391 
-3.7207 
2.86523 
2.76563 
5.27344 
4.72949 
-6.66113 
3.13965 
-3.60254 
1.00879 
-3.76758 
1.13184 
1.87891 
3.51074 
5.01465 
-3.41113 
2.2334 
3.75684 
1.40332 
0.318359 
2.70117 
-1.87598 
5.42383 
1.0 
2.84668 
-3.9502 
6.11621 
1.25098 
1.4375 
-0.464844 
2.02344 
0.0771484 
0.217773 
1.03125 
-3.10547 
-2.69727 
-3.11035 
-4.97754 
-0.913086 
3.72266 
-3.2832 
2.52441 
3.37109 
0.625977 
2.88574 
-1.79785 
1.91797 
5.67871 
2.53613 
-1.23926 
1.75293 
3.44336 
1.66406 
3.30762 
-3.90039 
1.06348 
2.75098 
-3.49805 
5.96191 
5.56543 
-1.92188 
-4.75293 
0.87793 
4.66895 
-2.96289 
3.13477 
-7.35449 
1.50391 
-4.00488 
-4.67871 
0.40918 
1.87988 
-4.63379 
1.76465 
1.10254 
1.64746 
-1.34082 
-2.99609 
4.50488 
1.39551 
3.93652 
-0.337891 
0.726563 
2.25195 
-2.4082 
5.16211 
-4.99414 
0.178711 
-4.3916 
-2.25 
1.7207 
-0.650391 
3.01563 
0.585938 
2.38086 
-2.39453 
-5.68359 
1.43848 
0.118164 
-3.80469 
4.35254 
-1.04688 
-2.34961 
1.18848 
3.57324 
3.34375 
-0.447266 
-3.8418 
-3.21582 
-7.46973 
1.80664 
-6.96777 
2.0 
-3.64355 
1.03418 
-0.425781 
-3.94043 
-0.635742 
-3.72559 
-2.25977 
-3.70117 
-0.106445 
2.87207 
3.89453 
-4.69141 
4.00781 
-2.62012 
-2.45215 
-4.94629 
0.239258 
3.11328 
-2.65234 
0.175781 
-1.10156 
0.90918 
2.68652 
5.37891 
2.09863 
0.552734 
-5.13477 
-2.86426 
2.3418 
-1.53613 
-3.82324 
4.73633 
-0.975586 
-7.35449 
-8.08496 
1.58789 
-5.62207 
1.61719 
-0.552734 
-7.32031 
2.74414 
0.856445 
0.900391 
4.25293 
-5.31152 
-0.666016 
-8.08496 
2.64941 
4.14648 
6.25977 
3.52441 
-6.74805 
-0.966797 
-2.18555 
-0.336914 
-1.02344 
-3.96289 
-3.15723 
-4.64941 
-0.853516 
4.90234 
-4.78711 
4.59668 
-3.54492 
0.299805 
-0.745117 
4.03809 
3.13184 
2.43652 
2.66895 
-2.83301 
2.38379 
-1.83887 
3.65918 
2.48633 
1.06543 
1.81152 
-0.0878906 
-1.48145 
4.0752 
-2.48145 
-3.33105 
0.742188 
-1.00391 
-6.73926 
2.04785 
-2.57129 
2.39453 
2.15137 
0.163086 
-2.38965 
0.870117 
-0.381836 
2.44336 
3.99023 
-1.65625 
-5.17969 
-1.93945 
0.423828 
2.41016 
5.34863 
0.256836 
0.175781 
-1.09277 
1.03711 
-2.82617 
-3.86523 
2.55273 
-6.5752 
-1.29004 
6.02246 
-2.10449 
-7.35449 
-2.42285 
1.39648 
-1.17285 
-2.57422 
0.951172 
2.57422 
-6.73926 
-1.86914 
2.64453 
-7.46973 
-0.818359 
-2.47266 
4.36621 
-4.22852 
-6.25 
-4.65527 
3.63867 
-3.91406 
4.5127 
3.95996 
-3.25879 
-8.08496 
-0.651367 
-5.47461 
0.643555 
4.15918 
-4.20605 
-3.82129 
-0.856445 
2.77637 
4.6582 
5.04492 
2.72266 
0.695313 
1.20703 
-4.79492 
0.28125 
1.57227 
-0.191406 
-4.65723 
4.3291 
-4.04297 
1.30469 
-2.25391 
5.83105 
5.38477 
1.57227 
3.38281 
-0.302734 
-2.65234 
-5.70898 
-1.27734 
-5.51563 
-2.63672 
1.05176 
2.5918 
5.75586 
6.28613 
-0.552734 
3.02246 
-3.83789 
-3.35352 
-0.0361328 
1.33887 
-0.813477 
3.04883 
1.91016 
0.87207 
3.47266 
-2.35059 
0.529297 
-2.16016 
0.876953 
-5.77734 
3.42773 
-0.0371094 
3.23242 
2.14258 
0.276367 
-1.60254 
-0.207031 
-5.89648 
-6.66113 
-7.35449 
-2.14063 
-0.916016 
-0.243164 
-2.34961 
2.33887 
-0.0136719 
-4.44922 
0.520508 
-1.94922 
-4.66211 
3.45508 
2.45117 
0.606445 
-0.469727 
1.68945 
1.5498 
0.847656 
-1.3584 
4.11035 
3.78125 
1.89063 
-1.07031 
0.615234 
-0.899414 
-1.03516 
5.67578 
2.27148 
0.00292969 
3.03125 
1.79785 
-7.35449 
0.267578 
4.11719 
3.72363 
-5.41309 
-0.31543 
-0.660156 
-3.06543 
3.58008 
-4.68262 
4.5957 
3.66211 
2.02539 
-4.39941 
-4.44922 
2.46875 
-4.4248 
-1.55469 
2.15723 
0.0888672 
0.433594 
-5.02246 
2.44824 
-0.806641 
-4.15137 
-4.69141 
-5.41797 
4.29883 
-5.39453 
0.254883 
-1.78906 
1.41504 
4.14941 
7.31836 
1.61719 
0.749023 
-1.05273 
1.9834 
2.27246 
0.548828 
2.40527 
-0.115234 
2.71875 
4.68848 
0.211914 
1.8916 
0.544922 
3.7793 
1.14258 
-4.0752 
-2.29102 
-3.47559 
-4.41504 
-3.9082 
-3.08984 
0.919922 
0.770508 
-2.09375 
-5.08203 
2.34277 
0.989258 
-6.58984 
-3.91992 
2.27051 
-1.9502 
2.56738 
-2.32324 
-6.5752 
-2.42871 
0.398438 
3.56055 
-0.0488281 
0.750977 
-4.68262 
-3.04199 
0.0849609 
-4.77148 
1.60254 
2.99805 
2.74805 
-4.5791 
2.21484 
-5.00684 
-2.43652 
3.44238 
-1.8916 
-1.55957 
3.47559 
2.86133 
-0.84668 
4.83398 
-3.33789 
1.94531 
2.01563 
-4.4043 
0.811523 
1.80957 
-2.43555 
-2.76758 
-0.647461 
1.53223 
2.68555 
-1.84277 
3.16211 
2.625 
2.58008 
-6.20313 
-1.90723 
3.76953 
-2.60547 
2.17773 
-3.3916 
1.27344 
2.28418 
-2.05762 
-3.61621 
2.01855 
-3.11035 
-1.16797 
-3.37109 
0.610352 
-7.46973 
-3.17773 
2.84473 
0.412109 
-0.473633 
-1.78906 
1.75098 
-6.16016 
-2.00488 
-0.998047 
4.19922 
2.33496 
1.57129 
1.88281 
0.591797 
-6.23926 
2.48047 
1.17969 
3.98535 
2.49707 
0.65918 
1.92969 
2.21484 
3.22852 
2.50098 
-3.22852 
5.54883 
1.02637 
0.763672 
0.442383 
-1.74707 
1.82715 
-1.49023 
-1.62598 
3.41602 
5.04688 
2.54102 
0.111328 
-0.605469 
3.17285 
-3.58594 
2.33008 
-0.87793 
-1.98047 
3.00391 
-7.58398 
-1.84277 
-0.695313 
1.69922 
-6.9248 
0.458984 
-0.191406 
-2.44238 
-0.580078 
0.916992 
3.62207 
3.19434 
-3.2334 
0.22168 
-4.22656 
0.176758 
1.04004 
-1.72363 
-4.72949 
4.1709 
-1.4707 
2.57324 
-8.08496 
0.860352 
0.963867 
3.66602 
-0.0751953 
3.92188 
-1.41406 
-2.93945 
-0.825195 
0.746094 
2.04492 
2.91602 
-3.52441 
2.89453 
-4.68262 
-2.48145 
0.694336 
0.786133 
-7.35449 
-0.764648 
0.0556641 
-3.33398 
-6.3916 
1.19141 
1.91602 
-5.60547 
0.202148 
2.5459 
-0.862305 
-4.99414 
2.17578 
1.70313 
-4.20605 
2.51074 
5.10547 
3.54883 
3.11914 
3.29199 
-5.3457 
0.9375 
1.37207 
-1.37305 
0.219727 
0.148438 
0.602539 
2.99902 
-0.911133 
1.03613 
-1.77441 
3.08984 
2.51367 
3.56348 
0.152344 
-5.68359 
2.19141 
-7.32031 
0.18457 
1.73242 
1.90723 
1.98828 
-4.8125 
1.52539 
0.338867 
-5.48633 
0.486328 
1.875 
-0.921875 
2.5 
0.0742188 
-0.204102 
-0.280273 
1.30566 
-0.427734 
4.55176 
-0.920898 
3.29004 
3.64551 
3.99121 
-3.59375 
-1.06445 
2.10352 
-7.32031 
1.55371 
1.35645 
-2.21777 
0.260742 
-4.92383 
2.21582 
-2.31152 
3.42871 
-6.10156 
-0.336914 
-3.75586 
1.06445 
-3.40332 
4.72363 
-5.64941 
-1.67969 
0.319336 
2.06055 
0.861328 
-0.183594 
0.529297 
0.0839844 
0.285156 
-6.47949 
-4.33301 
-3.85449 
-3.64355 
-1.3125 
-6.66113 
0.780273 
-1.20508 
0.394531 
-2.15723 
-6.81934 
3.54395 
-0.109375 
0.637695 
2.98242 
-0.297852 
2.93848 
1.98828 
1.07324 
1.8125 
2.27832 
-8.08496 
-4.87988 
-0.299805 
1.13867 
-4.76953 
-1.35938 
0.208008 
-3.06738 
-0.118164 
-2.52637 
-4.2041 
4.70898 
5.46191 
-3.0166 
1.25781 
1.20605 
-2.72266 
4.24805 
3.52441 
-3.76855 
-4.02637 
4.42676 
-2.94043 
-2.62695 
-5.44531 
-2.05762 
-4.12207 
-2.7334 
1.14063 
1.16895 
-3.49805 
0.105469 
-3.18652 
2.11133 
0.867188 
0.714844 
2.30469 
-2.63281 
1.96484 
-2.15332 
2.36719 
1.27441 
1.2334 
0.224609 
4.22754 
-3.06543 
-4.67773 
1.7002 
1.27637 
2.11816 
5.80078 
1.83496 
-2.41406 
-0.448242 
-4.24707 
-2.12598 
-0.921875 
-6.98047 
-3.7002 
-2.64063 
3.65527 
6.17773 
0.651367 
-1.62891 
1.0498 
-0.133789 
-5.82324 
2.63184 
-6.85352 
-7.11133 
2.71875 
2.7207 
3.53027 
-1.99219 
-0.30957 
0.0800781 
1.33301 
2.07715 
2.8584 
3.37305 
0.652344 
1.69727 
3.31738 
-3.12402 
-4.3125 
-0.00292969 
1.21289 
2.91992 
-0.631836 
-1.51953 
-0.90332 
-4.12891 
-4.6123 
3.89746 
3.35547 
-3.11719 
-4.10352 
-3.50391 
2.87402 
-1.10352 
2.19238 
3.92383 
-2.3125 
1.61523 
2.48828 
-0.461914 
-4.11719 
-1.03516 
3.13867 
-4.2041 
-2.06348 
-5.99609 
2.23926 
-5.47461 
-0.724609 
2.80078 
1.17285 
-5.5791 
-1.51074 
-6.74707 
-0.908203 
-1.22266 
-1.18457 
-2.99609 
-3.52148 
-6.63281 
-1.61426 
-1.29785 
3.07324 
-1.33301 
-2.50781 
3.75781 
-0.0859375 
-3.18262 
-2.23535 
-2.875 
2.96094 
-8.08496 
6.19434 
4.34375 
1.58789 
-1.83301 
0.700195 
3.06641 
1.22168 
3.45898 
1.26855 
1.19043 
-0.775391 
-4.07324 
-0.807617 
4.00781 
-4.33301 
3.23438 
-0.193359 
1.89063 
-0.681641 
-3.48828 
-6.73926 
-4.0752 
5.89453 
2.87891 
3.50293 
0.00195313 
-1.09766 
2.7041 
0.898438 
0.667969 
3.53711 
-3.22852 
3.00488 
3.4248 
0.636719 
4.21094 
1.1123 
2.31641 
5.2832 
-5.41309 
3.22363 
0.677734 
1.87305 
2.91211 
2.45215 
-5.47461 
2.02832 
1.90723 
-3.09961 
-0.399414 
2.96777 
2.61719 
4.8418 
-0.130859 
1.13867 
-4.63379 
1.06055 
-3.94824 
-2.60449 
3.49609 
5.13086 
1.57813 
3.1875 
-3.90723 
0.416016 
-5.17969 
-0.591797 
-1.1123 
-2.06738 
0.635742 
-3.46387 
4.9502 
0.65332 
6.02539 
-0.439453 
-1.73438 
-3.33398 
-3.17188 
3.94336 
5.14063 
0.425781 
3.07813 
2.20605 
3.63086 
-3.60254 
-3.71582 
-6.50977 
3.0293 
-0.143555 
3.98535 
-1.0127 
-2.10449 
-6.16016 
1.94141 
-4.28125 
4.38672 
2.79883 
-6.3916 
5.06934 
1.94824 
-5.85352 
0.625 
3.43652 
2.3291 
-2.67578 
-1.62402 
4.44629 
5.81738 
-5.98242 
-2.7002 
1.05469 
-1.68945 
-1.88867 
-5.39258 
3.29688 
-3.54688 
-5.93945 
-1.09473 
4.37012 
-4.63379 
-3.03027 
-4.65332 
-4.33594 
-0.15332 
4.35742 
1.94141 
-0.544922 
-7.32031 
-1.58398 
0.0292969 
-3.03027 
5.14941 
-1.13281 
-1.39941 
1.0752 
5.5332 
0.780273 
-2.0166 
-1.40918 
0.847656 
1.16211 
-0.517578 
-5.45313 
2.25586 
-1.42969 
4.10449 
-4.93164 
-1.65039 
1.76074 
2.9082 
-1.86719 
1.71289 
-3.27734 
-4.84766 
-5.74707 
3.80273 
-2.77637 
2.49609 
-1.95801 
0.885742 
-0.973633 
-2.90918 
-0.0859375 
-3.32422 
-1.91406 
2.3877 
-4.4043 
-0.878906 
0.984375 
4.43652 
-5.86621 
3.89941 
-0.0957031 
-0.0117188 
-0.930664 
0.959961 
-0.195313 
4.92871 
-3.35254 
5.20117 
0.558594 
-1.03027 
1.9873 
1.77539 
5.7959 
-4.30859 
-4.0 
-4.5293 
-2.24707 
1.98926 
-2.67969 
-6.16016 
-2.0166 
-5.17969 
-0.745117 
-0.43457 
-1.12598 
2.17383 
0.375 
0.359375 
-7.24023 
3.35645 
-1.33887 
-1.21875 
2.71973 
-7.35449 
-2.55371 
3.51465 
-7.58398 
2.31934 
-2.76367 
-4.33105 
-1.96777 
-1.81641 
3.23633 
-1.13867 
3.87988 
1.33496 
0.866211 
-0.887695 
1.09473 
-8.08496 
0.859375 
3.03906 
-4.24023 
-6.49707 
5.76172 
2.31934 
4.7793 
2.00586 
0.485352 
3.22363 
-0.0537109 
5.39551 
1.03809 
4.32617 
3.23535 
-4.93164 
-4.32129 
-1.12695 
-2.90527 
-4.50977 
-5.17969 
3.82031 
-3.79492 
-1.24023 
-0.905273 
5.92188 
5.38086 
2.02441 
-0.631836 
-3.4043 
3.69727 
3.79199 
1.55469 
1.95313 
-5.36426 
-0.234375 
0.84375 
-4.24219 
3.43652 
-4.72949 
-2.11816 
3.08301 
-4.22754 
-3.17676 
-3.89941 
-0.37793 
-7.32031 
1.93945 
-3.77148 
1.2998 
1.46973 
-2.98242 
4.04199 
3.76855 
-4.15625 
1.55957 
-4.03516 
-4.95215 
-1.18555 
0.591797 
-6.85352 
1.22559 
0.579102 
0.632813 
2.33691 
0.832031 
4.9248 
2.52832 
-2.20703 
5.00098 
1.5918 
-5.09277 
-0.542969 
3.18652 
1.83691 
0.0195313 
3.56152 
-2.46875 
-3.29004 
-3.60254 
5.38867 
-3.19434 
-1.88477 
0.849609 
2.1416 
-4.74512 
3.47168 
-5.42578 
-1.70703 
3.84961 
2.32031 
-7.11133 
-3.35449 
0.902344 
3.5957 
4.33984 
-1.00391 
-3.45801 
5.50781 
2.44922 
1.67285 
1.64355 
-6.98047 
-0.961914 
-3.83398 
1.54883 
-2.24805 
-1.92969 
1.28027 
3.30566 
2.02441 
-3.5166 
-2.75195 
3.08008 
-4.86328 
-1.07129 
-3.09082 
-2.34961 
-0.838867 
-1.62891 
1.12402 
0.00683594 
2.5127 
1.21582 
1.15234 
3.4082 
4.8457 
3.76953 
4.8291 
0.818359 
2.12793 
-0.169922 
3.2373 
-0.310547 
-0.957031 
-8.08496 
-2.48145 
0.328125 
3.07617 
0.517578 
-3.09473 
0.15918 
-1.13477 
-5.0 
2.26465 
3.23535 
-0.998047 
-4.25781 
-5.17969 
0.541016 
-6.5752 
-1.68359 
5.58008 
-6.81934 
-5.1748 
2.85645 
0.439453 
1.59766 
-1.05078 
0.640625 
2.03027 
4.26855 
1.71387 
2.07031 
2.26172 
-2.4502 
-3.20508 
-1.53711 
-5.82715 
4.99609 
-3.47559 
5.93848 
2.22559 
4.03027 
-5.77344 
0.452148 
3.58398 
-3.49805 
0.645508 
-4.44922 
0.411133 
-1.78418 
1.13184 
-1.32715 
0.632813 
0.897461 
4.08301 
-7.35449 
-0.332031 
-0.3125 
4.56836 
-5.26563 
1.86035 
-1.27734 
-3.81445 
-2.54883 
-4.66602 
-0.686523 
-1.23926 
-1.29492 
2.32324 
-1.8916 
3.13184 
-2.40527 
-3.23926 
-0.643555 
-5.78613 
-2.43652 
-0.0957031 
-1.99023 
-2.58984 
-0.958008 
0.819336 
-5.36426 
0.514648 
-4.87891 
2.61621 
2.72461 
2.0918 
-5.62988 
2.68164 
-4.67773 
-7.58398 
0.521484 
-0.392578 
4.5957 
0.836914 
-3.05859 
2.68164 
3.30371 
2.20508 
5.24414 
-2.38867 
-4.57227 
-1.15137 
-5.84473 
-1.95898 
2.30273 
-7.35449 
-1.09473 
-2.73633 
3.19922 
-1.47363 
2.49609 
1.7334 
-3.68555 
-4.84082 
0.228516 
1.0332 
-2.3877 
1.14648 
-2.18262 
-2.38184 
-4.50977 
-0.258789 
1.125 
2.05859 
-4.63379 
-5.09277 
2.2627 
-0.146484 
-3.24707 
-2.27148 
-3.22852 
2.49902 
4.6377 
2.16602 
-5.43164 
0.604492 
-1.06738 
2.03906 
3.3916 
-3.19336 
-1.58594 
1.41309 
2.70996 
3.75 
-1.92969 
-3.4873 
3.25977 
-3.14258 
-1.21484 
2.07227 
1.45996 
-3.27832 
-3.00977 
-4.34668 
1.72266 
-1.33691 
-2.13086 
0.56543 
2.34668 
-0.53418 
-0.358398 
2.55078 
2.54688 
-5.16797 
4.95605 
1.5293 
-0.913086 
0.478516 
-6.66113 
-3.99707 
-5.17969 
2.57031 
-3.32031 
1.07129 
4.29688 
1.59668 
-2.5791 
-0.435547 
-1.51953 
4.4043 
1.77051 
-0.130859 
-0.253906 
4.19141 
-2.44238 
-2.66992 
-1.6416 
-1.83594 
-5.86133 
1.7832 
-3.83398 
1.65723 
-3.6709 
2.39648 
2.20215 
-4.22754 
1.80273 
2.02832 
-2.82422 
-1.125 
0.890625 
0.484375 
2.75195 
-0.608398 
1.10742 
-2.35645 
4.70898 
2.07324 
4.11426 
0.94043 
0.825195 
4.25879 
3.76855 
-0.895508 
-3.9082 
-7.32031 
3.08887 
-1.31934 
0.118164 
-4.33301 
1.90918 
1.50293 
3.60742 
0.955078 
-0.730469 
4.36035 
-3.54199 
3.89941 
-4.33594 
0.219727 
0.299805 
2.9209 
4.29492 
2.88867 
2.82227 
4.4873 
-0.71875 
0.532227 
4.64648 
-0.481445 
-1.67188 
2.93652 
-3.74219 
-5.16504 
0.108398 
-0.563477 
2.08594 
1.40625 
3.63867 
-4.26465 
-1.48535 
4.07715 
1.58887 
6.85645 
-3.64063 
3.16211 
-5.66113 
-4.50488 
1.56738 
-4.31348 
-0.400391 
0.488281 
-2.08887 
1.01855 
3.57129 
5.85059 
-0.71582 
3.03125 
3.01758 
-4.67871 
1.08691 
-6.13184 
2.28906 
2.63477 
-8.08496 
2.78711 
-0.724609 
-2.69434 
-0.473633 
-0.40625 
2.14941 
1.8457 
-3.50781 
5.35742 
2.2041 
3.88379 
-5.50977 
2.3457 
3.41699 
1.20898 
-3.91406 
1.27051 
2.52832 
0.576172 
3.26953 
-1.30176 
-3.94043 
-2.98242 
-0.948242 
3.58594 
4.42676 
-6.50977 
-2.4873 
0.0302734 
-3.86719 
-4.24805 
-1.17871 
0.495117 
0.891602 
1.90234 
1.45801 
1.64941 
1.94727 
4.23926 
4.27441 
-0.807617 
-2.53516 
-7.11133 
-1.10547 
-3.08594 
0.77832 
-1.58203 
-0.704102 
0.251953 
2.0459 
2.74414 
-2.90527 
2.24414 
3.14844 
3.58203 
-3.95898 
-1.24707 
-4.14844 
1.28906 
1.96875 
-5.51563 
1.38574 
-6.5166 
1.6123 
1.01465 
2.18555 
-4.12207 
6.42969 
1.73535 
0.84668 
-5.89648 
-4.54395 
-4.58398 
3.0498 
3.13086 
-6.5918 
1.57813 
4.1582 
1.43262 
1.66211 
-1.95898 
-5.29492 
0.611328 
3.34668 
-1.64453 
0.69043 
1.24316 
-0.555664 
1.24512 
-1.40625 
-7.32031 
-3.90723 
-0.745117 
1.31348 
-0.706055 
5.50781 
5.20801 
4.4502 
-6.20117 
2.53223 
4.1416 
-1.74023 
1.32422 
-2.66504 
0.447266 
-3.14258 
1.0752 
-6.73926 
-0.811523 
4.6084 
-2.46973 
1.43555 
-3.75586 
2.45605 
-5.36426 
1.2832 
0.750977 
-2.52441 
-1.93652 
2.29492 
-3.89453 
3.83789 
4.49805 
-2.58691 
3.5127 
2.95703 
1.80566 
2.11816 
-0.666016 
-6.23926 
3.47461 
2.23242 
0.0917969 
-1.94531 
-1.83301 
0.334961 
-8.08496 
2.93652 
2.94043 
0.179688 
0.306641 
-2.20605 
0.847656 
4.96875 
-3.49414 
1.41602 
-3.00195 
0.517578 
1.27246 
-5.19531 
3.72266 
5.6416 
-3.75586 
1.88574 
-0.592773 
3.53418 
1.51465 
0.847656 
-4.63379 
-2.77344 
-0.946289 
1.37695 
-2.74609 
-0.620117 
2.82324 
-3.25488 
-1.06738 
4.98145 
4.49609 
-0.242188 
4.10059 
3.95703 
-0.0244141 
-2.74121 
0.233398 
5.37891 
-6.5752 
2.08984 
5.31641 
4.72852 
0.832031 
-4.50977 
-1.27246 
-4.18848 
1.51367 
-1.16113 
4.6582 
2.31152 
3.93457 
2.14453 
2.14551 
3.25586 
-5.82227 
2.0 
-1.71094 
0.0556641 
0.798828 
2.40332 
-0.258789 
3.1084 
0.0800781 
-2.8125 
-4.43066 
1.11035 
-8.08496 
4.3584 
-3.08301 
2.07324 
4.5459 
-7.24023 
-5.66113 
5.25977 
2.79102 
1.74121 
-3.41406 
-2.77734 
-1.13867 
2.21094 
0.442383 
2.58203 
0.994141 
0.944336 
4.0957 
2.84082 
-1.49121 
-1.45898 
-1.56836 
4.22754 
-2.52344 
-7.36328 
-1.4248 
-2.50781 
-6.49609 
-4.05957 
5.44043 
0.0146484 
-4.41797 
3.37988 
-7.35449 
-1.81055 
2.55957 
-0.646484 
-0.103516 
-3.77148 
-1.00098 
1.33008 
-0.328125 
2.27148 
3.87793 
-3.51367 
-2.30176 
-5.42578 
1.14648 
-1.23926 
5.62402 
-1.0127 
-2.76758 
-4.17188 
-2.1377 
-2.10254 
-2.86621 
1.09961 
4.03906 
2.56348 
0.0205078 
-2.00684 
0.444336 
-1.14941 
-0.745117 
-1.32227 
1.25684 
-3.77148 
1.85059 
-5.16309 
-7.58398 
1.98926 
-0.378906 
-1.49219 
1.39746 
-4.64844 
-4.44238 
4.7002 
2.60156 
3.94531 
3.91602 
1.24805 
-0.141602 
-4.03809 
-1.23145 
0.612305 
-1.06152 
-0.456055 
-0.4375 
-1.96582 
-3.91211 
0.776367 
1.5957 
-1.05273 
-0.166992 
1.0127 
-4.97168 
-4.18848 
2.19141 
3.8916 
3.7832 
-2.42188 
-3.25977 
-0.6875 
0.688477 
0.864258 
6.86426 
2.33789 
-6.98047 
-4.15039 
2.5166 
1.3291 
3.62891 
1.11621 
0.0605469 
2.68164 
-5.08008 
-5.84473 
4.0752 
-0.298828 
2.11719 
0.910156 
1.62793 
-4.17383 
4.69922 
-0.295898 
3.78516 
-6.3916 
-8.08496 
0.913086 
4.20801 
-0.254883 
-3.28125 
-7.35449 
-0.982422 
-4.6123 
-6.2373 
-3.42383 
-1.90625 
2.87207 
3.27441 
5.2998 
1.54199 
-5.7168 
4.55566 
1.93457 
4.17773 
-6.16016 
3.08496 
-0.90918 
-4.3418 
-5.39453 
-2.35547 
-1.10645 
1.27148 
1.04004 
-3.53809 
1.77148 
-2.73242 
-0.0507813 
0.709961 
-1.21582 
3.46387 
-0.0517578 
-2.80859 
1.41406 
1.61426 
-5.39453 
3.06738 
-2.625 
-8.08496 
-0.246094 
-3.4209 
-6.42383 
-4.30566 
3.58105 
4.09277 
-2.98242 
3.15527 
2.15137 
5.88184 
3.55273 
-0.587891 
-0.262695 
3.58203 
2.38867 
-2.08984 
-7.32031 
0.438477 
-4.33594 
0.858398 
-1.64551 
-1.36035 
4.36523 
5.23535 
3.82813 
1.375 
-5.6123 
0.389648 
3.88379 
-7.32031 
0.25 
-3.83398 
4.45801 
-1.02148 
4.41504 
-5.89453 
4.53906 
0.96875 
-8.08496 
-1.6709 
-1.00391 
-2.32129 
-2.35547 
-6.0459 
-5.17969 
0.852539 
-2.93945 
-8.08496 
3.12793 
3.125 
-0.571289 
2.79199 
-4.50488 
3.79785 
0.373047 
1.15527 
3.6123 
1.33105 
-1.17188 
4.47461 
-5.4248 
0.863281 
0.244141 
-3.64355 
1.24414 
2.31934 
0.25293 
-2.69629 
-0.897461 
-1.6377 
3.29395 
-4.69141 
-1.2207 
-6.47949 
-1.375 
1.91797 
1.65723 
3.90332 
-5.00293 
-1.76758 
2.57031 
0.521484 
0.00878906 
1.35547 
-6.625 
4.41113 
2.26758 
2.55078 
1.89941 
-1.12598 
-1.85254 
-6.50977 
5.12598 
3.46094 
0.881836 
3.61621 
1.31738 
-0.448242 
-4.77734 
3.33203 
-1.80371 
-4.58594 
-1.57813 
1.47461 
2.50195 
0.476563 
-3.92676 
3.25781 
5.04199 
-4.48828 
6.32813 
-6.98047 
-0.0253906 
2.10742 
5.18262 
-5.43848 
5.5625 
-1.69434 
-5.42578 
-1.18164 
-3.09277 
3.14844 
-2.56738 
3.52148 
-2.2793 
3.62598 
3.0625 
-6.94043 
0.929688 
3.6084 
1.64648 
5.54688 
1.90918 
0.185547 
-6.5752 
2.10449 
-3.37012 
2.43555 
-5.86133 
3.2793 
-1.93457 
-6.09082 
-1.6416 
-0.192383 
1.31738 
1.79297 
-0.293945 
1.49707 
6.81445 
-4.54395 
-3.15625 
-1.83789 
1.11133 
1.82031 
-0.395508 
3.39355 
-3.9668 
-2.6416 
-1.30859 
2.02637 
-3.42383 
3.79395 
4.0625 
0.333984 
2.17773 
-5.84473 
2.56348 
-1.74902 
-0.353516 
0.505859 
1.75195 
-6.23926 
-1.74023 
-2.32129 
1.53223 
3.6084 
2.1709 
1.91895 
4.83203 
-6.50781 
-5.36426 
-6.23926 
-2.04102 
2.37598 
-2.30371 
3.50586 
2.58594 
0.733398 
-1.28809 
3.91797 
-2.73535 
0.0664063 
3.62109 
0.34668 
-2.48535 
-2.15137 
3.03711 
2.29395 
-0.370117 
-3.31641 
-4.28125 
-4.65527 
-3.08789 
1.5791 
1.9707 
3.32715 
5.52441 
2.19238 
-2.23926 
1.86426 
-5.84473 
-3.06641 
1.11621 
0.297852 
1.00977 
1.95508 
-0.157227 
-2.92676 
1.79199 
0.242188 
3.54785 
2.57324 
-8.08496 
-0.242188 
1.1582 
1.70605 
5.59082 
3.65137 
3.51367 
3.74609 
-0.998047 
0.777344 
-3.77148 
-4.25977 
3.45898 
2.51758 
-1.4209 
-3.89258 
-1.28613 
5.61719 
-6.05371 
5.11816 
-1.50879 
5.26953 
-0.179688 
4.99902 
2.11328 
-0.908203 
-0.697266 
1.55371 
2.5127 
-1.46484 
-6.66113 
-2.07422 
-4.23438 
-0.249023 
-0.382813 
0.486328 
-0.414063 
-0.428711 
4.84668 
1.9209 
3.15137 
-1.99707 
-5.09473 
2.96094 
-2.22363 
-1.78516 
-3.55469 
-1.21582 
0.867188 
3.7998 
-1.62402 
-0.105469 
2.35254 
-4.36523 
2.38379 
-3.44824 
-1.25586 
-4.57324 
2.08398 
0.240234 
-0.0517578 
-2.24805 
1.83203 
-1.24316 
-1.1582 
3.52148 
-0.429688 
-1.71484 
0.643555 
1.91016 
-5.84473 
4.98438 
5.94727 
-2.73242 
-3.38965 
5.19629 
-5.86133 
-5.72461 
-1.40918 
1.9502 
0.175781 
1.68555 
4.05273 
-2.10449 
2.8291 
0.787109 
-2.45801 
-0.0869141 
3.04004 
-8.08496 
3.44922 
2.71094 
-0.339844 
-0.486328 
-1.93652 
1.96484 
1.23438 
3.50391 
0.955078 
3.15527 
-2.12305 
-3.49707 
-6.73926 
-6.25 
1.03027 
-2.70215 
-7.46973 
2.69629 
-4.36523 
-5.56641 
2.66602 
-3.34375 
-0.964844 
0.513672 
-1.17578 
-0.302734 
1.87891 
3.49414 
-3.93164 
-2.42383 
-0.318359 
0.630859 
2.84863 
-0.09375 
-0.792969 
-3.37207 
-2.30371 
-6.85352 
-0.0458984 
3.13184 
1.95117 
1.50879 
0.0429688 
3.05566 
-5.07324 
0.235352 
6.41797 
0.203125 
2.88867 
-3.25684 
-7.00879 
-1.39258 
-2.7041 
-1.13281 
4.35645 
-4.11719 
3.03809 
-2.74316 
-5.20898 
3.15527 
-0.0966797 
-0.133789 
2.6416 
1.89648 
-3.90723 
-7.35449 
-1.54492 
1.40039 
0.613281 
1.19141 
-0.169922 
-3.38965 
-4.65723 
-1.35449 
-1.48145 
-4.53516 
2.83691 
-1.40723 
0.232422 
0.25293 
0.680664 
-0.818359 
3.53809 
1.08008 
-2.99902 
1.38477 
0.0654297 
-6.38086 
-7.46973 
4.6875 
-0.539063 
-3.04102 
0.678711 
1.66211 
1.06543 
-4.50977 
-2.36426 
-0.560547 
-3.94043 
3.5459 
4.16309 
-0.512695 
-1.59766 
2.05469 
3.6123 
3.82813 
0.459961 
5.36133 
3.30762 
3.96094 
-4.79785 
-0.868164 
-3.65625 
2.12207 
-5.0791 
-4.54102 
0.87793 
-1.44531 
-2.16309 
-2.97852 
-0.992188 
-4.27051 
-4.45801 
3.63379 
0.749023 
-4.63379 
-3.18555 
-1.17383 
-2.17969 
1.69824 
3.89551 
-6.2373 
-6.74512 
-5.60156 
-4.68262 
-1.75684 
-5.15723 
-6.66113 
4.87012 
3.04199 
-3.32324 
-1.44043 
-2.43848 
-1.87598 
-4.63379 
2.36328 
-1.58887 
1.31641 
-0.09375 
2.05762 
0.624023 
-1.82422 
-0.739258 
-2.9707 
3.39063 
1.70605 
-0.980469 
-6.51563 
1.74902 
-1.41406 
3.46582 
-4.3418 
4.03711 
1.82031 
3.1416 
3.16797 
-5.45801 
-0.47168 
-3.91992 
-1.69434 
-2.63965 
3.03027 
2.89258 
-3.25488 
2.11328 
-0.758789 
-0.198242 
2.51563 
-1.24023 
-2.9209 
1.89746 
3.06738 
1.0 
-1.28613 
-0.142578 
6.95313 
-0.380859 
0.185547 
-0.133789 
-4.63379 
-3.81836 
3.77148 
0.417969 
-5.81641 
-1.54492 
-2.49219 
-1.77734 
-2.31543 
-1.92188 
4.13672 
-0.259766 
1.24707 
1.98926 
-5.78027 
2.35059 
2.09961 
-1.27734 
0.419922 
1.66699 
4.75391 
-0.529297 
0.917969 
1.0 
3.43359 
-0.579102 
-2.19629 
-3.12695 
0.520508 
-2.6709 
-1.46484 
-0.728516 
-4.18164 
-1.54785 
-2.0918 
1.70605 
-1.20898 
1.82617 
-2.68945 
-6.94043 
0.277344 
-4.6123 
-5.62695 
0.423828 
-2.32813 
1.18066 
2.66113 
0.1875 
-3.10742 
-1.73242 
3.49023 
2.92773 
-3.98242 
2.71973 
-3.45801 
-4.57227 
0.40625 
-3.47363 
1.4541 
-0.264648 
-3.57422 
1.76953 
-4.08301 
1.19141 
2.14453 
4.39941 
-2.15332 
-3.69434 
2.37988 
4.12988 
3.17871 
2.50195 
0.00976563 
-6.51563 
7.87109 
0.520508 
-6.5752 
-3.86816 
4.86035 
-2.76758 
0.832031 
4.07031 
-3.8457 
-5.4707 
4.7666 
-1.08789 
-0.902344 
-3.75586 
1.81836 
2.19141 
1.62598 
-1.39258 
-1.24023 
-0.232422 
0.586914 
-0.703125 
2.0 
-2.3584 
-0.30957 
-4.69434 
-2.50098 
-7.24023 
0.287109 
-7.35449 
2.97363 
-0.495117 
-2.49902 
-1.49707 
0.405273 
5.73242 
2.80078 
-3.30078 
0.517578 
1.59473 
4.89355 
-1.9209 
-5.84473 
1.28613 
-2.60156 
2.74121 
2.17578 
-2.43652 
-1.78906 
1.59863 
-6.00879 
5.62207 
3.16309 
-1.38965 
-3.37012 
2.50977 
-4.18262 
-4.20117 
6.07031 
-4.63379 
2.27246 
-3.18652 
-4.89453 
2.8457 
-2.50879 
-3.24902 
-3.27441 
-4.67871 
-2.7627 
-1.15918 
-3.05371 
-0.571289 
0.197266 
-3.50391 
0.996094 
2.36816 
0.579102 
-2.92871 
-3.45996 
0.832031 
4.74609 
2.69434 
1.5459 
3.70313 
-2.00879 
-2.35254 
-1.06445 
-4.71973 
0.87207 
-1.2168 
0.0810547 
-2.25 
-6.73926 
0.0566406 
1.34668 
0.512695 
2.24609 
3.26367 
-4.03516 
4.16797 
0.619141 
-3.28027 
-1.38184 
0.563477 
-0.705078 
3.3877 
-4.06738 
1.60156 
0.473633 
0.936523 
5.11621 
-6.21777 
0.75 
-6.66113 
4.68652 
-0.239258 
1.38672 
1.1582 
0.104492 
-3.07227 
-3.90723 
1.34961 
0.80957 
-1.96582 
3.17188 
-2.66406 
-1.41504 
-1.27344 
-6.49707 
-5.29492 
-3.60254 
-0.711914 
-3.25879 
2.05957 
4.93359 
-1.66406 
-7.58398 
-5.23535 
-1.66211 
1.05176 
3.83789 
3.13281 
-0.469727 
-0.271484 
1.0332 
-0.0878906 
2.78516 
-6.74512 
2.22852 
0.868164 
-0.428711 
0.707031 
2.51758 
-0.804688 
1.97754 
2.99902 
2.62305 
0.84375 
2.18359 
-2.88965 
2.88867 
-4.16211 
-4.91309 
3.19434 
-4.18848 
-3.83691 
2.8125 
-6.38086 
0.943359 
0.794922 
3.04004 
-5.08496 
3.36133 
-4.43066 
1.64453 
-4.74414 
-3.14258 
3.13574 
5.14355 
0.570313 
3.37988 
3.37012 
3.42969 
3.63086 
-8.08496 
-0.375 
2.09473 
-5.86816 
4.38379 
-1.45508 
-2.99512 
1.32813 
0.103516 
-3.98145 
-3.76367 
-4.56836 
5.36328 
1.49023 
2.95215 
2.08301 
3.3418 
3.26953 
-2.05664 
-0.138672 
-0.34082 
-2.49023 
2.38672 
-1.07422 
2.96777 
3.10059 
-0.670898 
1.03906 
-1.17383 
-2.35547 
-3.43652 
3.58203 
0.298828 
-0.12793 
3.99902 
-1.64941 
-1.44043 
2.81641 
3.54785 
4.81641 
4.79297 
-4.54297 
0.941406 
-1.91211 
-1.78418 
-1.41309 
2.96191 
0.705078 
-2.25 
-2.50781 
2.39844 
-6.73926 
-3.3457 
2.51367 
1.30469 
1.97754 
-1.83691 
0.178711 
-2.41309 
-2.09668 
-2.7627 
3.82324 
3.15332 
1.49609 
-1.92969 
3.9541 
-6.05371 
1.66016 
-2.38086 
-0.53125 
1.24219 
1.3623 
4.03809 
-0.396484 
4.28711 
-1.62207 
0.503906 
-0.298828 
-1.70703 
-5.82227 
1.51758 
4.51563 
-1.22363 
-5.54297 
1.3457 
0.669922 
0.119141 
-2.90918 
-1.45605 
0.21875 
2.8457 
-5.33691 
-4.58008 
-3.0957 
-3.08594 
-2.98242 
0.305664 
-3.10645 
-0.416992 
-0.553711 
1.76465 
4.46582 
3.91211 
-3.89063 
-1.70801 
-2.59473 
-5.36426 
-4.62012 
1.34863 
-2.86426 
-3.84766 
0.416016 
-3.51563 
-3.17676 
-0.583984 
-1.70508 
-1.10059 
0.424805 
2.57129 
1.57617 
3.24316 
-0.900391 
1.20117 
-1.18652 
-1.06152 
-5.82227 
-2.57324 
1.34375 
2.5957 
0.25 
-8.08496 
2.79004 
-5.55273 
-4.18164 
4.69629 
2.99609 
2.71484 
1.82422 
3.47559 
1.78223 
-0.569336 
1.61621 
-2.28223 
1.36035 
4.03125 
-1.3584 
0.802734 
-0.992188 
5.22559 
2.02539 
-2.26074 
-3.60254 
-0.999023 
-3.02539 
3.89746 
4.12305 
-2.73535 
5.46875 
-2.08887 
2.74414 
-1.70703 
6.23926 
-0.139648 
3.34082 
-0.576172 
3.59277 
-7.35449 
3.26953 
0.882813 
-1.29395 
-3.95898 
3.25 
1.09863 
-2.98535 
-1.92285 
-1.64355 
-1.14746 
2.05664 
3.47852 
-2.49707 
-2.27148 
3.99023 
4.33301 
-5.97656 
0.144531 
-7.46973 
2.375 
3.78223 
2.56738 
2.70996 
-5.17969 
3.5293 
1.05664 
0.435547 
3.45117 
2.41113 
2.68555 
3.34473 
4.05469 
5.19141 
1.41699 
4.60352 
5.09668 
2.18652 
0.145508 
-0.164063 
-4.93164 
0.143555 
2.48828 
1.57813 
1.80371 
-4.15625 
-1.19922 
0.652344 
-7.36328 
-1.92969 
-0.828125 
3.44922 
-6.81934 
2.1084 
-2.14355 
-0.722656 
-2.2793 
-5.82227 
-3.17773 
-5.08008 
-4.65723 
-1.44238 
0.480469 
0.207031 
-4.67871 
2.02734 
-1.27051 
-7.32031 
0.94043 
3.60742 
2.25586 
3.94531 
4.4375 
-0.0517578 
-5.81641 
0.81543 
-6.98047 
-6.16016 
1.76172 
-6.5752 
4.83496 
0.651367 
-2.46289 
-6.66113 
-1.38867 
-7.35449 
2.18457 
2.18652 
-1.83203 
0.493164 
0.739258 
1.19531 
4.79688 
-2.28223 
3.92871 
3.85742 
-0.882813 
-0.423828 
0.424805 
-3.53809 
-0.552734 
1.52832 
1.48145 
2.9668 
4.88672 
-5.42578 
3.31934 
1.46094 
0.69043 
2.77637 
-6.47949 
-3.84863 
2.77051 
2.15137 
2.25293 
3.7959 
0.394531 
0.27832 
-6.85352 
-0.644531 
-1.1123 
3.28027 
3.8457 
2.9707 
-0.731445 
-4.06348 
6.00586 
-0.55957 
2.1084 
0.0253906 
4.69238 
-0.989258 
3.58594 
-0.50293 
3.43555 
-1.15332 
3.80273 
0.435547 
-0.878906 
2.5166 
-1.5918 
-0.386719 
-2.16895 
3.2832 
0.226563 
5.64648 
-2.15332 
0.625977 
2.93457 
-5.51563 
-5.15137 
0.0869141 
-1.10547 
-1.24121 
0.0683594 
2.17578 
1.93457 
1.11035 
2.56055 
-1.82129 
-7.58398 
-6.2373 
4.36035 
0.856445 
-6.01563 
-0.137695 
2.89551 
-0.181641 
4.0625 
0.201172 
3.85742 
-0.516602 
-8.08496 
3.59961 
-3.0498 
-0.794922 
-3.68457 
-3.84375 
7.21191 
1.85059 
1.12207 
-3.92773 
1.50488 
0.402344 
1.08984 
2.1748 
0.379883 
3.44824 
-3.14844 
3.99121 
2.45703 
-0.734375 
0.771484 
-0.735352 
-7.11133 
1.84766 
-0.9375 
0.0673828 
3.58594 
1.16895 
-0.0224609 
-3.35352 
4.76465 
-0.325195 
-4.03516 
-3.23926 
5.15234 
-2.27148 
-6.58984 
-1.01758 
3.30273 
-3.05176 
-5.16797 
-0.884766 
1.91895 
-0.0214844 
1.0957 
2.67188 
0.171875 
5.4541 
1.2207 
-4.26563 
-0.22168 
-0.613281 
-3.38086 
0.447266 
-2.35547 
1.50781 
0.645508 
-0.445313 
-5.1709 
-0.922852 
-0.669922 
0.271484 
-5.44043 
6.0918 
2.01855 
-2.69238 
1.87598 
-5.6875 
4.60059 
0.269531 
-3.3916 
-0.141602 
3.24609 
-2.00684 
3.96094 
0.602539 
1.69043 
-2.17285 
-5.00781 
-0.0419922 
-0.34668 
2.86719 
1.61621 
2.67676 
-3.54297 
-5.7666 
1.62305 
3.23633 
1.56543 
-2.27832 
-0.427734 
0.914063 
-4.53027 
-0.855469 
3.50781 
0.439453 
-6.66113 
5.23828 
-3.90332 
-5.16406 
2.15723 
3.85156 
0.737305 
0.725586 
-1.36816 
4.54492 
-4.55371 
-7.58398 
-6.66113 
1.63672 
-1.21875 
-0.0488281 
2.3623 
4.75391 
1.94141 
0.982422 
1.71191 
3.27832 
-1.65137 
-1.58789 
3.14355 
-2.03711 
2.37402 
-6.66113 
-5.97461 
-0.334961 
-4.67871 
4.3291 
5.23828 
-3.59082 
-0.571289 
4.08887 
3.95313 
1.26465 
-1.67188 
0.353516 
1.98047 
-1.6084 
-0.183594 
1.125 
2.74414 
4.01367 
5.49219 
-5.73047 
3.08691 
4.45117 
0.723633 
-1.10938 
-1.4707 
4.30566 
4.22461 
-0.429688 
-0.0957031 
2.27637 
-0.768555 
0.175781 
-4.74609 
-1.29492 
-0.979492 
-3.16895 
-1.7998 
-1.15723 
-3.73242 
0.620117 
-2.02441 
3.42383 
4.83301 
-5.60156 
3.05078 
-7.35449 
-3.17676 
1.10352 
-1.38867 
-3.54785 
-7.24023 
-2.65918 
3.34961 
-1.62598 
-1.33887 
-2.45117 
3.35449 
-6.85352 
4.12988 
0.415039 
-0.365234 
-4.65723 
-1.41406 
-6.49707 
3.58984 
-4.79395 
3.80469 
5.14844 
-3.95898 
0.234375 
0.509766 
0.662109 
0.519531 
-4.87012 
1.91992 
0.763672 
-6.5752 
3.16113 
-4.18848 
-6.8623 
-6.19434 
2.37891 
-4.33301 
-4.66211 
5.58203 
3.52734 
1.14063 
2.36133 
-5.68359 
-6.58984 
0.015625 
-1.58789 
-5.04688 
5.23145 
0.0507813 
2.42285 
1.63867 
3.91016 
0.462891 
3.85742 
-2.90918 
3.12891 
-0.621094 
-0.0332031 
-2.98242 
-1.11719 
-2.16309 
1.99805 
3.4668 
1.00195 
-3.57617 
-1.21582 
-3.70117 
5.25195 
-0.0126953 
-0.942383 
-3.98242 
1.47461 
1.37109 
0.80957 
-3.70898 
4.46875 
-5.08496 
-1.65625 
0.787109 
1.54395 
5.19043 
-1.39258 
-2.25977 
4.62793 
-0.660156 
-1.5791 
2.2041 
-6.08887 
-1.13379 
2.6123 
-4.54297 
1.73535 
-5.98242 
0.845703 
-6.49707 
1.75684 
-1.92383 
-0.669922 
-8.08496 
-0.93457 
-3.69336 
1.9248 
2.53711 
3.96875 
-1.8291 
0.128906 
-1.86133 
0.900391 
-0.295898 
-0.258789 
-6.93164 
0.111328 
-4.52734 
-0.787109 
4.34082 
1.85156 
2.04785 
-0.250977 
-3.11035 
-0.654297 
1.78711 
-2.98242 
5.1709 
-0.680664 
1.27051 
-1.25488 
1.77734 
-7.35449 
0.75293 
-1.24023 
1.92676 
-3.33691 
0.0908203 
0.557617 
-3.53711 
-8.08496 
4.2627 
-3.01465 
-4.23535 
2.88867 
-5.86133 
1.46582 
4.19922 
1.20801 
0.0605469 
-2.25 
-1.41504 
-2.38672 
0.582031 
1.87598 
-5.47461 
-1.65234 
-0.84082 
-8.08496 
-4.02734 
1.54883 
3.85938 
3.04688 
1.5625 
-4.85742 
-1.01563 
-1.67969 
1.83203 
3.09766 
0.37793 
-2.12305 
-1.35449 
1.07129 
4.22754 
1.66992 
-3.3916 
1.77539 
-3.03027 
0.0322266 
-5.17969 
-0.957031 
1.38672 
-0.381836 
-7.32031 
3.96289 
-0.124023 
-5.11816 
2.64941 
-1.0957 
2.0918 
3.97363 
3.9043 
3.12598 
-5.44531 
1.11426 
1.90625 
0.910156 
2.27734 
3.66016 
-5.68359 
-0.170898 
2.30859 
1.53809 
-2.38086 
0.710938 
1.80371 
3.93945 
-0.272461 
-1.3252 
3.61523 
0.307617 
-2.43652 
-2.92871 
-5.29492 
-2.33789 
1.39355 
0.40918 
-1.03223 
-0.407227 
0.293945 
-6.81934 
2.18652 
-0.443359 
3.29492 
-0.776367 
2.29785 
-3.08398 
-0.0175781 
-5.4248 
2.89844 
-3.47852 
-2.2373 
-5.4248 
0.238281 
-2.90625 
-2.63965 
-0.195313 
-5.68359 
0.748047 
4.58203 
-0.476563 
-8.08496 
-3.39258 
-2.20508 
-1.9502 
1.34766 
-4.56445 
0.130859 
-7.58398 
-4.48828 
1.70313 
-2.15137 
-2.16309 
1.07227 
0.270508 
-1.83105 
-8.08496 
1.68652 
-4.66211 
4.21875 
-0.160156 
4.27246 
-1.8916 
5.12988 
-1.33691 
2.45508 
3.03613 
2.09082 
-5.74512 
4.14063 
-4.24316 
-3.08887 
3.31348 
-0.272461 
2.0166 
2.42285 
2.06543 
-4.72949 
-1.05859 
-3.05176 
4.20898 
-7.32031 
-2.30371 
1.47168 
4.58594 
-0.594727 
2.12988 
2.67773 
-0.191406 
2.31738 
0.830078 
-2.60449 
1.13281 
-2.49805 
-4.26074 
3.31152 
1.51367 
-2.7334 
2.76367 
-0.117188 
2.98633 
-1.35742 
-7.46973 
1.63965 
-2.19336 
-1.88672 
-0.547852 
3.25098 
3.24023 
3.45508 
-4.15137 
-3.62012 
-2.80371 
-3.32324 
0.735352 
2.43359 
0.973633 
1.24609 
1.03516 
-0.209961 
0.996094 
-1.07617 
1.78027 
-4.0752 
-0.688477 
0.867188 
0.72168 
3.05762 
-3.2666 
-2.29199 
1.31055 
-5.03613 
-0.267578 
-4.64258 
1.1748 
4.82813 
1.97949 
-1.89551 
4.58203 
1.50977 
-1.99707 
-5.50098 
-1.57422 
-1.85938 
-5.03613 
-0.206055 
-1.39063 
1.18555 
-1.47461 
5.4209 
5.14844 
0.705078 
-1.26367 
-4.66504 
-0.955078 
3.57617 
3.87305 
0.0361328 
1.35059 
3.21973 
-0.5625 
-3.66113 
1.39355 
-5.59473 
-2.16113 
-2.73242 
0.624023 
1.80078 
0.856445 
-1.2793 
2.08691 
-4.57324 
0.0556641 
2.92285 
2.99219 
-4.27148 
0.323242 
5.5498 
0.956055 
-0.883789 
0.553711 
-0.666992 
-3.06738 
2.03418 
1.43555 
0.303711 
-6.36035 
4.69824 
-2.97656 
2.75 
-3.46094 
-5.90039 
3.46191 
-1.08789 
-4.68262 
-6.58984 
1.21973 
1.03809 
1.03125 
-2.27148 
-3.03516 
-5.90039 
1.48438 
-0.380859 
-0.851563 
-5.03613 
1.33887 
-3.01074 
3.48828 
1.93457 
3.72266 
-5.16406 
1.34766 
-5.86426 
-2.07324 
3.76758 
2.23633 
-0.504883 
1.86621 
-1.60156 
-2.62305 
-3.08789 
2.625 
-1.84766 
-7.35449 
1.03809 
-5.33691 
2.4248 
4.25 
-6.49707 
2.75586 
-0.376953 
4.47852 
-1.13379 
-0.592773 
1.5 
0.427734 
-2.3584 
-5.66113 
-3.32617 
-2.46875 
-3.14844 
-3.49805 
-2.08203 
-2.27246 
-2.125 
-3.68066 
-0.552734 
0.776367 
-1.04297 
4.6123 
4.80273 
-3.25879 
1.60645 
3.35059 
-1.22266 
1.7627 
3.08496 
-3.95898 
-0.826172 
-0.0195313 
0.668945 
2.83691 
1.13965 
-5.01953 
2.55176 
1.38477 
2.7959 
3.62891 
-2.43066 
1.75 
4.62695 
4.16699 
3.01855 
-4.06738 
1.74902 
-1.35645 
-2.59473 
0.00683594 
-7.24023 
3.95605 
2.63574 
2.70996 
1.61328 
-2.65234 
-3.8457 
0.861328 
4.57129 
1.64453 
-0.347656 
2.27344 
-4.42969 
1.18848 
-2.59473 
0.382813 
-3.37305 
-0.689453 
0.694336 
-6.20996 
-6.3916 
0.978516 
2.55273 
1.0459 
1.79785 
0.786133 
3.99023 
-0.0996094 
-6.73926 
2.09766 
-1.11719 
-4.63379 
-3.72754 
0.665039 
3.47461 
1.44531 
-4.92383 
3.76953 
0.0771484 
-4.93164 
-0.141602 
-3.2832 
0.860352 
2.57129 
5.03223 
4.68945 
2.10742 
-5.17969 
-1.32715 
-3.48926 
-2.39453 
0.40625 
4.45898 
2.76953 
-2.24023 
-0.552734 
-0.106445 
4.15918 
-2.74512 
2.51563 
2.34766 
-2.71387 
1.40332 
2.41797 
-1.75098 
1.0459 
2.13086 
1.20801 
7.10254 
1.375 
3.44434 
1.59863 
1.31055 
-1.02246 
2.29883 
-4.67871 
2.26758 
-0.430664 
1.29199 
-5.04492 
-1.41406 
1.73926 
-8.08496 
-2.52832 
-3.49805 
-1.39258 
-2.00293 
4.78223 
-6.23926 
4.59082 
5.29395 
5.26758 
1.42969 
-4.75684 
-2.40234 
-4.95215 
-7.35449 
-3.37012 
4.33984 
-4.4502 
-2.36719 
-1.54395 
-4.31641 
3.9082 
-2.62988 
-5.86816 
1.77637 
-0.557617 
-0.393555 
1.7168 
1.43652 
-1.24902 
0.602539 
2.06348 
-2.07324 
0.453125 
4.67383 
-1.03516 
2.0918 
-0.162109 
-4.65723 
-4.13379 
-5.78613 
1.00586 
-1.58496 
-0.94043 
0.530273 
-0.514648 
-1.46094 
-0.817383 
-1.24805 
4.17676 
0.780273 
-3.90723 
-4.65723 
-3.65332 
-4.30566 
-4.75098 
-4.9248 
2.86816 
-6.51563 
2.77637 
2.56934 
0.0244141 
4.68555 
1.81543 
-5.0459 
1.99414 
0.857422 
-3.0459 
4.14355 
0.695313 
4.66797 
-2.73047 
-8.08496 
4.52832 
-4.16797 
1.52051 
1.33203 
5.0127 
1.79688 
2.79102 
0.140625 
2.71289 
-8.08496 
-0.65918 
-2.65234 
-3.2168 
2.42188 
2.50293 
2.2832 
-6.94043 
4.60059 
-0.885742 
0.166992 
3.70801 
-2.01953 
2.36621 
1.39648 
-2.79492 
-6.5752 
0.730469 
-6.59863 
-3.46387 
-1.70898 
-3.42578 
1.15332 
-2.16504 
-5.36426 
1.30859 
3.35352 
-7.46973 
-3.55762 
0.620117 
1.40918 
-3.91602 
0.982422 
-1.50586 
-3.68359 
2.48926 
3.39844 
-2.15039 
-6.98047 
-2.30957 
-0.313477 
-3.29297 
3.32422 
-5.08496 
-6.07422 
1.39844 
3.0498 
4.05469 
-3.47559 
1.54004 
-0.87793 
4.40527 
1.15918 
4.12598 
-3.69336 
1.11621 
-0.12207 
1.73145 
2.24902 
3.54883 
0.856445 
2.26367 
-2.79004 
1.85742 
2.22656 
2.02539 
-4.91895 
3.55566 
-2.99121 
-2.21777 
-0.643555 
0.855469 
-2.61133 
-1.16016 
-4.84277 
2.96094 
4.16309 
-0.679688 
3.73047 
-2.27539 
-0.0488281 
-1.67188 
2.8252 
-5.47461 
-5.17969 
-7.24023 
-4.02246 
-1.75 
2.44434 
-2.52637 
0.358398 
-0.300781 
-2.91992 
3.4707 
-2.80469 
-0.536133 
-0.373047 
-6.66113 
4.7959 
-4.13086 
4.96582 
0.539063 
-0.0839844 
-4.93164 
1.58105 
0.188477 
1.41699 
1.61035 
-2.11328 
-4.60742 
3.32422 
1.29297 
1.34668 
4.15527 
0.748047 
-0.799805 
2.33691 
0.00390625 
2.7207 
-8.08496 
-0.170898 
-4.32422 
-0.756836 
1.35645 
-0.523438 
0.839844 
-1.05859 
4.45117 
-4.34961 
2.17383 
-3.83398 
1.46582 
4.78906 
-1.85254 
4.56641 
4.51074 
0.105469 
2.82715 
-2.35352 
4.45801 
2.65918 
-2.39551 
0.345703 
1.51855 
-0.109375 
2.38867 
1.46777 
2.2041 
5.19629 
3.03809 
-0.0302734 
0.569336 
4.40723 
2.79004 
-4.23047 
-0.857422 
3.83105 
1.68066 
3.16895 
-1.46191 
5.64844 
4.36816 
-3.33594 
3.51855 
-1.06445 
1.40918 
-0.149414 
-0.314453 
-0.623047 
2.95898 
1.78906 
2.70703 
-3.28027 
0.439453 
-0.619141 
5.0625 
-2.47559 
-1.76563 
-1.89941 
4.13379 
2.2793 
4.48926 
-1.24902 
-5.68359 
0.405273 
-2.4375 
-0.424805 
-0.564453 
-4.26758 
2.77148 
-2.98242 
-0.479492 
1.7041 
-4.68262 
-0.146484 
3.0498 
2.11914 
0.327148 
-2.0752 
4.31445 
-6.74512 
-8.08496 
-2.09668 
-0.811523 
2.99316 
0.978516 
3.06934 
-0.0341797 
0.851563 
4.07129 
-4.00684 
1.28809 
5.57617 
2.99609 
5.74219 
-0.442383 
2.18066 
-5.16309 
2.44141 
3.6748 
-2.12402 
-7.35449 
1.71582 
-6.66113 
-3.7002 
0.0322266 
3.33594 
2.17871 
3.19238 
-5.51758 
-0.554688 
-0.258789 
2.41211 
4.91992 
1.8916 
-3.40625 
3.31543 
2.31152 
0.389648 
1.91016 
0.753906 
1.59863 
0.379883 
-1.81543 
2.55469 
2.71875 
-1.77051 
-1.24023 
5.13379 
-0.391602 
-2.88574 
-4.5957 
-6.0459 
-1.21191 
-3.85449 
1.43555 
3.03711 
-4.42285 
4.01074 
-1.12305 
-1.37598 
4.03613 
-0.232422 
0.755859 
1.00879 
-1.78418 
-0.347656 
-6.41406 
-1.48633 
2.09961 
-4.91211 
-3.43164 
-5.81641 
0.3125 
-0.336914 
1.87402 
-5.36426 
0.323242 
2.19727 
2.33887 
2.64453 
2.46973 
2.34277 
3.92871 
2.99121 
4.49512 
1.45605 
-2.67773 
-1.35449 
-3.82227 
-0.651367 
3.58887 
-1.92773 
-1.00391 
-1.08203 
0.34082 
3.07324 
-1.41699 
-3.55273 
1.7666 
-8.08496 
-2.76758 
-2.63281 
1.92969 
2.28906 
-4.07715 
-0.84668 
1.12988 
-1.76367 
-3.28613 
-1.45898 
-4.63379 
0.875977 
1.95508 
-2.1084 
0.631836 
0.978516 
1.28711 
0.923828 
4.29492 
5.47754 
1.80176 
3.0 
0.438477 
-0.458008 
2.36035 
-1.21875 
-0.0341797 
4.72559 
2.94043 
-2.93848 
-1.50781 
-5.36426 
-1.53516 
-6.12305 
3.88281 
-1.93848 
-2.45605 
-4.74414 
-0.275391 
-3.5166 
1.80078 
0.498047 
-1.87598 
2.74805 
0.457031 
0.424805 
-1.38184 
-4.66992 
-0.166016 
-0.864258 
-0.837891 
1.49902 
0.671875 
2.73145 
2.63477 
1.76172 
-5.44531 
2.39453 
2.45703 
-4.91211 
0.193359 
2.46191 
4.05469 
-1.2002 
2.2168 
-2.28125 
0.520508 
-2.83984 
-2.74121 
5.33789 
-1.74512 
1.02539 
-2.88184 
2.10938 
0.496094 
-1.00879 
5.1377 
2.81445 
1.74219 
3.875 
1.26172 
-3.49707 
3.36816 
-5.7666 
-0.0859375 
-2.29297 
0.5625 
3.65137 
1.58301 
-0.078125 
1.74414 
2.33984 
-3.92676 
1.33398 
-2.66992 
3.7627 
-2.25195 
3.32031 
-6.20996 
-5.33789 
1.52637 
-2.44238 
-4.11719 
1.05566 
4.91602 
2.45117 
-3.03125 
-0.180664 
1.5625 
5.11816 
0.635742 
-0.448242 
-0.598633 
3.18945 
-0.521484 
4.93652 
3.18555 
-0.107422 
0.823242 
-5.89648 
2.82813 
-3.66992 
-6.81934 
-2.02734 
-3.1543 
1.43262 
0.610352 
-4.96582 
-4.26563 
-2.43652 
1.83008 
-1.47852 
0.84668 
2.13086 
2.73438 
5.02832 
-1.8291 
4.9873 
-1.23926 
-5.00195 
-4.67871 
1.75391 
-5.13281 
3.59766 
0.927734 
-3.73242 
1.18066 
-3.39355 
1.95508 
-1.3584 
3.84668 
1.76855 
1.1709 
4.45703 
-0.0371094 
4.48926 
5.21094 
-0.117188 
-3.5752 
-0.404297 
-2.00879 
3.88867 
2.84961 
1.5166 
5.26855 
-6.16016 
-1.48242 
-0.287109 
-2.76758 
-1.28223 
-0.0185547 
-1.55176 
-8.08496 
1.12402 
0.901367 
-6.23926 
-2.4707 
1.9707 
1.84766 
3.7041 
-8.08496 
0.958008 
-5.42578 
-0.552734 
4.34863 
1.92969 
4.3457 
1.36035 
-2.64844 
-4.43359 
1.51465 
3.27539 
-2.27246 
2.39844 
-3.69043 
-1.25195 
1.51953 
4.04785 
-4.26855 
-3.96484 
-1.24316 
-1.66797 
-3.13574 
3.49902 
-0.805664 
0.588867 
-0.382813 
3.97949 
4.54297 
-1.24414 
3.38965 
1.86914 
-4.08301 
2.12793 
3.33398 
-0.462891 
1.2041 
1.54004 
2.50488 
-6.0459 
-1.2793 
-0.839844 
0.1875 
-4.03906 
-0.933594 
2.49316 
-1.84375 
-1.30664 
0.634766 
-4.44922 
2.21289 
5.08203 
1.56836 
1.35352 
2.44824 
-4.23145 
-7.35449 
4.0127 
-2.71777 
6.34766 
1.03711 
-5.28516 
0.583984 
-2.91211 
0.104492 
-0.0771484 
3.72559 
1.7666 
-1.41113 
-3.95703 
-0.822266 
2.44629 
1.64746 
1.25586 
-5.39258 
3.90918 
-3.41406 
-0.512695 
-3.25488 
-1.40234 
1.36914 
-2.25 
1.88867 
1.63477 
-1.11426 
-2.08105 
-6.85352 
-4.69141 
3.1377 
2.2041 
-0.253906 
-1.22461 
2.24902 
-2.52344 
1.73438 
2.82129 
-3.22949 
-4.60645 
-3.45898 
2.14746 
-0.505859 
-0.810547 
-2.7334 
2.64355 
-1.91992 
-7.35449 
-8.08496 
-1.70801 
0.438477 
0.0839844 
2.36719 
1.84668 
1.69629 
0.324219 
3.08789 
0.354492 
4.56934 
0.0810547 
0.203125 
0.695313 
2.73047 
-0.958984 
-5.08008 
-1.81055 
1.81055 
-1.90625 
-6.66113 
-6.27832 
-5.50977 
3.0127 
-2.375 
-5.62402 
0.980469 
0.283203 
2.99902 
-0.160156 
-4.62012 
1.31348 
2.17773 
-5.70898 
-3.25684 
-0.270508 
7.52051 
1.02734 
-1.99707 
-1.26563 
0.208008 
-1.38281 
0.563477 
-7.32031 
3.11621 
3.02051 
1.59473 
1.3457 
0.56543 
-3.44141 
-5.47461 
1.3291 
-3.2334 
-1.91406 
5.68262 
-5.44531 
-4.33301 
-3.25684 
-0.283203 
0.616211 
-0.170898 
2.3291 
-2.49414 
4.45996 
-3.60254 
-0.19043 
-0.963867 
-3.08594 
2.33691 
-3.03613 
0.0126953 
1.78027 
0.773438 
1.19824 
0.68457 
-5.36328 
1.58594 
2.03906 
-5.08496 
-4.4043 
4.95313 
3.01465 
-6.39355 
-3.73828 
4.12207 
-7.35449 
2.30078 
-3.18652 
3.41895 
3.52344 
3.50293 
0.945313 
-0.748047 
0.772461 
4.0791 
3.41797 
1.26465 
-1.67871 
-6.10156 
2.3584 
0.645508 
4.21777 
0.195313 
0.152344 
-6.5918 
-0.212891 
-8.08496 
-3.47363 
1.77637 
1.46094 
-3.0 
-1.15625 
-0.362305 
-1.74805 
-0.979492 
-2.08984 
-2.26855 
-5.25195 
-3.25391 
-3.42773 
-0.669922 
-4.68262 
5.88379 
0.821289 
-3.07129 
-3.49805 
0.0625 
4.88672 
-2.08105 
3.58691 
-3.43164 
-1.14941 
-2.00488 
2.12988 
-0.878906 
0.34082 
-2.7334 
-4.30566 
-0.87793 
2.54004 
3.48535 
4.49512 
0.949219 
-6.66113 
2.34375 
1.38477 
4.24512 
-1.18848 
-0.175781 
3.67285 
-1.6416 
3.12109 
4.06055 
-2.19824 
-3.90234 
0.550781 
-3.33105 
-3.59668 
-6.07422 
3.14063 
-1.66211 
2.97656 
-1.87598 
3.88086 
-6.58984 
-2.03711 
3.74414 
-4.62012 
0.838867 
3.07031 
0.708984 
-5.86133 
-5.06641 
-4.27148 
-1.65625 
6.62305 
-2.23633 
1.16016 
-1.94922 
-2.98535 
-5.16016 
-1.94336 
-6.24609 
-0.328125 
-1.07422 
-3.54492 
3.09375 
0.402344 
-1.33398 
-0.549805 
1.5332 
-1.50293 
3.21289 
1.93262 
-4.01563 
1.58984 
1.41699 
1.91406 
-2.15723 
-2.58691 
-5.1748 
-3.17676 
-0.314453 
1.52734 
2.12988 
3.35742 
-0.84375 
1.13184 
-4.44922 
5.2041 
2.82715 
-3.30566 
1.0957 
3.14746 
-4.6123 
2.45898 
-3.41211 
3.53125 
3.34766 
-1.55664 
-1.57324 
-5.17969 
2.18164 
1.05469 
-4.50488 
-2.38281 
1.89063 
0.643555 
0.532227 
-0.0332031 
-0.428711 
2.74414 
2.51367 
0.862305 
-7.35449 
-0.571289 
-1.44434 
-0.279297 
2.80469 
0.142578 
0.15625 
-0.850586 
-7.47754 
-1.74023 
0.255859 
3.76953 
-7.58398 
-1.19922 
-8.08496 
-4.77344 
1.8584 
0.623047 
-5.78613 
2.09082 
-0.660156 
-2.50098 
2.84375 
2.68652 
1.28906 
-0.564453 
0.210938 
-5.15137 
0.424805 
0.139648 
-1.47852 
-2.19824 
-0.630859 
-0.700195 
0.930664 
-4.44922 
2.375 
2.69336 
1.48145 
-7.35449 
-5.17969 
1.81348 
1.97754 
1.71484 
0.349609 
-3.49805 
1.60254 
4.12695 
0.308594 
1.98438 
-1.47656 
-0.0576172 
1.96582 
-2.67188 
3.0 
-2.29395 
-0.28418 
0.358398 
0.112305 
1.70703 
3.46777 
2.70117 
-0.501953 
-4.08301 
0.619141 
2.8623 
-6.66113 
1.0 
4.29395 
-2.37988 
-1.75781 
-0.274414 
-2.0166 
3.48438 
-6.5752 
3.1416 
3.17871 
2.1582 
1.17285 
0.477539 
4.25488 
0.378906 
0.208984 
5.60742 
-2.49023 
-0.0742188 
2.22559 
-2.09473 
1.04785 
-1.26367 
-1.46484 
0.862305 
2.91699 
-6.5752 
1.77051 
-1.01074 
-1.45703 
2.54785 
4.92969 
-5.3418 
-2.65527 
0.678711 
0.641602 
1.2793 
-2.97852 
-3.14063 
-2.51074 
4.14941 
2.62305 
2.19727 
3.52539 
-1.02441 
1.70313 
-4.0625 
2.09473 
-1.25195 
0.250977 
-3.85156 
-1.25195 
-6.0459 
1.7627 
1.32715 
0.331055 
4.96973 
0.68457 
5.45801 
5.18652 
-5.73242 
-0.512695 
-4.54102 
-3.08887 
2.72656 
1.40723 
2.68945 
-2.68848 
0.644531 
-4.20117 
5.99219 
4.0625 
1.71191 
-4.18164 
5.0 
-0.0234375 
5.87012 
-5.36426 
1.39063 
-0.800781 
-0.154297 
-4.24707 
-3.69824 
0.0898438 
2.6543 
2.70117 
2.05566 
1.80273 
-2.89453 
-2.25391 
-4.31641 
0.433594 
-5.23828 
-0.942383 
4.22949 
-1.42969 
-1.22852 
-2.56445 
4.53516 
-4.93164 
3.46094 
0.663086 
4.12207 
0.34082 
3.33691 
-5.39551 
-4.34863 
0.436523 
-2.02832 
-2.92285 
0.982422 
-2.40625 
3.12305 
2.19824 
2.17773 
-2.7959 
3.08984 
1.24902 
-0.0732422 
-0.816406 
-1.79395 
-0.806641 
-0.293945 
-0.552734 
-1.03418 
0.337891 
-2.43652 
1.99512 
-0.564453 
-2.29395 
-0.209961 
-4.4541 
-2.75 
1.93262 
3.56445 
-4.32324 
1.5332 
-0.165039 
-6.2373 
1.23047 
3.21289 
2.86426 
-0.735352 
5.68066 
-0.975586 
-2.28125 
1.56348 
-2.05078 
1.84961 
3.06543 
-4.68262 
3.96289 
-1.58789 
-1.85352 
2.82715 
1.89746 
-6.23926 
-5.5166 
-4.5957 
3.38184 
-1.85449 
-2.4834 
-2.71289 
0.512695 
1.53809 
0.0654297 
3.07324 
0.451172 
1.4873 
1.02148 
-4.54297 
-0.564453 
2.46191 
3.17969 
-4.43359 
-3.56445 
1.125 
-0.704102 
0.592773 
-3.18457 
-6.73926 
-5.0459 
1.98047 
3.87891 
-3.54688 
1.91406 
4.51758 
-5.17969 
-6.51563 
-1.44531 
-7.35449 
-3.30176 
-1.59375 
-1.78906 
-4.20117 
-6.19434 
1.77246 
-0.75 
1.8623 
-2.77539 
-2.29785 
0.938477 
1.36426 
-0.214844 
-0.288086 
3.95117 
4.42285 
0.161133 
-0.753906 
-1.62793 
1.29883 
-6.37305 
2.88281 
5.71094 
-2.75684 
-2.99902 
-0.925781 
-0.139648 
1.6582 
6.05859 
-2.05957 
1.65625 
0.0693359 
-6.50977 
5.63086 
0.782227 
-4.9043 
-4.54297 
3.30566 
0.688477 
1.56543 
1.94531 
0.483398 
-0.193359 
-6.20996 
1.11328 
-0.955078 
2.29688 
-1.35938 
-0.118164 
0.15918 
-6.23926 
1.91406 
-1.73438 
-5.35254 
-8.08496 
2.16016 
-3.68457 
-3.75977 
-3.25684 
0.0478516 
4.77637 
0.237305 
-5.07324 
1.8916 
3.58203 
1.47656 
-2.28613 
-3.14258 
-0.419922 
-1.20703 
5.64551 
-1.85547 
4.99414 
-1.05859 
0.702148 
2.28418 
-6.66113 
2.58984 
3.11816 
-2.40527 
3.7373 
0.253906 
0.299805 
5.39258 
-4.91895 
-1.20801 
2.42188 
0.233398 
-4.10352 
-6.5752 
3.17285 
-3.77148 
-1.9502 
-0.198242 
3.51855 
1.44824 
4.20313 
0.630859 
-4.15625 
1.05957 
4.48926 
-7.58398 
4.20215 
-4.16797 
0.543945 
0.149414 
3.36523 
0.416992 
4.48047 
3.5625 
-3.22656 
-5.70215 
-0.658203 
3.22656 
0.414063 
-7.58398 
0.820313 
-4.875 
2.53516 
5.50195 
-2.88965 
-7.35449 
-1.72559 
-2.5127 
0.00390625 
-3.18555 
-4.96777 
0.273438 
-1.47266 
-0.244141 
2.70508 
-3.19043 
5.49219 
-2.53125 
-0.227539 
-0.677734 
-3.47559 
-3.81445 
-3.09473 
1.27734 
3.95117 
-0.194336 
2.94629 
1.18457 
2.18262 
-4.24316 
2.64844 
-0.286133 
-0.139648 
0.0205078 
-0.512695 
1.34961 
0.62207 
-7.35449 
1.99121 
-1.54785 
-3.61621 
2.56152 
-0.894531 
-3.50781 
1.56641 
-3.46777 
-1.08789 
1.70703 
-7.32031 
1.83496 
-1.2666 
2.13184 
1.00488 
-4.20117 
-5.28906 
2.26465 
-3.53711 
-1.16504 
0.868164 
2.82715 
-3.75586 
-2.99121 
4.10547 
-0.75 
-3.10352 
0.219727 
-1.21582 
4.02148 
2.58105 
2.11719 
-0.135742 
2.9043 
-2.58496 
2.44434 
-5.09277 
-4.08203 
4.5752 
0.892578 
-5.17969 
-1.95898 
1.18164 
-1.06934 
3.62891 
-1.2207 
1.13867 
-1.31543 
-8.08496 
3.22852 
-1.15332 
3.00684 
-1.49707 
-1.05469 
6.49121 
2.88965 
1.24609 
-1.49902 
3.96582 
2.58691 
0.563477 
2.12598 
2.33887 
3.31152 
3.99023 
-3.47266 
-4.98242 
-0.925781 
-3.47363 
-2.23242 
-4.51953 
-0.711914 
-1.31934 
0.75 
-0.953125 
-2.13965 
-0.660156 
-0.536133 
1.32617 
-5.23633 
4.44043 
2.80469 
-1.33984 
0.775391 
-4.28711 
2.05273 
-3.25195 
-3.8457 
-5.36426 
1.68945 
2.29297 
0.500977 
-1.75879 
-5.81641 
0.977539 
-2.70508 
-8.08496 
2.35938 
-3.81836 
-3.96094 
-5.16797 
3.5498 
-3.125 
-0.775391 
-4.67871 
3.97266 
0.202148 
2.34961 
-1.7207 
-0.426758 
-0.115234 
1.20117 
1.65918 
4.37891 
-1.86426 
1.08398 
-0.046875 
-4.51953 
-0.757813 
2.70215 
-2.65234 
0.337891 
-6.59863 
0.526367 
2.6709 
4.92969 
3.81641 
-0.423828 
-3.58105 
0.673828 
2.53516 
-0.0683594 
-0.390625 
1.79004 
4.20996 
-1.72363 
5.71289 
-5.47461 
-0.230469 
0.558594 
1.23145 
0.419922 
-0.259766 
-1.11719 
-3.51855 
2.66992 
-6.94043 
1.49023 
0.760742 
-3.61621 
0.954102 
0.34082 
-7.46973 
-1.78906 
1.76563 
3.04199 
-0.56543 
-3.65527 
-4.53906 
6.9043 
2.85254 
2.16895 
0.657227 
-5.09277 
-5.39453 
-1.45313 
4.98926 
4.04004 
-2.27246 
-0.674805 
0.634766 
-3.19922 
-3.26172 
0.551758 
-3.50488 
-1.30957 
-0.429688 
-3.04395 
-0.0214844 
-0.696289 
2.84277 
1.86133 
3.58398 
0.499023 
-1.8584 
2.64453 
4.19141 
2.46973 
1.58398 
-1.16895 
-2.93359 
4.08789 
1.26465 
-0.142578 
-1.46094 
3.38477 
2.99219 
3.82715 
-1.28613 
-3.96777 
-4.40918 
-2.88086 
5.26172 
0.509766 
5.72754 
-4.24023 
-1.55762 
-3.46777 
4.6377 
1.23926 
-1.65332 
0.964844 
1.37012 
0.303711 
6.91895 
-7.35449 
1.15332 
-2.71094 
2.01074 
4.5127 
-3.60254 
1.38672 
-4.52539 
1.19043 
-0.40332 
0.425781 
1.73828 
3.31641 
0.714844 
-0.87207 
3.76563 
5.28516 
-5.39258 
1.41309 
-4.3418 
-7.35449 
-2.03613 
-4.03516 
-0.131836 
-5.29492 
3.46094 
1.4873 
1.44727 
-5.16797 
1.59863 
-2.17969 
-5.95996 
2.4541 
4.53125 
2.97168 
0.188477 
-1.04004 
4.22266 
1.75977 
0.84375 
-4.62207 
2.59961 
0.469727 
-0.970703 
-0.272461 
-6.96777 
1.81836 
-5.89648 
-1.16992 
-1.83398 
-3.64355 
-0.518555 
5.39844 
-1.59668 
-5.18262 
-5.01172 
3.85352 
3.24121 
-0.574219 
3.29883 
-4.22266 
-4.00781 
-4.56445 
-0.271484 
5.31348 
2.65527 
2.27051 
-4.0 
1.90527 
-0.81543 
3.96094 
0.553711 
4.44727 
2.65137 
0.449219 
0.802734 
4.41309 
-0.480469 
-3.33105 
-0.212891 
-8.08496 
1.17676 
-2.18555 
3.04199 
0.6875 
5.16309 
-1.06445 
0.0556641 
-8.08496 
-7.58398 
3.2998 
-0.0927734 
-1.70801 
-3.49805 
-6.41406 
5.52734 
-5.89648 
-3.35254 
-2.79395 
0.357422 
1.86133 
1.8584 
1.84082 
0.262695 
-1.3125 
1.87695 
6.08105 
-0.0957031 
0.734375 
0.118164 
0.874023 
0.832031 
0.81543 
-3.76367 
2.53223 
2.69531 
1.49023 
0.337891 
-7.32031 
-1.58887 
0.34082 
-1.49902 
2.10645 
0.438477 
-2.22754 
2.83301 
-5.31445 
1.79492 
2.85352 
-0.40625 
3.65625 
0.586914 
-4.27051 
5.25781 
-3.2334 
0.499023 
-1.92969 
-7.58398 
1.3291 
2.73145 
0.132813 
3.83398 
-0.950195 
1.11621 
-1.38379 
-1.28613 
1.55957 
0.969727 
-7.24023 
-1.70898 
2.33203 
1.92383 
0.308594 
0.335938 
-0.984375 
-0.529297 
3.14648 
1.96289 
5.52246 
2.8584 
0.412109 
-2.20605 
-2.60938 
0.90332 
-1.93848 
-0.730469 
2.66992 
