-1.1582 
-3.67383 
-2.99805 
2.11133 
-2.71094 
-8.89648 
4.91504 
3.80078 
3.5752 
-0.417969 
-0.811523 
-2.1123 
-0.557617 
6.17871 
0.78125 
-2.49121 
5.0791 
-1.42676 
-3.68457 
-0.0859375 
-2.38574 
12.3848 
-1.83398 
11.2275 
-1.61426 
-1.08301 
1.57227 
3.34863 
1.44531 
-3.38184 
3.03613 
1.33887 
-5.4668 
-6.6582 
-1.37793 
0.996094 
-5.93066 
-7.81738 
4.54688 
-0.0830078 
-0.191406 
-1.83496 
6.10254 
-3.20313 
-1.94531 
-1.76953 
-0.446289 
6.48047 
-0.584961 
3.81055 
4.14551 
4.37012 
3.78613 
-5.89844 
-2.60059 
-6.93848 
-4.15234 
11.2236 
8.87305 
5.74707 
14.835 
4.13184 
-5.75879 
10.8721 
-1.5498 
0.552734 
8.13281 
-5.13574 
7.17578 
-7.68164 
0.337891 
2.52246 
1.44141 
0.19043 
-3.65137 
-1.88184 
-4.58301 
-1.02539 
4.18359 
2.35352 
3.76367 
-6.7998 
-1.62109 
4.86523 
-1.63672 
-7.57617 
-0.107422 
-5.9502 
-2.63477 
3.60352 
-3.63086 
-1.84961 
-7.20117 
-7.11621 
-2.28516 
3.88867 
6.70215 
0.967773 
0.291992 
-2.53613 
6.1416 
5.49023 
-5.87695 
-3.92383 
3.68945 
1.10352 
10.3086 
0.741211 
-0.995117 
-5.69434 
-5.77441 
3.0332 
-0.473633 
0.850586 
10.4805 
-3.06445 
-3.32617 
-0.845703 
0.15918 
-4.97852 
-0.174805 
-2.49023 
4.04492 
4.51367 
3.69434 
-4.25488 
6.75586 
3.57031 
13.4746 
3.64844 
-6.05273 
14.6191 
0.536133 
-3.08984 
-8.00684 
-3.95605 
5.42285 
-4.21191 
9.06641 
-2.3584 
-0.0419922 
-3.33398 
-1.45508 
-7.55957 
-4.2832 
-1.46387 
7.32129 
6.8916 
-3.66309 
6.85352 
-2.51172 
3.05566 
-7.84863 
4.58496 
-0.135742 
-8.30273 
1.93457 
-3.04785 
2.99219 
-7.39258 
-5.18848 
-2.46484 
5.19434 
-1.04883 
2.87598 
3.49219 
-7.73535 
-6.08594 
0.0908203 
0.199219 
0.928711 
1.93652 
-3.56738 
-3.19824 
3.86914 
-0.447266 
-0.207031 
3.40723 
0.938477 
-2.70117 
1.16113 
-4.03418 
1.30859 
6.13574 
4.4082 
-4.09668 
0.859375 
1.64355 
-8.125 
-3.80957 
0.924805 
2.21191 
-3.97266 
4.69629 
-5.06543 
-2.03125 
-3.03418 
5.44043 
7.65527 
2.31152 
4.91113 
-4.57813 
-0.225586 
1.32422 
-1.34082 
0.90332 
1.97168 
-8.47168 
1.58105 
1.84961 
0.294922 
-0.258789 
-1.20898 
3.31738 
-4.63672 
2.34668 
13.5762 
1.99707 
14.1699 
0.923828 
4.56445 
-1.72852 
-7.96484 
-2.48633 
2.18262 
0.547852 
2.09082 
4.95313 
9.97363 
-2.8252 
2.58398 
1.74609 
-2.10156 
-0.699219 
-1.39551 
1.2002 
0.0253906 
0.401367 
4.40137 
-0.168945 
-1.23535 
2.71387 
2.94336 
5.06641 
-0.461914 
15.4277 
1.15918 
3.91797 
-8.36914 
8.40918 
-4.08691 
6.26172 
-3.66309 
-1.81934 
1.07617 
4.24609 
2.81152 
2.42188 
-4.69531 
1.79492 
2.67383 
-1.76953 
0.191406 
0.833008 
3.71387 
3.11914 
-8.72949 
2.47559 
1.01465 
8.6748 
-6.74609 
3.18945 
-2.98926 
-5.0166 
5.68848 
6.0293 
1.82617 
0.930664 
-0.55957 
1.6875 
-6.69531 
14.7676 
-1.57324 
-5.27832 
10.9541 
-7.02539 
1.23047 
1.55762 
3.61035 
1.56152 
-0.623047 
0.455078 
-7.72363 
-2.05176 
2.07422 
-4.44434 
-0.904297 
0.916016 
9.28027 
-2.48828 
1.74316 
1.2334 
-0.983398 
-5.44922 
6.7002 
-1.50098 
-1.80762 
7.38379 
5.10645 
-4.28418 
8.33496 
-4.45703 
-2.64941 
-4.74316 
-0.782227 
-4.07715 
-5.86426 
-6.77441 
-1.19238 
-1.47363 
-1.75977 
3.86621 
-2.54297 
-1.36133 
9.75195 
-2.12598 
-1.09766 
-5.88672 
-3.72559 
13.1504 
0.0429688 
5.1709 
-7.7041 
5.56445 
1.13965 
0.746094 
-4.19727 
9.81543 
0.926758 
1.97266 
1.92285 
-4.29785 
-4.56738 
-0.124023 
-3.98828 
1.9502 
0.291992 
0.133789 
2.26758 
-0.0527344 
8.76855 
-4.4082 
-2.87793 
2.45215 
0.941406 
-4.2832 
0.439453 
-5.94434 
-5.66113 
7.71973 
4.91504 
-4.68555 
5.05859 
6.44727 
7.55859 
3.44238 
-4.67871 
4.94336 
2.36621 
8.53027 
-1.26172 
-3.01855 
0.27832 
-2.97754 
7.30859 
-4.70313 
-2.17676 
3.58496 
-2.69727 
3.75977 
-5.76465 
-3.70313 
0.453125 
0.589844 
6.40625 
0.0126953 
-0.334961 
-6.29395 
2.05469 
5.99512 
1.08691 
5.00684 
1.05762 
-8.64258 
0.479492 
-8.00391 
1.37109 
1.85156 
-7.32715 
-1.19922 
-1.43066 
-0.207031 
-3.54102 
2.70801 
2.51074 
-4.00391 
0.87207 
2.92383 
-7.29102 
-1.82617 
-7.37988 
3.28418 
5.0332 
-2.9043 
-1.62695 
-3.60449 
-6.10547 
-5.71582 
-2.12891 
-5.59277 
-7.69043 
-3.74512 
-2.24316 
2.31543 
-5.50977 
-5.01367 
6.16113 
2.69531 
19.2705 
-1.10449 
8.67285 
-1.92969 
-2.30957 
-1.50488 
-4.19531 
0.158203 
11.9307 
11.2793 
-2.91992 
-3.68945 
-6.4209 
5.31348 
-1.2334 
-0.609375 
-1.28906 
-5.72168 
-1.11621 
-0.505859 
-3.8623 
3.10742 
2.6709 
10.3203 
1.16504 
-4.06445 
2.5166 
0.981445 
0.0878906 
-5.45117 
-5.10156 
1.55566 
1.10938 
-1.89746 
2.80859 
0.888672 
-4.39844 
-6.32715 
-0.635742 
-3.09863 
1.97559 
1.60254 
2.6084 
2.00488 
-1.8418 
-2.20605 
4.58301 
-0.5 
1.2334 
-1.52344 
5.93945 
7.27441 
-1.68262 
-1.80371 
-4.47754 
-4.37793 
-1.36133 
-1.76563 
-4.41113 
5.19043 
-2.03027 
9.62695 
-3.90234 
1.08203 
-5.61328 
-6.13477 
-4.95117 
5.56055 
-0.487305 
0.182617 
-1.26855 
-0.598633 
-3.70313 
-1.87207 
-4.78613 
-1.89551 
-2.75684 
-3.11914 
12.1182 
-0.674805 
0.249023 
6.21289 
3.95215 
4.58984 
-1.88477 
-0.988281 
6.86035 
8.18164 
9.47754 
-4.06055 
-4.7373 
4.79688 
2.47754 
1.05176 
-5.00879 
4.96387 
-3.16406 
-1.70703 
5.83398 
1.33691 
-3.54102 
-2.09277 
4.00879 
-3.17383 
-2.76563 
-4.56152 
-3.40918 
9.95313 
10.1055 
9.78418 
1.68262 
-6.39746 
4.82715 
2.90234 
7.59277 
-2.6416 
0.209961 
0.652344 
10.3984 
-4.21289 
-0.832031 
-6.66406 
5.47266 
-1.52832 
-6.86328 
-4.94141 
4.24316 
4.40723 
-5.58887 
6.99121 
-2.05176 
0.289063 
7.59766 
-1.54492 
2.31348 
-1.35547 
0.981445 
-3.56445 
8.85645 
5.9043 
0.882813 
-1.39941 
-6.81152 
-1.80566 
5.45215 
-0.588867 
6.11035 
4.6084 
-0.262695 
-1.56836 
1.95996 
-3.25586 
12.332 
7.83691 
-3.9248 
-5.26758 
-1.2168 
6.87695 
-4.15039 
-1.10254 
-1.08691 
-2.12012 
9.00488 
-2.69727 
2.32324 
0.844727 
-4.14844 
-1.13379 
0.912109 
-1.35156 
2.59277 
-4.56641 
6.03613 
0.830078 
-0.00976563 
8.34668 
-3.59766 
1.06152 
4.68555 
-7.31445 
-5.35742 
2.02344 
-0.637695 
2.94141 
8.16602 
-2.42871 
-0.103516 
5.9043 
1.78418 
2.89551 
-2.57617 
-4.90625 
3.19629 
0.317383 
7.62305 
0.705078 
2.59375 
3.25684 
-2.86621 
5.80176 
4.11816 
-4.20313 
-3.21094 
4.24902 
-1.67969 
3.59961 
2.0791 
-5.96191 
-3.2207 
-6.8584 
-2.88477 
-6.71875 
0.31543 
3.2041 
2.58301 
5.625 
5.51953 
1.35547 
-4.16406 
-7.05078 
-3.13672 
-6.35449 
-5.80273 
-4.60059 
-5.93945 
-5.1084 
11.9971 
1.23828 
-2.0625 
-5.3291 
1.96875 
0.958008 
1.19824 
1.24609 
-6.96191 
-0.911133 
2.35449 
2.33789 
-7.74121 
4.01367 
2.29102 
2.21973 
-5.30371 
8.57715 
0.922852 
3.57715 
-6.45605 
8.44043 
3.1416 
-2.65137 
12.4102 
-2.06934 
3.2832 
1.98438 
11.7314 
0.243164 
2.93262 
1.07227 
3.18848 
0.373047 
14.626 
-1.0127 
-0.475586 
0.135742 
-6.92969 
7.11523 
-4.69531 
2.31641 
0.347656 
9.70996 
6.11133 
-6.29297 
9.30371 
-4.35938 
8.8252 
-3.93457 
4.66895 
0.414063 
-6.1748 
-5.69922 
2.64453 
-3.82324 
1.86133 
4.24902 
2.93848 
-2.42188 
-2.11621 
3.79688 
5.45508 
-0.776367 
11.1865 
-2.29199 
-2.22559 
7.625 
-1.47754 
9.06055 
5.23438 
12.6992 
-2.1377 
0.264648 
-5.76563 
-4.0332 
7.66113 
1.18555 
-7.66016 
-5.6084 
1.40332 
-2.78809 
2.12402 
4.50586 
1.22363 
-1.8457 
-1.98828 
2.58105 
1.11133 
-3.28027 
-2.16406 
-8.79297 
-7.53809 
-1.42188 
5.12695 
-8.79297 
0.518555 
-7.01563 
2.83789 
3.83496 
-2.24902 
-2.09473 
5.0752 
-4.97168 
-1.38672 
-4.9082 
1.0918 
0.647461 
10.2969 
2.83301 
0.453125 
15.4355 
1.31055 
-4.97656 
2.12988 
5.44824 
1.04395 
1.60254 
2.04883 
-2.44434 
-0.40625 
7.18262 
3.46387 
-7.20898 
1.71094 
-6.98633 
-3.16602 
0.162109 
-6.98242 
-5.48145 
-6.21094 
6.99805 
0.404297 
-0.21875 
-0.631836 
6.6416 
3.80469 
-4.18262 
5.6709 
-3.09277 
-2.25488 
1.12305 
0.738281 
3.06543 
-6.09082 
6.56934 
2.17578 
-3.18066 
-8.03516 
-5.1123 
3.12109 
-5.48535 
-5.94922 
-1.41211 
-0.594727 
-3.2793 
5.88672 
0.140625 
5.72559 
-3.71973 
0.708008 
-0.748047 
1.02051 
-8.3125 
3.52637 
0.000976563 
-1.0 
1.75977 
15.1787 
1.71973 
9.08203 
3.29395 
-5.51563 
8.94629 
2.7793 
0.634766 
2.69141 
4.36035 
5.91211 
-6.87891 
6.33301 
2.90137 
-1.66016 
3.1084 
4.47168 
-7.5 
0.525391 
-5.37598 
-3.08398 
4.14648 
6.03906 
8.43066 
1.48633 
-6.19727 
-4.10156 
1.55176 
4.50586 
-5.31836 
4.74512 
-6.99316 
3.36719 
-1.65234 
4.86914 
-6.16602 
-4.92969 
7.4209 
-1.16602 
0.34375 
-2.00684 
-6.0918 
3.10742 
-0.795898 
5.49414 
12.1748 
-6.65039 
2.77832 
1.55371 
-1.57324 
10.0527 
1.03027 
4.83008 
-0.520508 
-1.78027 
8.4834 
-1.08496 
2.85254 
9.58496 
1.68457 
-1.7041 
-3.72656 
3.76367 
-0.666992 
-5.33984 
7.10742 
-5.1377 
-5.2793 
-2.61523 
1.22852 
-0.564453 
-5.31055 
-8.28418 
-9.2334 
-2.81543 
1.06445 
-5.2334 
1.84766 
3.27832 
2.45215 
-1.87207 
6.83594 
-8.16992 
-5.22266 
1.47266 
-5.70996 
-7.1084 
3.64844 
7.25488 
3.0752 
-5.43359 
-4.12012 
-3.89648 
-7.74219 
0.168945 
-3.0332 
-1.75586 
-0.189453 
8.75195 
-0.699219 
4.71484 
3.14355 
-1.08594 
-1.4209 
-4.12207 
-0.651367 
1.66113 
-7.21191 
2.06641 
-5.71973 
-2.43945 
3.25977 
6.4375 
-2.69141 
-3.69336 
1.25488 
-6.63477 
-2.41504 
2.78516 
-1.05859 
-3.65234 
3.87598 
8.86328 
-5.79785 
-1.98828 
-3.8584 
-0.46582 
5.39453 
-7.40137 
-4.86328 
-0.0693359 
3.01855 
-4.43164 
-7.00195 
-1.37109 
1.19824 
1.94141 
-0.866211 
2.80957 
4.37598 
2.78711 
-3.81445 
2.73438 
-5.00488 
13.5645 
0.641602 
-5.17773 
5.74023 
0.928711 
-0.80957 
4.01465 
3.65039 
5.00684 
3.9873 
-0.422852 
8.59375 
-1.31641 
-2.8252 
2.65234 
-2.53027 
7.65918 
3.93945 
-0.716797 
2.71191 
-4.62012 
14.8906 
-4.69336 
12.2949 
-3.90527 
-4.28516 
-4.26563 
3.09961 
-2.39551 
8.89355 
5.87305 
3.27051 
-0.980469 
-2.61816 
-7.05176 
-0.888672 
0.263672 
1.1875 
0.818359 
4.06348 
-0.822266 
0.236328 
-7.99414 
-4.50586 
3.52441 
5.24414 
-3.29297 
1.84863 
4.98047 
-2.49023 
-0.298828 
-4.49316 
-5.625 
12.6621 
6.73145 
-1.91992 
3.67871 
9.85645 
0.772461 
-1.96484 
3.7041 
-0.59375 
-1.01367 
-2.05371 
-4.75098 
0.580078 
-0.783203 
-1.34375 
11.5 
-6.28516 
-2.79395 
-1.63574 
5.03711 
-1.29492 
4.28809 
9.10059 
-6.66992 
-6.43066 
-3.29297 
9.3125 
1.69141 
7.9375 
1.19922 
2.86035 
15.0537 
4.20801 
-5.8623 
-0.245117 
0.0839844 
9.0459 
-6.21582 
-5.68066 
1.70117 
9.41895 
0.133789 
-1.82813 
0.157227 
1.1377 
1.91895 
2.10352 
-3.77539 
7.125 
2.77246 
7.54492 
-1.7207 
3.32617 
-7.80469 
1.02246 
7.4502 
-0.538086 
2.05273 
12.957 
0.433594 
6.86621 
-4.38184 
2.52344 
-6.49414 
4.73828 
2.20313 
-0.456055 
9.39941 
-6.51563 
-1.93164 
1.44922 
0.317383 
7.28711 
1.76367 
-0.263672 
-0.0917969 
-3.57031 
-1.83203 
0.913086 
6.14258 
0.772461 
1.84668 
-1.84473 
-2.93848 
0.19043 
-2.02637 
8.50488 
5.72168 
1.95215 
-4.65625 
10.0869 
-1.6416 
-4.45801 
0.301758 
4.34375 
-5.02344 
-3.74121 
-1.3916 
0.238281 
-0.957031 
-5.36328 
3.80957 
5.98438 
-4.23828 
-2.5752 
7.11035 
-0.77832 
-2.34961 
-0.03125 
-8.08594 
-6.6543 
-3.08105 
-7.93555 
4.63086 
1.97852 
-2.80957 
-7.53125 
-2.82227 
2.41895 
0.518555 
-7.13379 
-3.1875 
-3.70996 
2.2041 
17.0781 
-1.85156 
7.38574 
0.40332 
-7.66113 
-5.48535 
4.62305 
3.78613 
2.87305 
14.5488 
6.33398 
2.64844 
5.05957 
2.99219 
1.44629 
-2.85742 
-5.80176 
-2.74902 
-1.16309 
0.75 
-2.9834 
-4.37109 
-5.71289 
3.8125 
9.65234 
8.05664 
-6.06348 
3.48145 
-0.532227 
-3.47266 
-1.31934 
-3.11523 
-1.14355 
-2.01367 
2.81836 
1.84863 
-0.362305 
2.25586 
-7.38281 
0.238281 
-5.36816 
7.29004 
-1.50879 
5.3457 
-2.3291 
5.88867 
0.225586 
12.5576 
1.34863 
-0.540039 
1.53711 
4.99219 
-0.549805 
0.723633 
-0.24707 
-2.72949 
-3.75586 
2.12305 
-3.08398 
-4.29102 
-4.54102 
-6.29004 
-4.88965 
-0.96582 
-4.53613 
3.85742 
7.125 
14.9209 
0.801758 
11.9219 
3.60059 
-5.9502 
-4.00195 
-0.451172 
-0.978516 
-4.25781 
-6.97363 
2.94434 
4.48145 
2.58789 
0.863281 
2.59961 
-1.66895 
3.45215 
-8.2793 
-4.96484 
-7.36523 
0.887695 
-6.86719 
3.16602 
-6.53027 
1.50586 
2.74219 
0.551758 
5.29297 
-0.37207 
4.79395 
6.85449 
-1.03027 
-2.01953 
4.41504 
-0.714844 
-5.42285 
-3.50586 
-0.21875 
0.828125 
-4.05957 
5.23926 
8.20703 
11.9229 
1.9541 
3.62598 
-2.41699 
-6.85645 
-3.14355 
-2.47461 
11.7051 
-0.527344 
7.29102 
-3.33008 
-7.15332 
-1.54199 
3.7041 
-7.92676 
1.22168 
-0.676758 
0.989258 
-5.95215 
-6.95898 
-0.507813 
1.78809 
6.95898 
3.14355 
6.47754 
0.0791016 
2.81055 
-3.61719 
-9.33496 
-1.7002 
4.26367 
5.55273 
9.4502 
-2.49512 
9.19336 
5.47266 
-3.05078 
0.492188 
-1.82813 
-0.445313 
10.6035 
4.75391 
-1.19824 
-3.72656 
-3.55859 
0.972656 
0.19043 
10.9482 
0.728516 
3.7334 
2.54883 
3.93262 
-0.624023 
-4.01758 
-3.33203 
-2.60938 
-4.25293 
3.15723 
-4.74121 
0.910156 
3.49219 
1.99316 
-5.51172 
0.939453 
4.95215 
6.56055 
-2.93848 
1.83789 
-1.7334 
4.31445 
2.6582 
-6.45508 
-3.73145 
0.175781 
4.88379 
-2.20313 
1.58594 
5.6123 
-2.22754 
-8.06738 
-0.144531 
-2.12207 
3.08398 
-0.208008 
-9.2334 
-2.28418 
-0.981445 
0.717773 
2.5918 
-4.17188 
-2.60645 
9.11328 
-1.22852 
12.8477 
6.04102 
6.75 
-0.80957 
8.41992 
1.3916 
-6.45605 
0.963867 
1.2627 
2.77051 
4.95605 
4.0127 
-6.18945 
5.27051 
-5.93262 
-1.32031 
1.93066 
8.21582 
2.10059 
1.8252 
-1.15527 
-7.22266 
-1.70605 
7.27539 
3.71191 
8.33691 
3.69336 
-5.57129 
-1.73242 
5.54785 
7.06738 
3.27344 
12.041 
-1.52832 
3.55176 
-3.17383 
-5.23242 
-3.10352 
-3.72754 
-3.39453 
4.4209 
7.79199 
-4.71777 
-1.32617 
-1.38086 
-3.41797 
2.05859 
-2.00195 
0.47168 
-2.39746 
-3.38965 
-2.06836 
-4.79199 
-6.20703 
-0.152344 
0.365234 
-3.19434 
1.65918 
3.6416 
-5.99707 
-3.51953 
2.72168 
0.494141 
-1.90723 
5.70898 
-7.54883 
-3.30957 
2.9082 
13.1943 
-7.74609 
-4.54688 
-7.18848 
5.12402 
-2.80664 
11.3193 
8.00488 
-2.40137 
0.212891 
6.08984 
-3.70801 
-2.20313 
-1.22559 
-4.04395 
-2.43164 
3.0293 
0.381836 
-3.27734 
-5.27441 
3.76758 
-5.12109 
1.13965 
7.03027 
-7.25293 
3.96484 
4.43945 
1.29883 
2.45605 
-4.34375 
-1.20605 
9.55273 
-4.02832 
-8.37891 
0.742188 
12.1885 
-0.68457 
5.30566 
-1.44922 
-1.38379 
-4.33984 
2.99414 
2.20508 
1.02441 
-0.154297 
-2.81445 
0.681641 
-5.71387 
5.76953 
6.05078 
2.68652 
2.9375 
-2.52051 
6.625 
17.2881 
9.58984 
0.611328 
-1.92969 
0.849609 
-3.67871 
-2.82324 
-5.58203 
-0.99707 
-1.98828 
1.36133 
-1.61719 
-1.1377 
-1.09277 
-0.572266 
5.23242 
8.46387 
-1.45898 
-4.71777 
-1.23535 
5.90137 
-0.637695 
7.71289 
-7.10645 
-0.0185547 
-6.26074 
5.78906 
-7.11426 
0.188477 
-1.22852 
-3.09863 
5.92773 
-1.37305 
-2.28613 
-3.12402 
-0.675781 
0.27832 
1.91113 
-5.30176 
11.0313 
-0.217773 
5.98242 
-3.86621 
5.14551 
-3.14551 
6.71582 
6.07422 
1.72363 
-3.60645 
0.331055 
-2.52539 
8.04004 
3.38672 
1.35645 
-1.21973 
-7.17383 
1.27148 
-6.37305 
1.94922 
-8.72949 
-6.26074 
10.1963 
-4.53125 
1.13477 
0.272461 
-4.37793 
1.83984 
-6.11426 
15.2998 
-4.875 
-0.0849609 
-3.56152 
5.58984 
-3.70898 
4.32617 
3.28809 
-2.0498 
2.69238 
3.36426 
-0.532227 
5.28711 
-1.93359 
3.07813 
3.19434 
-3.7627 
5.10449 
4.44629 
-4.70801 
-3.59766 
-4.37305 
1.43359 
-7.08496 
5.90332 
-1.04297 
4.05273 
10.4014 
-4.89746 
1.29199 
3.38477 
-0.360352 
1.04492 
-6.12598 
-4.21289 
2.76953 
7.09473 
-0.15918 
5.37988 
-1.63477 
-1.73633 
-5.31738 
4.4502 
2.87207 
-6.30859 
0.669922 
-5.42285 
4.64355 
3.63477 
6.32715 
-7.63867 
-6.58203 
3.44824 
0.75293 
-6.77344 
0.40625 
4.68457 
10.0176 
3.02734 
5.27441 
5.07129 
-2.78613 
0.779297 
-7.54004 
2.27637 
-5.36816 
-2.36133 
-6.84473 
0.585938 
-7.39746 
0.884766 
-2.03027 
3.91992 
-4.08496 
2.47168 
5.60645 
14.3105 
4.8291 
-6.3125 
9.61035 
-0.149414 
6.07031 
-4.19922 
3.64355 
-3.56641 
1.70996 
-4.53418 
8.09961 
-3.62109 
0.0947266 
7.44727 
-1.53711 
-0.486328 
-6.0459 
1.49316 
-1.70703 
5.46875 
-1.13574 
1.3291 
6.83105 
-1.70508 
8.80078 
-4.71289 
1.55957 
-6.06934 
2.58203 
-0.799805 
-7.53223 
3.62207 
2.14063 
5.79883 
6.00098 
0.939453 
-4.85645 
6.81055 
10.8262 
-0.834961 
3.06836 
-5.54688 
-3.46484 
-3.88281 
4.74121 
-0.381836 
0.199219 
-6.39551 
2.5332 
10.917 
0.62793 
2.96582 
1.2832 
-8.86328 
-1.91602 
5.82227 
1.0791 
-6.61719 
1.63867 
-2.71387 
-4.94727 
-3.01758 
-5.87109 
5.59863 
8.59277 
-4.8623 
1.77441 
13.832 
-4.24805 
-7.24805 
-3.56738 
-7.11621 
4.5127 
10.0557 
-4.39355 
8.59961 
-5.3877 
9.22168 
6.30273 
0.311523 
-0.703125 
-2.44238 
7.17188 
0.324219 
10.1611 
-0.0957031 
0.726563 
-0.420898 
4.76367 
-4.28906 
-4.01563 
-1.92285 
-2.26074 
-4.76855 
-2.88965 
3.88574 
3.91699 
1.77441 
-2.9043 
7.89258 
-5.29395 
-0.726563 
-3.7793 
-1.76758 
-4.5625 
-1.75391 
4.30664 
6.91113 
-3.90625 
-8.80664 
6.06152 
0.592773 
-3.21191 
3.88867 
1.31543 
-1.63477 
-7.46094 
12.3545 
1.06152 
1.39551 
2.95996 
-3.46191 
0.961914 
9.81836 
4.13965 
-2.06641 
0.115234 
0.55957 
2.88477 
-1.45703 
-5.17969 
-2.26953 
-0.866211 
-4.33496 
3.9375 
0.757813 
-8.20508 
-8.10645 
-3.19727 
-2.9707 
0.820313 
0.988281 
-5.93457 
5.08789 
-7.05859 
3.03125 
6.56348 
0.0419922 
4.81934 
3.15625 
0.0263672 
-0.34375 
-6.50293 
3.47656 
-3.23535 
-0.174805 
-1.17285 
1.76563 
-2.0 
2.87891 
5.29785 
2.36426 
-1.22461 
3.6709 
-4.05469 
3.72656 
-4.42285 
-2.10742 
3.95508 
5.84277 
-3.7373 
-5.40137 
3.42969 
-2.39746 
7.30371 
-3.94043 
12.2598 
7.26367 
-1.62988 
-0.917969 
4.73535 
6.08496 
-2.5332 
0.250977 
-6.76367 
-2.07031 
1.43164 
-4.68945 
-2.06348 
-5.64453 
2.4502 
-5.94336 
3.28027 
6.87793 
3.45703 
0.317383 
10.3047 
-7.30273 
-1.85742 
-2.08594 
1.61523 
6.74121 
2.91797 
1.96484 
2.7627 
7.92578 
0.688477 
-2.83887 
4.61328 
-3.69727 
10.958 
-5.00684 
-4.18262 
8.78223 
4.38965 
-3.42285 
1.77246 
0.774414 
-4.68457 
-3.47852 
1.98926 
21.3945 
-2.44727 
-6.4541 
2.77344 
8.11523 
-0.717773 
0.366211 
-4.00293 
1.82715 
-8.44238 
5.26758 
6.57422 
7.21094 
-1.88574 
-6.18848 
-2.3252 
-2.0 
-7.28906 
0.408203 
0.993164 
2.0459 
2.02637 
0.869141 
6.78613 
-1.90137 
0.416992 
-1.88477 
0.1875 
7.86523 
0.536133 
4.5166 
1.30371 
-0.455078 
-5.17383 
-1.36719 
8.25488 
6.05859 
3.03613 
-3.58594 
2.78418 
10.2061 
-4.60156 
4.90625 
0.46582 
4.24023 
1.27051 
6.57031 
4.90527 
0.369141 
-3.32031 
-3.0293 
0.495117 
-6.27539 
4.43164 
-3.44922 
-1.13379 
-1.46973 
-4.75879 
-5.78711 
0.374023 
0.748047 
-2.70605 
-8.56934 
-7.24023 
-6.07813 
2.90723 
-1.44043 
0.276367 
-1.83203 
3.82031 
7.18652 
-1.11719 
1.80176 
-2.66504 
-1.3457 
-4.87109 
-5.23633 
-5.05957 
8.53711 
-1.48047 
0.791016 
8.39063 
-2.58105 
2.4873 
-3.15234 
-0.613281 
19.4336 
3.4209 
-6.83984 
10.3965 
5.20508 
-3.19824 
4.1416 
0.908203 
5.72168 
5.58887 
2.82227 
1.40918 
-3.20801 
9.33984 
-0.0390625 
1.7998 
-3.72363 
-6.80371 
3.65625 
-4.33496 
7.16797 
-7.25488 
-0.545898 
-0.46875 
-1.93652 
2.12695 
-1.15234 
8.90625 
-5.00098 
10.5918 
-6.5166 
-1.04785 
8.09863 
-0.854492 
-2.58984 
-6.4209 
6.33203 
-0.62793 
-1.1377 
3.2959 
1.05859 
-0.151367 
3.12695 
-6.45801 
11.1064 
-2.62891 
4.33691 
-2.06836 
-4.82813 
-2.87305 
-0.768555 
-3.33789 
-0.602539 
-2.6084 
8.10449 
-0.643555 
3.09375 
6.49512 
3.22949 
5.76074 
1.25488 
-2.83496 
3.2666 
2.38184 
-3.5127 
-0.826172 
12.6836 
-5.28516 
0.0546875 
3.84082 
-2.19434 
0.866211 
2.54785 
2.47754 
-6.62988 
-3.23438 
-0.291992 
5.6709 
9.24219 
-0.844727 
6.76465 
-0.932617 
-4.70801 
-1.61426 
2.36328 
-5.57227 
3.49707 
-6.46094 
-2.71777 
5.40527 
10.9375 
-4.31934 
-4.24023 
-1.95605 
-3.98242 
-4.72754 
-4.08105 
4.22656 
-0.482422 
0.943359 
-0.418945 
-4.37109 
0.880859 
-0.907227 
-0.81543 
3.97168 
-1.74609 
-6.72461 
1.92676 
0.0478516 
7.41992 
2.43848 
-0.453125 
10.2646 
-5.08984 
5.91895 
-7.01563 
1.24219 
-2.7627 
0.0429688 
-1.08105 
2.31055 
-0.0878906 
-4.42871 
-2.17969 
0.635742 
-0.620117 
-3.19922 
-6.91699 
2.52148 
-1.30371 
-0.816406 
5.13672 
-3.81738 
-6.45898 
-6.06055 
1.46094 
-4.18359 
9.99805 
7.2666 
-1.96777 
0.381836 
-0.783203 
-5.3877 
2.20313 
3.58398 
-2.30176 
0.637695 
6.46973 
-1.02148 
-8.11035 
-2.88379 
7.3877 
-5.69824 
-0.454102 
-1.0752 
0.107422 
-6.38281 
6.38965 
2.94531 
5.72852 
-1.52344 
-5.07324 
-4.37793 
0.418945 
6.29395 
-1.75098 
0.146484 
1.72363 
0.236328 
-4.6582 
-0.325195 
-2.84961 
-5.85645 
3.87207 
-6.70508 
1.64941 
5.71191 
0.854492 
1.98145 
-0.773438 
2.60059 
1.7998 
3.26758 
-8.43652 
-4.99707 
-4.17676 
-5.59082 
0.632813 
0.352539 
-5.19629 
10.8027 
6.54688 
-5.86523 
5.34961 
-6.16309 
-7.40234 
-6.45898 
0.456055 
-5.65332 
0.484375 
-1.9082 
3.96582 
-5.13672 
-1.50586 
-5.96191 
-0.544922 
-3.98828 
2.05859 
-2.22266 
-1.67383 
5.75684 
5.67285 
2.64551 
-0.485352 
-3.61523 
3.8623 
2.31055 
8.94531 
-3.30762 
-0.166016 
-5.98926 
3.70215 
2.88086 
-4.69043 
7.01953 
-4.35742 
-1.65039 
-2.39844 
14.5 
10.1689 
-2.84668 
9.1123 
5.5918 
-5.58984 
-1.58008 
-1.7627 
1.32129 
-6.1748 
4.78125 
-1.99023 
1.75781 
-1.73438 
-1.77148 
-7.40527 
-4.32617 
4.43066 
0.84082 
-1.41406 
-2.62891 
3.41309 
8.54199 
-6.01074 
4.68066 
-7.83203 
-6.85352 
-7.98926 
1.8584 
-6.30176 
0.658203 
-2.03809 
-7.41113 
-4.94043 
-2.50391 
2.26758 
-2.28613 
-6.66895 
-2.27539 
-3.32715 
-3.25781 
0.342773 
-4.03418 
-4.46777 
-3.99707 
-2.8252 
8.8125 
2.95801 
0.185547 
2.83105 
0.448242 
5.7832 
5.1123 
-0.852539 
-4.21387 
7.36719 
-1.83008 
1.65137 
7.44141 
6.9668 
-5.00781 
-4.11523 
-8.12891 
1.69238 
0.917969 
2.51855 
1.20898 
2.65039 
0.71875 
-0.467773 
1.01465 
1.08496 
-2.1123 
-8.84961 
2.70996 
-0.649414 
1.7666 
-3.88477 
-5.30762 
6.53711 
0.0703125 
-1.77051 
11.4092 
1.98438 
2.25684 
0.780273 
14.7051 
-1.69238 
-0.0214844 
0.581055 
1.80859 
-3.16602 
-0.40625 
-2.54004 
3.26855 
-6.16699 
-1.68652 
-0.431641 
-0.161133 
-7.84473 
-3.70898 
6.22949 
-3.87793 
2.13477 
2.26074 
-3.04883 
-1.41699 
7.72266 
-3.25098 
-7.16113 
-4.62109 
7.18066 
3.90137 
-6.81738 
-7.5791 
2.2002 
-3.00293 
-1.92871 
0.697266 
-0.37207 
5.95117 
-1.61523 
9.63379 
1.62402 
-1.60156 
0.612305 
6.01074 
4.5293 
6.31445 
0.306641 
12.1396 
-5.8584 
6.48242 
5.17773 
3.74219 
2.12793 
-0.329102 
5.01074 
-7.03906 
-8.80664 
-7.74707 
-7.55859 
1.37012 
7.46191 
-3.7832 
8.07324 
3.36035 
-2.81055 
2.54785 
1.91992 
0.0439453 
-0.588867 
-0.118164 
4.93848 
-0.826172 
2.81348 
13.6846 
1.84961 
-4.04102 
-1.12207 
-1.00098 
4.11328 
5.37598 
3.32617 
5.47559 
-3.16211 
-2.08984 
3.51758 
-1.45117 
-2.87402 
9.24316 
-8.02539 
-1.80566 
-4.61523 
-5.30176 
-5.66113 
-3.13574 
-3.29102 
-0.93457 
-3.65039 
2.82129 
5.40234 
2.42871 
-6.46484 
-2.79102 
11.9258 
-1.50195 
-7.49512 
3.94824 
9.71777 
-5.80371 
10.6855 
1.49023 
0.310547 
-3.16895 
2.88379 
5.74902 
-4.27734 
-1.4502 
7.14258 
5.30664 
3.76563 
-4.56738 
0.46582 
-8.79785 
1.66309 
-6.99414 
6.50195 
-8.7959 
2.3291 
1.36816 
-4.77539 
3.20117 
4.80859 
5.04492 
6.28027 
0.154297 
-1.44824 
-5.1084 
4.03613 
-5.12988 
10.084 
1.63672 
-3.86426 
-7.62207 
4.91699 
1.36035 
-4.98438 
1.32227 
5.25684 
2.99316 
7.49316 
2.24805 
-0.326172 
-2.49023 
-3.67969 
-2.78516 
-2.97656 
3.93262 
9.72754 
-1.62695 
-0.620117 
-4.8457 
1.78906 
-3.87988 
-3.74609 
9.65234 
-3.95703 
0.574219 
3.08984 
-3.94434 
-2.18262 
3.88574 
0.324219 
-2.21289 
-0.197266 
6.18555 
2.97559 
0.931641 
15.6387 
-2.8291 
-8.30566 
2.49023 
9.77734 
2.31738 
0.866211 
-1.59277 
0.900391 
11.3242 
-8.27539 
2.33691 
6.9873 
-5.78223 
6.21484 
-0.883789 
-1.78809 
4.39453 
6.68164 
4.07617 
-5.17969 
4.81738 
-3.97168 
-7.81934 
2.37988 
9.20898 
3.8916 
2.13867 
2.50098 
-3.9082 
1.13086 
-0.544922 
-6.63086 
-6.11328 
1.50391 
-1.65918 
1.44336 
7.27637 
-0.417969 
-7.73633 
-2.53027 
-5.4668 
-1.61719 
5.39941 
-3.53906 
-1.86523 
0.188477 
-2.55566 
4.82129 
-3.98438 
5.85156 
-1.15625 
13.4482 
6.5 
6.7998 
-8.8623 
-2.20313 
-3.49316 
1.04492 
-0.316406 
0.235352 
-5.86816 
0.0849609 
-0.106445 
-2.41699 
-0.717773 
12.4238 
-4.84277 
-1.16699 
5.62207 
-3.06934 
-9.23828 
3.75488 
6.1123 
1.59375 
-1.0791 
4.28125 
-7.75195 
-0.914063 
2.16797 
-3.18555 
-1.44727 
-4.96387 
3.59375 
0.416016 
-5.41602 
-6.78906 
1.49609 
13.2988 
-2.80176 
1.58887 
9.55078 
1.19922 
9.99023 
-3.68457 
0.758789 
0.324219 
-0.0166016 
5.05371 
-0.113281 
3.22363 
21.0781 
17.6729 
-5.64551 
-4.92285 
-0.0126953 
-2.9834 
6.67188 
-0.380859 
-3.91699 
-3.19043 
3.4375 
-7.95117 
4.09863 
-3.95605 
-2.21875 
-3.82813 
-3.68457 
6.14941 
-1.29785 
4.26953 
-0.524414 
-1.01563 
15.2061 
-5.16504 
-6.61426 
-3.24805 
-3.83887 
-0.00292969 
-4.38672 
4.39648 
3.00488 
3.38477 
3.09766 
-2.99316 
1.20801 
7.20313 
1.15234 
3.55371 
-2.5166 
-4.82617 
7.80566 
-0.925781 
-1.84961 
1.02246 
-3.54883 
1.59082 
8.62891 
1.7373 
-1.40332 
-1.42285 
-6.52734 
-1.84766 
3.22168 
-1.88184 
-3.23828 
1.04492 
5.25684 
-4.95898 
-6.25391 
4.88672 
-2.69727 
1.9873 
1.64844 
4.42188 
-2.125 
-5.13184 
13.2148 
3.03809 
-6.24023 
0.564453 
-1.04297 
1.0 
3.28613 
3.34961 
-3.00488 
-5.6543 
6.99219 
2.59668 
7.58301 
-3.67383 
-5.87695 
-0.669922 
1.99902 
-1.38672 
-0.301758 
-0.504883 
1.83203 
-4.04199 
-6.375 
8.2666 
1.12109 
-7.18555 
-5.03711 
0.515625 
4.57227 
8.7207 
-1.99512 
9.07324 
5.09375 
-4.16992 
17.5859 
0.824219 
12.0986 
12.0488 
-3.01172 
-3.40625 
2.05176 
-3.14063 
3.56055 
-1.49707 
3.7793 
5.24219 
3.41406 
-0.428711 
1.37305 
6.11035 
6.25586 
1.06934 
-2.14453 
0.741211 
-2.53516 
9.5625 
0.821289 
-7.44922 
5.58301 
-3.33398 
0.0810547 
5.01172 
9.48438 
-0.0839844 
9.44336 
-3.14453 
7.02734 
0.515625 
-4.4541 
0.525391 
1.7207 
-1.37891 
2.44531 
-0.6875 
4.76172 
-2.22949 
9.63379 
4.9043 
2.2334 
-1.11426 
-5.74414 
-0.245117 
8.68848 
10.8057 
-1.44336 
-6.30859 
3.97363 
-0.0332031 
-5.66992 
-3.70605 
5.03125 
-6.91309 
-2.16406 
-6.7373 
-3.73633 
-6.5498 
-1.3916 
7.16211 
3.44141 
-3.97266 
-6.29785 
-2.14941 
-6.3584 
-5.5498 
2.04004 
-8.70313 
-5.51563 
10.7822 
-0.708008 
-5.60938 
0.0546875 
-4.7207 
7.95215 
-4.61621 
-4.6377 
-2.60254 
17.1982 
0.726563 
0.182617 
-0.642578 
-0.749023 
6.28125 
-6.24316 
-6.07813 
4.39551 
-2.33203 
0.356445 
-3.62891 
-8.3877 
-1.625 
5.35742 
7.35352 
-2.12598 
-5.80176 
-0.206055 
1.41211 
2.84082 
-4.06543 
-5.91309 
-1.04883 
-2.64648 
-7.92871 
-4.96973 
-2.41113 
2.47559 
-1.24707 
-6.25 
-0.741211 
2.81445 
6.12305 
-1.71582 
3.0625 
3.0459 
1.31543 
-1.26563 
-2.40723 
8.24707 
-4.07227 
-2.70801 
-4.17383 
-0.303711 
-0.478516 
0.848633 
-7.57813 
7.29883 
-0.474609 
8.94043 
3.60938 
-3.89746 
-1.91699 
5.25977 
4.04688 
6.75781 
5.22168 
3.96289 
4.57617 
-4.08594 
-2.17383 
5.24023 
1.37695 
3.34082 
-4.63574 
4.45605 
0.0351563 
-6.44336 
-3.24316 
-8.24316 
-8.36914 
2.55664 
3.24121 
9.20996 
4.82715 
-3.85449 
4.16699 
3.89258 
-5.50781 
-1.0166 
-3.68262 
-1.78027 
-3.69824 
-4.16309 
5.8457 
2.4873 
-2.125 
7.43652 
-4.07031 
4.5498 
-6.41992 
-3.06445 
12.5059 
-2.17188 
-6.50781 
2.11133 
8.85156 
1.1123 
13.5752 
5.32813 
-1.31836 
0.493164 
4.27441 
-5.61816 
15.1572 
-0.725586 
-2.20996 
-3.2627 
-2.2627 
2.57227 
2.33203 
0.378906 
1.2168 
-2.09082 
-1.02637 
3.46875 
1.39258 
4.47363 
1.08398 
1.59766 
0.148438 
-5.38477 
0.760742 
-1.85645 
14.9482 
2.16309 
-4.19922 
-7.06152 
-1.72461 
0.0136719 
0.707031 
1.84473 
0.743164 
3.27832 
-5.16895 
0.607422 
-1.10156 
0.375 
-6.69043 
0.605469 
-8.07813 
-6.31836 
4.32129 
-0.277344 
-4.97363 
0.487305 
-8.49707 
1.71191 
4.71973 
-4.72754 
-5.09082 
4.90918 
3.82129 
-2.18164 
-4.70703 
-3.48145 
9.52637 
-7.02734 
-0.90625 
11.5518 
0.4375 
-0.894531 
0.679688 
-2.99121 
4.73242 
-2.20605 
2.06836 
-3.34961 
-4.125 
4.47266 
9.31836 
-1.73535 
4.9834 
-3.81445 
-7.1084 
1.39063 
4.50195 
-3.67773 
-3.31738 
3.44727 
-5.06836 
2.87402 
1.95996 
-3.79395 
0.660156 
2.05469 
-0.768555 
-2.20215 
-4.41992 
-1.27637 
0.245117 
-5.85449 
2.19629 
5.87598 
5.67285 
-3.27832 
-3.12109 
-3.72656 
0.955078 
0.44043 
8.86133 
0.46875 
0.0107422 
-0.0537109 
4.21387 
-2.7168 
7.21875 
-2.25586 
0.250977 
5.54492 
-0.078125 
-6.94727 
-0.176758 
1.37598 
9.60352 
11.0527 
-3.44238 
-3.16016 
4.25 
1.50879 
5.00684 
4.85059 
-4.93945 
-3.61621 
-6.68652 
8.17969 
2.4209 
3.63477 
-0.338867 
0.638672 
-0.177734 
-2.56348 
-1.31055 
5.87207 
-5.09375 
-8.05566 
-1.91895 
-4.24121 
6.74219 
-5.06445 
5.40137 
9.65918 
-3.78613 
1.07031 
1.76758 
4.81934 
-2.08301 
-3.39258 
-1.82422 
-1.11426 
-1.20898 
-1.73242 
-3.47949 
-5.94043 
5.87402 
4.29688 
11.5498 
4.02246 
6.27637 
-0.0742188 
4.45313 
5.6416 
-0.907227 
2.07813 
11.6953 
1.36719 
-7.96094 
0.77832 
-0.874023 
2.4707 
-1.73242 
2.27246 
0.268555 
1.08691 
-6.78906 
-3.71094 
2.05566 
3.88574 
2.16211 
-0.962891 
-3.42871 
-8.64258 
-0.383789 
3.64063 
-7.70898 
2.86035 
3.86719 
8.48438 
5.62012 
-2.91797 
5.29688 
2.80566 
7.72852 
0.136719 
0.163086 
-3.3457 
-6.10156 
-3.28809 
-4.69922 
2.15625 
0.898438 
5.41309 
5.5 
9.42773 
-0.274414 
4.37305 
-1.50488 
-2.18359 
1.61035 
11.7256 
8.74707 
-2.15527 
-1.88184 
-5.31152 
-2.65137 
-3.89746 
7.49121 
8.33594 
-1.36816 
-2.50684 
5.99609 
3.96973 
18.1758 
6.63867 
4.19922 
4.79395 
-7.81055 
-2.3418 
-0.353516 
2.17871 
-7.97559 
-7.14355 
9.43457 
6.17773 
-1.56445 
-3.1416 
1.20605 
6.2627 
-5.58496 
3.50195 
6.25488 
10.6035 
-0.410156 
0.136719 
0.944336 
3.20313 
1.60547 
-8.28906 
4.47949 
0.0888672 
-5.14844 
3.14844 
-0.956055 
-5.16113 
-2.34766 
-4.79688 
8.04199 
-0.827148 
9.20703 
0.374023 
-7.8584 
-5.37695 
-6.70313 
-4.61035 
3.06055 
-3.19238 
2.52734 
11.0 
-3.59961 
-8.49609 
1.63379 
1.01758 
1.68945 
2.05664 
1.34863 
12.3438 
-4.52344 
11.8389 
-0.0332031 
-0.97168 
-2.86035 
1.91211 
-5.33203 
-3.1748 
4.92285 
-4.02148 
4.24902 
-6.44238 
-3.7168 
-8.53906 
-3.9248 
3.50879 
-2.03809 
-0.266602 
0.258789 
1.58203 
1.9043 
0.958008 
-2.75098 
-0.263672 
-3.87988 
-2.77832 
-3.2373 
3.76074 
-0.453125 
-0.267578 
4.5459 
-1.50977 
5.9248 
-4.73438 
2.27246 
-2.375 
-1.40039 
-3.15137 
8.46387 
4.23145 
-1.66113 
3.05469 
2.93066 
5.29102 
-6.74512 
-6.53613 
2.77637 
-7.59082 
-6.11133 
0.03125 
-4.88379 
1.25098 
4.98926 
-3.33789 
2.67871 
1.31348 
5.59668 
0.0771484 
1.3418 
0.804688 
-2.24805 
-3.83789 
-4.65918 
4.125 
-1.42285 
2.89355 
0.00292969 
8.54395 
3.09668 
-1.76563 
-6.6748 
-2.6748 
9.625 
-0.679688 
0.0820313 
2.17188 
-4.3457 
0.0292969 
-1.1084 
3.38574 
5.51172 
6.28809 
-2.33984 
-4.72949 
-2.74219 
-3.45996 
9.93848 
-4.31348 
-1.28809 
-0.374023 
-3.28516 
-1.36914 
-3.84473 
-3.38281 
-2.83594 
-5.30273 
-1.59082 
4.98926 
3.93457 
-5.16016 
1.96387 
-4.23145 
-0.325195 
6.82813 
3.81836 
0.705078 
0.301758 
-0.12793 
-2.44434 
-0.342773 
-0.415039 
3.52148 
0.28418 
-5.89551 
1.87598 
-6.74902 
3.33398 
-2.62207 
6.02832 
3.80078 
-6.43945 
-4.93945 
-1.7832 
-0.242188 
-4.22559 
-5.7373 
6.06543 
2.10742 
-1.11914 
-5.82031 
-6.04688 
-3.34863 
-1.49902 
9.42676 
3.42188 
-2.17773 
0.458984 
-1.8916 
0.571289 
5.33984 
0.767578 
-5.96875 
-2.00195 
3.18848 
6.44531 
2.39941 
4.06738 
6.19922 
-2.28711 
7.55566 
-0.535156 
-3.70605 
1.44824 
3.99121 
-1.89844 
3.18066 
7.62012 
-0.234375 
-4.13379 
2.11133 
1.58008 
-2.11426 
-0.388672 
-0.0078125 
1.13965 
-2.56348 
0.994141 
0.402344 
-2.75488 
-0.431641 
-5.34668 
-0.203125 
14.9678 
0.411133 
-3.66602 
1.69922 
-1.67773 
-2.67383 
-0.567383 
-0.932617 
10.1143 
7.21973 
-1.36426 
0.919922 
4.80273 
8.12598 
-1.79883 
-0.0458984 
-3.08594 
1.56934 
5.39844 
-5.08594 
-2.09277 
-3.6875 
5.01465 
-0.279297 
-2.46777 
-6.52832 
0.889648 
-0.863281 
-1.41699 
-0.350586 
0.115234 
0.0332031 
-0.231445 
-6.03516 
0.71875 
-6.15234 
-7.4834 
-1.9502 
3.9043 
-3.32129 
-2.91504 
2.7041 
4.55371 
1.11328 
1.77734 
5.76855 
2.72754 
-4.33789 
-5.48438 
-2.00195 
-7.18848 
-3.43457 
4.85742 
-0.835938 
-3.68359 
-1.14355 
-6.79785 
-2.56641 
1.4209 
-0.677734 
6.74316 
1.30371 
-2.30176 
-2.53125 
0.717773 
6.48145 
-0.761719 
1.01465 
4.36523 
-4.39258 
0.290039 
3.7002 
2.9541 
0.0722656 
-1.43848 
-1.30078 
0.313477 
-3.08008 
-5.2998 
0.616211 
-4.39355 
-1.38281 
-3.05664 
1.23242 
2.47266 
8.99512 
1.35742 
5.28516 
9.36719 
1.02344 
2.34082 
-0.292969 
-3.32422 
0.0351563 
-0.769531 
7.24609 
8.61621 
8.76074 
4.19043 
5.66016 
-6.8584 
5.07422 
1.98828 
-0.0839844 
7.79395 
6.2373 
-5.40625 
-0.988281 
-6.4541 
3.38086 
5.65625 
-1.57617 
0.381836 
-2.99023 
-0.337891 
1.90332 
-0.542969 
-6.24316 
-2.35938 
6.16211 
-4.15527 
3.90625 
-2.61719 
3.42871 
-1.95313 
-3.86426 
-1.38477 
-6.2793 
4.45313 
-4.73828 
-0.858398 
15.6016 
-1.6582 
2.43359 
3.05078 
6.83105 
10.7217 
3.75879 
1.75684 
-4.4248 
2.31543 
-1.71094 
2.19336 
-5.52148 
-3.68262 
0.890625 
2.70313 
11.082 
13.6387 
-7.94727 
-0.813477 
2.66113 
-2.24023 
6.22949 
-2.19629 
-2.07031 
2.92578 
7.68066 
-1.71777 
-1.77148 
10.6006 
0.285156 
-3.04395 
-1.06738 
0.551758 
4.72559 
9.4043 
6.28809 
2.75977 
-3.25195 
11.0566 
-5.79492 
3.64258 
2.34961 
7.20801 
2.22656 
-4.16992 
-3.87891 
-0.379883 
-7.46582 
12.7705 
-3.04883 
-6.64844 
15.6152 
8.17285 
-7.50684 
-6.61523 
7.27441 
1.7959 
-2.18652 
-0.108398 
2.75781 
-5.26465 
-5.23145 
-5.6582 
2.27832 
3.38867 
1.54883 
-8.16797 
2.74609 
-2.16211 
0.779297 
-3.15234 
-1.47363 
-2.08984 
5.4209 
-5.35156 
-6.28223 
-2.68945 
-2.76367 
0.0117188 
-2.08594 
7.68262 
-7.11914 
1.78516 
2.08203 
4.05664 
-1.93945 
6.0293 
0.96582 
-3.92871 
5.69824 
-4.33594 
-3.20117 
9.27246 
-3.3252 
-2.90039 
-4.58008 
3.75 
-3.21582 
-8.37598 
-7.93652 
-0.28125 
-0.621094 
-2.73145 
-7.43066 
9.80957 
0.168945 
4.47363 
1.00488 
6.13965 
0.427734 
2.80371 
0.520508 
8.0 
1.89648 
5.35742 
-0.926758 
-2.54688 
2.41113 
-6.3623 
3.46973 
13.7236 
3.33105 
-3.08984 
-2.79199 
-2.1084 
-5.28711 
13.7354 
4.71289 
-8.10059 
-7.38379 
4.70996 
1.37695 
-2.35352 
-0.383789 
1.2793 
-4.69336 
-4.01172 
1.25977 
-0.668945 
3.24023 
-2.70313 
1.13672 
3.41113 
-0.0996094 
0.166016 
-4.44336 
-0.78418 
0.0283203 
1.67871 
-4.06055 
-2.1875 
5.78809 
-2.81738 
-1.55664 
9.18457 
0.186523 
-1.29688 
0.207031 
-3.08301 
7.80664 
-0.34082 
1.59961 
-1.31934 
-5.45508 
-0.274414 
6.28516 
5.95898 
-2.70215 
-4.05859 
-7.22168 
-2.0625 
0.810547 
0.682617 
-3.66309 
6.81445 
5.30078 
-1.24805 
2.87695 
-1.69629 
-4.67188 
3.91016 
-0.458984 
-3.0 
1.57422 
-5.00879 
-5.09473 
1.6748 
-7.02441 
-2.74707 
3.14258 
-2.16113 
11.4238 
-5.04297 
-3.83398 
0.222656 
-0.87207 
1.86328 
15.1973 
-5.32715 
-0.0332031 
7.39063 
8.53711 
-2.34082 
1.14453 
3.49707 
-6.98242 
-0.40625 
-3.71582 
3.67188 
1.10742 
-1.71582 
2.35645 
7.46094 
3.68555 
0.838867 
-6.125 
-5.27637 
8.6416 
-2.31934 
7.79883 
5.34375 
7.53516 
1.87598 
-1.72949 
-4.63379 
-3.40918 
0.704102 
10.5313 
3.57813 
0.46582 
-0.561523 
12.459 
-2.74414 
10.4365 
4.09473 
-4.90137 
6.87891 
4.13574 
1.94141 
-7.90234 
-1.49512 
-2.63379 
2.02441 
-4.07031 
-0.845703 
-0.810547 
-3.37109 
0.078125 
5.0293 
2.55273 
4.21484 
0.626953 
1.92676 
-8.27051 
1.24512 
-0.548828 
-3.36914 
1.60449 
-2.44629 
3.45313 
1.37695 
-0.3125 
-3.61816 
0.272461 
-0.862305 
-6.90918 
0.333984 
-6.50098 
-1.47559 
3.64941 
6.57813 
-2.55371 
-6.46094 
-2.20215 
-1.94238 
7.35742 
2.54492 
-3.37012 
-0.225586 
1.36426 
2.00977 
10.4834 
-2.15918 
-2.8623 
-2.23145 
0.578125 
-0.135742 
-5.69238 
7.33496 
9.29688 
4.67578 
1.13379 
1.36719 
-5.92578 
-3.93457 
1.4082 
-1.62988 
-1.44629 
-2.23535 
0.704102 
-2.97266 
-0.757813 
8.2666 
14.4658 
7.56934 
-2.09277 
8.13086 
2.88379 
-2.15527 
-1.34375 
-5.89453 
7.46582 
4.30273 
15.5 
3.1748 
-8.45117 
7.19727 
-2.79492 
5.70703 
-3.89258 
8.19922 
1.47168 
-6.81055 
9.00977 
-2.05176 
-3.40137 
0.285156 
-5.55176 
-1.80859 
-4.83203 
-2.45313 
-3.98438 
6.31055 
16.4453 
-4.63574 
-5.96289 
2.35645 
-2.32813 
2.9873 
-2.7373 
-6.14355 
0.927734 
-5.81738 
11.8965 
-1.26367 
-4.2334 
4.90625 
-2.23535 
0.470703 
11.0771 
-5.00488 
3.93359 
-0.0410156 
1.20996 
-3.02734 
2.60938 
-2.94531 
2.55762 
-1.62305 
4.19043 
11.2979 
-0.574219 
-1.75488 
-5.17285 
2.12402 
-3.78125 
0.244141 
7.47168 
11.4707 
-4.85449 
-1.20703 
-1.72656 
-8.35547 
-6.81738 
-3.66016 
-2.97168 
7.03418 
-3.57227 
0.165039 
2.38184 
5.10645 
-7.79492 
3.88574 
-4.29004 
0.59668 
-3.03027 
1.18164 
-0.297852 
0.208008 
-3.42285 
2.58887 
-2.86914 
1.37305 
-5.62891 
-3.83691 
-0.9375 
-1.18262 
-4.28027 
-1.98926 
-1.85645 
-1.49902 
10.2607 
-2.62793 
0.0644531 
-1.68066 
-2.96973 
3.17773 
0.540039 
1.43848 
-0.455078 
-9.2334 
2.15137 
-5.24023 
-3.24805 
-0.706055 
-4.63184 
-7.35938 
-5.86523 
-2.08789 
-5.56055 
2.5 
-8.13184 
0.981445 
6.24707 
-2.06055 
1.24219 
-2.27051 
-1.08398 
-6.72559 
4.50586 
-1.87988 
-0.731445 
6.8125 
1.56934 
0.704102 
-2.59766 
-0.00585938 
1.50684 
4.93555 
-0.631836 
3.61523 
4.9209 
13.6104 
-2.125 
5.70605 
-8.02734 
-2.47852 
6.93359 
-5.27148 
2.75781 
-1.80762 
-7.3584 
-3.64648 
8.38867 
-1.32422 
-3.875 
7.89746 
7.61719 
0.341797 
4.21484 
-3.66406 
-2.44043 
3.35156 
-5.70215 
2.37109 
3.47461 
6.03906 
-0.955078 
-0.484375 
10.1396 
-3.98145 
6.48535 
0.353516 
-5.83496 
5.38379 
1.83984 
-1.93945 
0.364258 
3.84473 
23.1152 
-2.91309 
4.85059 
5.08008 
-0.503906 
-3.07715 
-0.50293 
-3.2207 
7.72461 
-0.450195 
-7.80273 
2.03027 
-1.88574 
0.412109 
1.66602 
7.86816 
-3.57813 
4.4834 
1.41699 
-5.62891 
6.37402 
4.4375 
6.74609 
-6.29199 
-8.37988 
0.37207 
-8.09473 
-0.414063 
-0.592773 
6.3125 
1.81152 
0.929688 
-3.77441 
-5.82813 
0.474609 
-2.33887 
-2.46094 
3.9873 
-4.22168 
2.96289 
-6.20605 
-4.54004 
-3.24512 
-2.58496 
-2.38477 
3.70801 
-7.75488 
2.54004 
1.44336 
2.84961 
-3.18066 
1.03613 
-4.82422 
-0.648438 
-1.07129 
9.36133 
6.21387 
1.98438 
-1.11719 
-0.899414 
-6.22852 
0.0214844 
-6.22656 
2.29004 
-1.27441 
3.45605 
-0.609375 
0.191406 
2.27148 
-7.50391 
3.12207 
-7.76563 
1.25293 
0.321289 
13.3799 
-7.16309 
1.57617 
-4.33594 
1.64941 
-3.88086 
10.9785 
-1.25879 
-3.58301 
0.129883 
2.25391 
-0.855469 
2.08691 
-3.95508 
-5.83008 
4.30664 
-1.33496 
-3.39941 
5.20801 
-3.84473 
-2.0332 
-5.42383 
8.44922 
1.76855 
-6.44238 
-4.22949 
3.66406 
17.0303 
-4.83203 
-3.25391 
0.536133 
-4.52051 
-3.85352 
-4.33594 
-6.62793 
-4.10254 
8.98145 
-5.64355 
-2.81543 
-4.02344 
2.1084 
5.03418 
2.27246 
2.4707 
-1.07617 
3.88184 
-5.11914 
16.5273 
2.98438 
-3.33301 
-4.14746 
2.14355 
-3.3418 
4.78125 
5.39844 
5.33008 
1.02441 
1.96094 
1.16309 
-4.18652 
-1.49707 
-6.70801 
-7.60156 
4.0293 
0.3125 
-0.749023 
8.5752 
0.511719 
0.744141 
-6.70996 
-0.479492 
3.79395 
-2.56641 
2.27637 
-4.75098 
1.31152 
-3.49121 
1.90332 
-6.11523 
-0.015625 
5.22656 
-2.09863 
3.35156 
-4.79492 
0.837891 
2.51758 
-1.64648 
1.44043 
-5.99121 
-5.08008 
-5.65527 
-7.71289 
-4.63184 
0.931641 
3.98633 
3.61328 
5.5791 
-2.83008 
8.875 
0.964844 
-1.05176 
1.36133 
-3.21387 
14.2695 
9.40137 
-6.53809 
5.68359 
5.15137 
-3.54688 
10.79 
-5.20215 
3.66113 
-3.22363 
-1.94434 
-4.29004 
-1.53809 
-0.564453 
5.21973 
-4.67773 
-0.523438 
-0.0234375 
2.38379 
1.95215 
-1.98145 
0.485352 
-0.447266 
-3.39453 
5.17578 
-0.0166016 
-1.9707 
1.25586 
-3.01758 
1.34863 
-3.21777 
5.43066 
2.7832 
5.27344 
5.37012 
-1.43262 
-8.41309 
4.36426 
0.794922 
-2.41113 
4.50488 
-3.7666 
2.8916 
-1.02051 
1.18164 
-5.55664 
-4.64746 
5.59766 
5.08398 
1.31836 
-2.94434 
-1.9502 
-2.54199 
8.33594 
7.25781 
-0.753906 
3.49023 
1.32031 
7.28906 
0.744141 
2.31934 
-1.85449 
-5.00488 
-2.50195 
10.7627 
-0.0146484 
-3.25879 
-8.06543 
-0.164063 
1.99512 
3.37207 
3.75293 
-4.89648 
1.08594 
-0.607422 
8.31152 
1.35547 
-7.91309 
-1.09961 
-3.75977 
3.78125 
-4.26172 
4.5127 
-4.26172 
-0.822266 
-3.78906 
3.85547 
-3.61816 
8.54297 
4.99219 
-0.0830078 
0.306641 
-0.618164 
2.88379 
-3.94043 
4.18066 
-2.70605 
-5.89746 
1.51563 
-5.77441 
-3.25391 
2.0625 
0.615234 
-8.84961 
1.6543 
3.33594 
-0.871094 
1.20898 
3.6748 
-8.11816 
-0.880859 
5.35547 
3.97266 
2.13574 
-8.50586 
-1.5957 
5.30566 
-4.06836 
1.81543 
-2.1377 
-3.33105 
-3.11621 
3.0752 
-0.831055 
0.90918 
-4.33105 
4.3584 
-0.259766 
-1.20898 
-3.87402 
9.08301 
-2.55859 
-3.82129 
-2.19727 
-7.08984 
1.03516 
5.91699 
-0.506836 
1.53711 
2.27637 
3.45996 
-4.5957 
10.1514 
14.5801 
7.13965 
-2.94824 
9.18262 
-2.40723 
7.66309 
-1.98926 
-1.85938 
-4.2168 
-8.80664 
-4.51953 
-1.79297 
-4.24316 
1.33301 
-4.19043 
-8.02344 
-1.88867 
1.28418 
-6.02344 
-5.74121 
0.388672 
-7.05859 
4.12207 
-7.48438 
-3.81543 
-8.05957 
-5.67871 
1.4541 
2.00684 
3.32129 
-1.50195 
1.0332 
-2.90234 
0.37207 
-7.50293 
-5.74414 
-2.26465 
-0.0224609 
-0.848633 
1.80859 
11.6113 
-4.93359 
-2.17188 
-3.08496 
-6.0498 
-8.57129 
-5.5 
2.07227 
-3.43457 
1.22852 
11.0352 
2.62109 
-4.58203 
11.1504 
0.225586 
-6.24219 
-3.18652 
3.53027 
-2.41113 
-3.00488 
-3.66797 
-0.697266 
-3.58008 
1.60742 
-2.24512 
-7.77734 
-4.73535 
4.76367 
-5.91797 
2.94238 
1.34473 
2.87109 
4.40234 
2.9834 
-0.762695 
-5.22363 
3.94043 
-5.21973 
7.65918 
-5.38379 
4.90527 
-3.8623 
4.27734 
4.62109 
-9.21973 
-2.08398 
-4.35742 
-5.90137 
5.33496 
5.95703 
2.52637 
-5.42871 
-8.97754 
0.336914 
2.7832 
-5.28027 
2.76758 
-0.493164 
2.17578 
4.02734 
9.63184 
-0.873047 
-4.69141 
-6.89551 
5.60645 
-3.58008 
-2.71973 
-3.33691 
-5.31152 
8.9375 
-4.83203 
2.19141 
-5.60938 
-4.75977 
1.66504 
-2.63379 
-2.38965 
1.63867 
-1.125 
1.72656 
-2.01563 
0.474609 
-5.66016 
-5.43262 
1.77441 
-3.41406 
-0.561523 
-3.5957 
1.86035 
-4.35449 
-8.80664 
-5.20898 
4.0332 
-4.5166 
-0.550781 
2.14551 
-5.74707 
13.4531 
-2.16016 
-6.81445 
-2.43359 
-1.32617 
-1.56152 
-2.02539 
-5.01172 
12.2842 
0.801758 
4.23926 
2.52344 
-1.58789 
-5.37109 
-6.78223 
0.916992 
6.01465 
6.32324 
12.5293 
7.07813 
-5.60938 
3.45703 
3.62207 
8.3877 
-2.81836 
-4.45313 
2.22363 
0.0 
6.48633 
-4.39355 
-3.70508 
-9.2334 
3.38281 
2.16699 
5.14746 
-3.5459 
-2.08008 
-0.459961 
-4.25391 
1.93164 
15.8662 
0.806641 
-8.7832 
-4.05176 
-1.45313 
2.20215 
-1.19922 
-3.31641 
9.13379 
8.60059 
-6.24121 
-7.82129 
-3.25391 
4.0957 
4.62695 
0.0439453 
-7.0791 
-3.57129 
0.879883 
8.84668 
3.64258 
5.61719 
-4.00195 
0.876953 
18.5322 
-2.98047 
0.96582 
1.97656 
-3.01953 
-1.46191 
-4.52246 
-4.1416 
-2.34277 
-3.78418 
-2.0127 
-3.70898 
0.0478516 
-5.40039 
-4.21191 
-3.16016 
14.0742 
-3.60449 
-0.62793 
-2.76855 
-1.05371 
4.59863 
-1.89941 
-1.16699 
-7.4082 
2.71777 
6.32031 
-3.43359 
-5.03613 
4.65234 
-2.87793 
8.11328 
-6.8418 
-3.06348 
-4.48535 
-4.26563 
3.46875 
0.25293 
-0.890625 
-1.84961 
-1.23633 
1.69922 
7.04688 
3.88379 
-3.51953 
-3.20801 
0.333008 
2.34766 
4.11523 
2.28906 
6.42383 
2.21777 
1.57031 
-1.18359 
2.37109 
10.8965 
2.94531 
-5.52441 
-8.41113 
1.43164 
-7.74121 
-6.61621 
-8.6416 
-0.0273438 
-6.46191 
-0.201172 
1.9502 
-6.92676 
3.48438 
-0.938477 
1.08203 
-0.0136719 
-2.60156 
5.4248 
-0.174805 
-5.94824 
-0.166992 
-5.23828 
-2.07324 
4.70898 
1.48145 
0.248047 
-4.6709 
-0.0175781 
2.32227 
3.18945 
-4.70801 
2.30859 
6.50293 
-0.842773 
0.0517578 
4.97363 
-2.27441 
-1.43457 
5.68945 
-2.85938 
-2.90137 
3.8877 
-2.52832 
-0.547852 
-5.87207 
1.14941 
0.242188 
1.91113 
3.70898 
0.335938 
4.00977 
-0.198242 
0.203125 
5.87012 
4.97949 
3.68848 
-3.5498 
3.59277 
-8.59473 
11.7246 
12.2988 
0.725586 
5.55078 
9.64355 
3.56543 
-0.939453 
3.56641 
-3.50781 
-4.29199 
-3.2002 
-3.55371 
-8.87598 
-6.92188 
0.558594 
3.88086 
5.47266 
-7.0918 
1.99707 
-2.53906 
-7.71094 
-2.05078 
-4.98926 
-2.61328 
4.71973 
6.20996 
1.47461 
-5.05957 
-5.04199 
3.58789 
3.54395 
8.32813 
2.83594 
-1.13184 
0.743164 
12.207 
0.110352 
-2.76953 
1.64941 
-1.78125 
-4.91113 
-4.59961 
3.06738 
2.25293 
4.7666 
-2.75781 
0.03125 
-3.3584 
1.08398 
3.12207 
3.35547 
-5.64355 
7.04199 
1.91504 
-3.86328 
-1.19629 
-4.73438 
8.85742 
11.3057 
-7.0 
-6.74219 
1.1123 
8.90527 
-5.03418 
5.46875 
-3.44824 
7.37109 
-0.490234 
-6.98438 
0.34375 
-5.34473 
4.20703 
2.34375 
0.72168 
6.3877 
0.37793 
-4.45508 
-3.00781 
2.89844 
1.90137 
-5.1543 
-4.58301 
6.64844 
0.0810547 
-6.86035 
-5.73242 
5.21582 
-3.3418 
-2.84082 
2.7627 
-4.52441 
6.17676 
3.77832 
-6.43164 
3.2959 
-5.24805 
-4.08203 
0.46582 
8.86523 
4.57715 
-6.48633 
0.330078 
-0.336914 
12.4961 
5.60938 
-1.2373 
1.46387 
3.19629 
6.1084 
5.67383 
2.21777 
-4.26465 
-3.86523 
-7.79395 
6.40137 
2.92773 
-0.254883 
7.10059 
4.94238 
1.91016 
-4.03809 
-2.64258 
6.66895 
0.742188 
-0.682617 
-4.37891 
-2.63672 
5.9834 
2.0127 
0.874023 
2.38086 
8.09863 
-3.70898 
3.99316 
-0.243164 
-0.589844 
0.115234 
3.56738 
-2.36816 
-4.80371 
-6.14355 
-5.67773 
-0.274414 
-4.79785 
6.47754 
-7.41699 
9.13379 
3.22559 
1.01758 
2.69238 
0.539063 
-0.999023 
2.50781 
-6.40234 
-6.22559 
-0.0214844 
4.34375 
0.772461 
9.3291 
-1.36621 
2.56934 
8.55469 
-2.21973 
4.27637 
-0.676758 
15.4609 
-4.75488 
5.9375 
5.38086 
-4.0 
-4.31055 
13.4521 
2.49219 
-4.77734 
5.70215 
0.780273 
7.75098 
-1.60742 
5.13867 
0.895508 
10.3877 
-4.95605 
5.22852 
4.82813 
-3.0498 
0.799805 
8.74609 
9.42871 
8.89453 
-1.33398 
-4.94531 
-2.34375 
6.12012 
-1.33496 
-2.34863 
0.818359 
-3.64844 
1.79395 
-5.55371 
6.20508 
3.34375 
3.7373 
14.3242 
-5.47266 
6.85449 
-6.41602 
8.00781 
-3.30273 
-0.507813 
4.43457 
2.83496 
5.16211 
-5.23438 
7.28906 
10.1484 
0.494141 
2.11719 
3.23047 
-4.32129 
6.26953 
0.693359 
3.30957 
-5.75879 
5.19531 
3.75781 
5.66992 
-2.12598 
4.05859 
1.87695 
-3.20898 
5.24219 
-2.25195 
1.62012 
-3.40039 
-4.21582 
1.2002 
4.7666 
-2.77246 
4.69141 
4.03418 
6.12109 
4.03613 
-2.12207 
4.52441 
16.0781 
8.78027 
-2.59961 
-0.696289 
6.88184 
2.55371 
3.99902 
-5.31543 
0.683594 
2.88965 
-4.17871 
14.5264 
7.59375 
-2.11328 
-2.55176 
-1.56836 
6.07129 
-6.63184 
4.33301 
-8.89453 
-0.277344 
-4.60645 
-5.04492 
4.7168 
4.13867 
-6.06055 
-0.121094 
0.447266 
-0.897461 
1.82813 
-2.55371 
2.7998 
11.7549 
5.10742 
-1.93848 
0.663086 
4.4375 
-4.48535 
11.2402 
-6.1748 
5.56543 
-6.75488 
-2.92676 
3.30859 
-0.535156 
4.16602 
1.48047 
8.89453 
-2.55273 
-4.77441 
-0.993164 
-3.38086 
-5.72266 
5.17383 
-2.01953 
-2.84375 
2.10254 
3.77637 
7.39648 
6.34961 
-4.20508 
-4.35352 
-8.28418 
-0.77832 
-4.79297 
1.58301 
-4.08887 
2.08008 
-0.137695 
-4.16406 
-4.95996 
-3.38672 
-5.97363 
-4.35645 
-2.02246 
3.34766 
5.39355 
-6.13379 
4.65332 
-2.97852 
-4.46777 
-5.34668 
0.977539 
3.12598 
-0.12793 
5.9502 
-1.59082 
-2.20605 
-1.28711 
10.5469 
1.65137 
0.720703 
-4.04785 
-4.08887 
5.73242 
-1.51074 
-4.14648 
5.30859 
-3.32324 
-8.4541 
-8.10547 
5.5957 
-7.53223 
-1.46875 
-0.139648 
-8.74707 
0.998047 
1.50879 
1.01855 
16.126 
-7.35156 
0.447266 
-8.87598 
6.54395 
8.65137 
5.86035 
6.68457 
-5.11816 
1.96094 
-2.44727 
4.2334 
0.0644531 
-2.4834 
-3.48145 
-6.02344 
-2.15234 
6.04883 
-4.49707 
5.05078 
-6.80273 
-2.52539 
-1.34277 
4.38965 
2.93262 
1.08008 
5.41016 
-4.39648 
1.46289 
-1.28027 
6.7334 
3.18848 
2.09473 
3.7041 
-3.13574 
0.226563 
0.881836 
-1.66211 
-5.38574 
-1.34961 
-1.01172 
-6.94824 
-0.19043 
2.36133 
5.98047 
1.08496 
1.31738 
-4.54102 
-0.708984 
-1.2002 
4.4668 
3.13281 
0.753906 
-6.99219 
-4.77344 
-0.748047 
5.93359 
15.9824 
-3.33105 
0.561523 
1.57227 
3.56836 
-2.78418 
-3.76367 
3.31445 
-7.26465 
-2.36523 
6.91602 
-4.37109 
-8.70313 
-4.14648 
2.41211 
-1.4541 
-5.08496 
1.9375 
6.02246 
-7.81738 
0.855469 
4.65234 
-7.76367 
1.96387 
-6.32617 
11.4775 
-8.30566 
-5.75293 
-4.86914 
1.88477 
-7.47852 
9.89551 
4.98633 
-5.76855 
-8.13086 
2.96777 
-5.91602 
1.90332 
1.96094 
-3.27051 
-1.25488 
1.80762 
6.30273 
6.16309 
10.2529 
11.957 
-0.635742 
5.00586 
-6.10645 
-0.926758 
-0.711914 
-1.63574 
-4.49316 
6.60254 
-2.72949 
5.51465 
-2.91016 
1.61621 
14.6914 
1.88379 
4.19336 
0.955078 
-3.42871 
-6.77637 
0.639648 
-4.99219 
-1.16895 
8.18262 
9.62207 
20.8906 
2.23535 
-3.19727 
1.98047 
-4.26465 
-2.23145 
2.06348 
0.185547 
0.207031 
7.73633 
1.66309 
-1.27539 
2.2334 
1.78223 
4.03906 
-4.76172 
1.97754 
-7.31152 
2.12109 
3.40039 
3.47852 
0.885742 
3.21875 
-3.39453 
0.107422 
-7.20703 
-7.50488 
-7.03613 
0.134766 
2.44629 
0.794922 
-1.20703 
-1.47168 
-3.05566 
-6.97168 
-0.574219 
-3.0791 
-1.21289 
9.75 
5.57324 
-0.804688 
1.20313 
4.15039 
5.79785 
3.22168 
1.59961 
2.05176 
7.53418 
4.48633 
-1.35938 
-0.698242 
-1.25684 
-4.56543 
9.39258 
1.50488 
-3.97559 
0.709961 
-3.12207 
-7.96191 
-1.32227 
8.20996 
5.63379 
-6.90527 
1.02051 
-0.876953 
-4.99023 
7.17578 
-3.88281 
10.0977 
10.2744 
3.08301 
-5.17871 
-5.7666 
6.22754 
-6.76074 
-3.36621 
0.24707 
2.41992 
0.0449219 
-5.48047 
6.77148 
1.37695 
-4.37402 
-6.07031 
-3.79004 
3.75586 
-5.95703 
1.99805 
-1.06445 
6.71094 
3.03223 
18.0371 
8.51563 
6.07227 
1.60352 
0.994141 
0.491211 
0.00292969 
2.8877 
4.24512 
5.05273 
5.95215 
0.8125 
3.30566 
0.844727 
8.80664 
2.80957 
-3.86328 
-2.34668 
-3.56445 
-6.14355 
-4.49316 
-2.61719 
1.9082 
1.78906 
-1.72461 
-5.58887 
1.45898 
-0.0527344 
-7.0 
-6.14844 
7.51172 
-2.55957 
1.14746 
-2.80762 
-3.46094 
-0.152344 
-4.03906 
7.45313 
0.762695 
1.99219 
-3.7666 
-5.08789 
1.12012 
-4.3623 
3.22461 
12.5078 
3.35156 
-4.67188 
4.11035 
-6.53223 
-0.652344 
7.6582 
0.0927734 
-3.30273 
1.80859 
3.11523 
0.892578 
9.89063 
-5.16113 
1.65137 
3.18164 
-2.72754 
1.30469 
10.5488 
-3.62402 
-5.30859 
3.25098 
-2.55371 
0.693359 
-4.25391 
6.16504 
6.5625 
1.24219 
-6.67578 
5.46582 
7.36914 
-3.24805 
-0.0673828 
-1.95801 
1.79688 
3.38086 
-4.07129 
-4.52441 
2.50195 
-1.8584 
-1.10742 
-5.21973 
3.18652 
-7.42969 
-3.66699 
2.96875 
1.3916 
0.839844 
-1.94531 
5.99414 
-6.1875 
1.16309 
-1.44727 
8.88574 
2.43652 
-1.08008 
-1.37891 
-2.33984 
-7.0127 
6.48047 
5.79492 
5.17871 
7.86719 
6.92871 
2.55859 
3.51563 
5.63672 
3.7832 
-4.30859 
8.22949 
4.89453 
2.57324 
2.2041 
1.27246 
0.952148 
-3.16699 
-1.67773 
5.28516 
13.0303 
6.16406 
0.604492 
-3.03809 
0.0263672 
-2.28613 
5.87207 
-2.69922 
-0.393555 
4.93164 
-7.42578 
-1.34863 
-2.93457 
5.21777 
-8.11719 
-0.297852 
0.780273 
-1.67871 
-1.3584 
0.588867 
4.39453 
8.57227 
-1.43359 
-1.90625 
-4.46777 
-0.917969 
1.63281 
-3.63184 
-5.3291 
12.2646 
-3.7041 
4.61133 
-7.67676 
2.63672 
3.0625 
5.37402 
-0.631836 
2.50684 
-1.22559 
-2.7627 
0.709961 
-0.552734 
3.06348 
4.73828 
-3.42773 
8.51855 
-5.70313 
-2.10547 
-1.19922 
2.33984 
-8.40918 
-2.6543 
1.69238 
-6.2793 
-5.27344 
-1.29199 
-0.0517578 
-8.41699 
0.358398 
7.01758 
-1.95801 
-6.16797 
0.121094 
0.844727 
-3.94824 
-1.27832 
8.26563 
6.3623 
2.60059 
6.76172 
-6.04395 
-0.762695 
-1.6123 
-3.82715 
4.31641 
2.14551 
1.63672 
-1.24609 
-2.96094 
1.87891 
-4.41602 
5.72461 
3.36035 
6.43457 
2.14063 
-5.68262 
1.64453 
-8.11133 
-1.01758 
3.41016 
-0.111328 
3.91016 
-2.17969 
1.26465 
-0.266602 
-5.12402 
1.60059 
6.99023 
1.30273 
5.18262 
-1.04395 
1.2998 
0.880859 
3.56543 
-0.993164 
3.85156 
0.632813 
3.24707 
2.77734 
6.20215 
-2.46777 
-2.23633 
1.19238 
-7.94629 
1.6543 
4.81934 
-4.09766 
-2.12402 
-6.51074 
1.87988 
-4.67578 
2.9873 
-6.15723 
-1.58887 
-4.88281 
7.49805 
-0.866211 
8.37207 
-6.33398 
-4.66992 
3.03711 
6.50781 
-0.615234 
0.168945 
1.35156 
-0.504883 
2.49414 
-5.29004 
-4.41309 
-4.36719 
-4.85254 
-1.26758 
-6.56934 
6.31934 
-4.42676 
-1.00977 
-4.40137 
-7.75195 
4.93945 
-1.21484 
-2.76465 
9.11133 
-2.01563 
9.96094 
5.98633 
2.99414 
0.411133 
3.31348 
-8.37207 
-4.44922 
1.46484 
-2.58008 
-5.8252 
-5.13574 
-2.15332 
0.204102 
-2.78418 
-4.79492 
-5.05371 
1.9209 
8.75293 
-2.23145 
0.583984 
3.36914 
-3.66992 
3.69922 
5.77246 
-4.08008 
-6.58398 
4.23633 
-4.38086 
-1.33398 
-6.95605 
-2.66797 
-5.03418 
-3.83398 
-2.03809 
-1.01953 
-3.83887 
-0.527344 
-0.509766 
2.14063 
-0.474609 
-1.57031 
5.75488 
-4.56152 
2.51953 
-1.96191 
5.81152 
-3.11621 
0.742188 
1.47266 
15.2979 
-2.86523 
-4.36523 
0.970703 
2.27734 
3.7002 
13.1904 
6.14258 
-3.73828 
2.58594 
-5.53613 
-4.53516 
-0.75293 
-6.78516 
-2.34668 
-3.57715 
7.15625 
2.90723 
8.33594 
3.91113 
2.14551 
-0.34082 
-4.95117 
4.29004 
-6.18457 
-6.15723 
4.54102 
3.0166 
5.80957 
-3.62402 
-1.49023 
-2.49609 
1.33496 
0.360352 
4.69238 
3.17676 
0.489258 
1.39844 
3.98926 
-7.19434 
-5.15527 
-1.9248 
0.110352 
2.90723 
-1.25684 
-1.28516 
1.56152 
-4.60059 
-5.85449 
5.46582 
4.29492 
-4.06445 
-7.44727 
-6.12988 
2.16992 
1.62695 
1.82617 
5.50488 
-2.34961 
1.00977 
12.5381 
-0.995117 
-5.0293 
-2.38672 
1.01563 
-6.6084 
-1.59277 
-6.15332 
0.8125 
-5.85156 
-2.24512 
4.86035 
0.383789 
-7.25684 
-3.04688 
-8.51465 
-0.145508 
-2.22559 
0.736328 
-6.00586 
-2.08301 
-6.8916 
-4.8291 
0.37793 
5.71387 
-2.68457 
-4.0332 
2.30957 
0.664063 
0.260742 
0.525391 
-4.67773 
1.2207 
-9.21973 
11.8652 
9.47656 
2.12793 
-1.89258 
1.85938 
3.9834 
5.3252 
0.204102 
3.11621 
1.12402 
-5.0459 
-6.09473 
-0.0146484 
4.33398 
-7.6084 
8.70898 
-0.576172 
2.92969 
-2.09863 
-5.82129 
-8.91895 
-1.31836 
8.96777 
6.2998 
0.250977 
-1.56152 
-2.87598 
7.66211 
8.14063 
-1.0459 
5.24512 
-6.27148 
3.02539 
4.59375 
0.428711 
8.15723 
2.59375 
2.33594 
7.94434 
-7.6123 
3.66602 
-2.97168 
-2.23633 
7.25391 
1.04785 
-5.79199 
5.30762 
2.29785 
-3.65234 
0.428711 
4.28711 
6.91602 
14.6543 
-2.46484 
-1.12793 
-6.49902 
1.93066 
-5.14941 
-4.0127 
7.38281 
6.84668 
0.787109 
0.851563 
-5.47949 
-0.116211 
-7.14844 
-2.49219 
-0.118164 
-3.04785 
0.740234 
-4.66504 
12.8887 
-0.111328 
7.69531 
-3.5293 
-3.10156 
-3.06543 
-4.49707 
8.74121 
12.8281 
-1.53809 
13.1807 
7.6748 
5.38281 
-6.79785 
-3.94238 
-7.78711 
4.26172 
-0.517578 
6.24219 
-4.16211 
0.0195313 
-6.03125 
3.81055 
-5.9502 
12.0078 
2.78027 
-6.31543 
5.25684 
0.6875 
-6.17676 
2.04297 
4.58301 
2.08789 
-0.291992 
-2.89063 
3.14551 
6.84766 
-7.74512 
0.313477 
2.39063 
-2.83789 
-1.63672 
-8.09473 
3.65137 
-3.24316 
-4.98242 
-3.48926 
12.9502 
-4.16309 
-3.35449 
-0.213867 
-4.79102 
0.875 
6.67285 
1.81836 
2.8252 
-8.04004 
-4.51172 
0.646484 
-6.41309 
7.16211 
-3.7627 
-2.77051 
5.98828 
6.90918 
6.40918 
-5.35645 
-1.93457 
4.94629 
3.30469 
0.0830078 
-5.85449 
-2.21777 
-2.26855 
0.399414 
-5.38281 
-1.9375 
2.51465 
2.9248 
0.183594 
8.11719 
-1.95898 
-5.27148 
-5.4873 
9.86914 
-4.36328 
2.36426 
1.12695 
-0.629883 
0.0566406 
-7.01758 
-1.47852 
-1.31641 
-4.7998 
5.97266 
-3.15918 
3.05664 
2.35547 
7.34375 
-7.39355 
4.55371 
-1.59766 
-1.83984 
2.4502 
2.51758 
-2.65234 
10.8828 
-5.46484 
15.9541 
1.64746 
-2.57422 
1.29883 
6.85059 
6.56055 
-4.44434 
-4.47168 
-6.02344 
-2.82715 
4.59082 
-1.25293 
-7.05078 
-4.26563 
-7.33301 
-1.82715 
1.56641 
-0.430664 
1.88672 
-0.240234 
3.75488 
-8.36328 
1.43066 
-2.78223 
-3.18457 
3.2959 
-7.11816 
-2.72461 
5.27246 
-6.10059 
3.43457 
-4.97363 
-6.70117 
-1.54688 
-0.31543 
11.8252 
2.31738 
6.10254 
1.4082 
-1.99902 
-3.85938 
0.345703 
-8.38672 
2.34766 
10.9424 
-5.49023 
-6.33691 
10.1865 
2.54883 
13.9629 
0.572266 
3.5498 
5.64551 
4.50195 
10.7422 
-0.754883 
9.13281 
0.797852 
-6.93359 
-2.98926 
-3.4834 
-2.94336 
-6.34082 
-8.20605 
9.45605 
-6.71191 
0.980469 
-3.58105 
13.6943 
10.5303 
4.36426 
-3.50195 
-4.91699 
4.01074 
2.92578 
-0.348633 
3.03125 
-6.00098 
-2.41016 
0.844727 
-3.74316 
5.92773 
-5.44922 
2.20703 
2.70508 
-3.25488 
-6.48047 
-6.80371 
-0.629883 
-7.34961 
2.49219 
-5.55859 
1.57715 
1.8457 
-3.62012 
5.2666 
2.7998 
-2.60254 
0.385742 
-5.36133 
-6.04199 
-2.32031 
2.5918 
-6.45996 
1.69434 
2.66602 
1.33984 
9.17871 
1.49414 
13.0889 
6.02832 
-2.82422 
4.31641 
1.7627 
-3.34473 
1.30078 
6.35156 
9.39063 
-1.90332 
1.75488 
-4.73047 
-4.4668 
-6.18457 
4.45703 
-2.86133 
-2.76074 
0.413086 
1.64941 
-6.54297 
1.22461 
-4.0498 
-3.9248 
15.0576 
0.145508 
-4.8623 
-2.23145 
8.54102 
9.42773 
8.70215 
-0.666992 
-3.5459 
9.27637 
7.45703 
7.21582 
5.64453 
-5.42383 
-0.426758 
-6.43066 
-1.25977 
-1.65625 
-1.6377 
-2.12305 
8.42188 
2.80469 
-5.21387 
-6.10254 
2.61133 
-5.38672 
-0.516602 
-4.47559 
-3.03223 
6.41895 
-0.672852 
2.02832 
1.94824 
5.12988 
2.02246 
1.93164 
7.34961 
15.2744 
4.79785 
7.99414 
5.30176 
2.3916 
-3.63281 
3.32227 
1.67188 
-3.39746 
-8.86328 
-0.0107422 
-2.59473 
4.75195 
-0.335938 
-3.85352 
5.35547 
-3.10254 
-4.41699 
1.83594 
2.17285 
-2.18262 
-3.93262 
-7.24707 
-0.604492 
-6.93848 
-3.08105 
10.1943 
-5.79785 
-3.4375 
4.07324 
0.0078125 
7.0918 
-0.325195 
3.49121 
4.97656 
6.41895 
2.86133 
7.08789 
2.66895 
-2.41406 
-1.625 
-4.3125 
-4.25 
2.91602 
-1.25684 
5.17578 
2.02148 
6.53223 
-4.34668 
4.20215 
8.74023 
-5.53711 
-1.23926 
-2.04102 
1.53711 
-0.962891 
7.06152 
-2.65625 
3.1543 
-0.610352 
8.54297 
-7.93652 
-3.47266 
-2.04297 
7.17773 
-3.4707 
0.376953 
0.271484 
-3.38281 
-2.58691 
-2.08594 
-3.11523 
-3.83887 
-3.24512 
-1.38086 
-3.74316 
2.89648 
-3.26758 
-3.57031 
0.732422 
-5.62109 
-0.300781 
2.51367 
-2.98145 
-1.74609 
-1.73438 
-0.297852 
-4.63379 
-0.438477 
-6.29883 
1.12988 
6.2207 
0.676758 
-6.97559 
2.14648 
-3.72852 
-7.90527 
-1.95801 
1.7168 
9.50684 
2.31445 
-4.03418 
4.78711 
2.32031 
2.72461 
3.48633 
-3.37793 
-3.15234 
5.375 
-7.54199 
-3.9834 
1.45996 
-7.94238 
0.225586 
-2.57813 
10.748 
-1.77441 
13.8945 
4.12305 
-3.76074 
-2.99121 
5.38477 
-1.39551 
1.52637 
-1.19043 
0.289063 
-0.125977 
-3.30469 
0.536133 
-0.355469 
2.69336 
-6.94141 
-5.9707 
-1.01465 
0.262695 
-4.06348 
-1.83789 
-3.54395 
0.5625 
4.21777 
4.12305 
-7.58301 
1.56152 
-1.45703 
5.83008 
-0.914063 
-3.00977 
-1.66797 
-0.584961 
4.81152 
1.70801 
-1.07227 
-2.18945 
9.20996 
-5.26074 
-1.05273 
5.60156 
-2.87402 
-2.68262 
-5.56641 
-5.05176 
5.21289 
-3.79688 
-3.01855 
2.47656 
0.291992 
-0.913086 
-2.84863 
3.05762 
6.0918 
-5.51367 
3.04395 
-0.871094 
-0.819336 
-1.56836 
-7.11133 
-4.41016 
-6.86133 
3.45801 
-3.68164 
-3.55859 
13.6426 
2.09375 
-3.55078 
-2.24707 
-4.48242 
8.04004 
-0.233398 
-2.59668 
-1.19238 
6.04395 
-3.62402 
-0.817383 
-1.52441 
-0.46875 
-6.47168 
-2.1709 
-6.21387 
-0.367188 
-6.78223 
5.65723 
7.96094 
-4.23145 
8.3418 
6.77441 
-4.66406 
-1.31738 
2.06348 
-1.48828 
3.625 
-0.929688 
1.35156 
-5.50879 
2.15332 
1.62598 
5.06836 
-0.585938 
-1.86426 
7.21484 
9.73438 
-4.50879 
-2.69043 
-6.03613 
2.24512 
-2.62598 
0.961914 
-4.15527 
5.99609 
2.28223 
11.8652 
5.96875 
0.837891 
0.521484 
-2.86035 
3.45215 
-3.75977 
0.696289 
0.920898 
0.394531 
7.22168 
1.89648 
3.20703 
10.5283 
0.155273 
2.0332 
6.18359 
-0.00195313 
-2.65625 
9.67773 
-4.31738 
-4.82715 
0.516602 
0.624023 
0.0605469 
2.71094 
8.02344 
-5.74707 
-1.80664 
4.76758 
2.94238 
11.6592 
-4.56641 
11.3721 
-4.95996 
-5.13867 
5.9541 
-4.5957 
1.17969 
10.0508 
-2.97852 
3.6084 
5.35059 
0.49707 
-4.14844 
5.72949 
5.51172 
-6.14746 
2.95605 
-6.23926 
8.86523 
7.72363 
-8.7998 
-0.569336 
1.08789 
-5.53711 
-0.696289 
-1.12891 
12.3496 
11.3691 
-4.23633 
4.31543 
0.525391 
5.65332 
-4.2959 
1.32715 
4.97461 
1.64648 
-7.64844 
-0.0908203 
7.96191 
1.58984 
8.04688 
-3.25391 
-4.60059 
-3.70801 
0.134766 
-0.0732422 
0.652344 
-6.94727 
-1.375 
1.1543 
-5.57324 
-3.60352 
-2.67773 
4.61523 
1.80469 
-2.25293 
-0.8125 
1.15137 
-2.36035 
3.72754 
7.1123 
0.958008 
-3.17969 
-6.55859 
-1.32617 
-1.78613 
0.514648 
-1.05762 
-0.175781 
-2.91309 
-0.541992 
2.54395 
-7.1875 
7.00098 
8.06348 
-0.865234 
-2.41992 
2.28516 
-4.81738 
3.05957 
0.969727 
-5.51563 
2.32227 
-6.38281 
6.73047 
1.01563 
3.82813 
-4.31055 
12.6064 
1.05762 
-0.161133 
-4.97168 
-4.33789 
-5.61523 
7.94238 
5.93066 
-7.54395 
5.67188 
4.84668 
2.95508 
4.28809 
2.90625 
-7.7041 
0.398438 
6.33984 
-2.32715 
3.36328 
2.7998 
0.453125 
0.139648 
-2.83789 
-7.41016 
-6.78711 
-1.79688 
7.24707 
3.43066 
9.18945 
8.2832 
2.99316 
-6.32422 
6.8125 
5.79688 
-5.49414 
4.83691 
0.59375 
1.7041 
-5.32324 
-1.76367 
-6.83691 
-0.147461 
4.84277 
-2.72949 
4.06152 
-7.27441 
0.84082 
-6.99609 
3.77148 
2.41992 
-0.519531 
-4.0459 
-2.4375 
-4.30078 
6.04297 
4.58594 
-4.03613 
4.91504 
4.53125 
5.19922 
2.86523 
0.313477 
-6.17383 
8.0293 
6.60742 
-0.728516 
-3.46973 
-4.83398 
-1.90527 
-8.39258 
-0.248047 
6.11621 
4.7832 
2.46484 
-5.4375 
0.800781 
8.62305 
-5.43945 
7.00781 
-2.22949 
3.05469 
3.77734 
-4.33789 
7.8291 
7.41797 
-2.81445 
5.16699 
-0.797852 
7.43652 
1.56348 
0.523438 
-5.52637 
-5.27832 
-1.33008 
3.61914 
-2.18262 
2.76465 
1.43262 
-2.74707 
-2.73047 
6.49609 
6.72754 
-0.417969 
6.98242 
1.52051 
-1.48633 
-0.661133 
-2.23438 
8.88574 
-7.96875 
5.8457 
5.22852 
10.4365 
-0.241211 
-4.47168 
-2.15039 
-5.19629 
4.93652 
-2.84863 
9.24902 
5.78516 
6.53516 
9.56445 
1.44824 
4.20215 
-4.7627 
0.633789 
-5.89941 
-1.22363 
-0.300781 
2.90918 
1.78125 
5.74805 
-1.82031 
-3.4707 
-3.12207 
1.87988 
-9.2334 
7.83691 
-3.80664 
4.33887 
5.74609 
-7.62012 
-5.61621 
10.7246 
3.26563 
2.4248 
-2.03125 
-2.60547 
-1.23047 
3.18457 
5.48145 
2.72559 
0.616211 
1.10645 
5.08105 
5.49316 
-2.21387 
-1.45508 
0.800781 
11.75 
1.12207 
-6.0459 
-2.75 
-6.80762 
-5.9043 
-3.41992 
12.7764 
-1.05762 
-3.47168 
6.32129 
-8.28516 
-0.59668 
8.58105 
1.15527 
0.508789 
-2.77148 
-2.48535 
-1.25684 
-0.805664 
7.74414 
1.47363 
-5.26563 
-0.601563 
-6.82129 
3.64258 
-3.73535 
5.28125 
-4.14551 
-4.09668 
-5.18359 
-2.6709 
-3.95215 
-4.05762 
2.59082 
3.81152 
0.317383 
1.48926 
0.816406 
0.90918 
0.227539 
-1.56738 
-0.692383 
-1.18164 
-5.06055 
-0.0332031 
-4.06152 
-6.88574 
5.99512 
1.5625 
-2.51953 
4.81934 
-6.70898 
-6.05957 
10.9121 
5.89258 
8.07617 
6.25 
4.16895 
2.08105 
-4.34766 
3.47461 
1.8623 
-1.37793 
2.67773 
3.6582 
-4.18262 
-6.68652 
1.13672 
-0.958008 
-3.46973 
4.96777 
-0.335938 
-2.66309 
-2.03516 
9.94824 
8.52344 
0.444336 
-3.34766 
-4.59863 
3.44434 
-2.4082 
0.362305 
11.667 
1.78906 
-5.59277 
-6.34473 
2.52051 
0.478516 
13.1035 
-0.796875 
-1.36621 
6.39648 
-6.18945 
-4.29102 
10.0918 
0.733398 
2.32031 
-1.35059 
4.37891 
-5.41113 
7.61426 
0.27832 
12.6084 
-7.01758 
-8.53906 
2.49512 
9.85352 
-1.25391 
-4.38086 
-6.68066 
-0.469727 
-1.49902 
-7.43066 
-1.74023 
-2.5791 
7.06445 
8.25195 
7.04883 
3.05469 
-6.34473 
4.03223 
-0.577148 
8.24707 
-6.19043 
2.05469 
1.29102 
-6.22754 
-4.16602 
-3.80566 
-1.35156 
6.44727 
1.9668 
-5.6875 
0.143555 
-4.98828 
-1.20703 
-1.7666 
-0.135742 
6.84375 
-1.7373 
-2.94824 
4.68848 
8.29785 
-3.24512 
4.07422 
-1.24805 
-8.78418 
0.806641 
-4.50293 
-5.55273 
-5.2041 
1.41504 
3.47949 
-2.69141 
11.7275 
1.77832 
13.2598 
5.38867 
0.842773 
-1.83105 
8.60254 
2.69238 
-0.31543 
-7.87012 
-1.9502 
-5.3916 
1.00586 
-0.716797 
-2.89551 
18.2871 
8.74316 
9.40332 
2.80469 
-5.49609 
1.18164 
2.08984 
-6.09473 
3.37012 
-2.83301 
8.40137 
0.727539 
9.84473 
-8.37207 
13.3535 
-0.0341797 
-9.2334 
-1.27051 
2.7041 
-1.27734 
-2.08887 
-7.37012 
-8.44238 
0.0458984 
-6.5498 
-7.02344 
4.75195 
5.20313 
-1.60742 
7.00098 
-4.17871 
7.59473 
4.36719 
3.44434 
10.7227 
1.88184 
-1.76074 
7.48633 
-6.03223 
4.14746 
0.333008 
-3.39941 
-0.87793 
0.868164 
0.0986328 
-2.74121 
-3.14258 
-0.307617 
9.0459 
-6.69043 
0.304688 
-5.43652 
0.00878906 
-1.80762 
0.925781 
7.77539 
-5.44043 
0.0302734 
6.5293 
-0.617188 
-1.53418 
-1.23145 
-8.88281 
10.8525 
3.0459 
4.70996 
-0.703125 
0.447266 
-1.43652 
-6.98633 
10.0518 
0.852539 
-0.232422 
4.65527 
-2.4834 
-1.03711 
-3.5918 
7.85645 
-3.19824 
-3.78809 
-2.1416 
5.39844 
-0.575195 
1.2793 
-5.94141 
1.3291 
4.73438 
-7.87207 
10.0039 
-6.09082 
-0.22168 
7.09277 
11.1787 
-6.24023 
7.37695 
0.333984 
-4.91113 
-3.20508 
-3.24512 
0.536133 
-2.2998 
5.64746 
-2.6543 
7.17285 
4.13379 
-5.96875 
1.43945 
9.07422 
2.01758 
3.63867 
2.06836 
1.24707 
-6.34961 
3.14453 
-3.48438 
2.54688 
-6.07324 
7.8291 
-3.28809 
-5.16211 
-4.2373 
-1.28711 
-0.376953 
1.87891 
-0.823242 
5.66504 
23.3682 
-1.84277 
-4.30859 
-2.97852 
3.61133 
5.83008 
1.42578 
11.2314 
-2.90332 
-2.15332 
0.162109 
0.486328 
-4.36523 
6.2832 
3.13965 
-1.12305 
-1.41309 
-5.5957 
6.96582 
-2.0332 
-0.206055 
4.57129 
-1.05371 
-7.63184 
-2.18945 
-3.47168 
-0.654297 
7.59961 
8.47363 
5.44238 
10.0723 
-4.63379 
-5.64258 
-7.74316 
-3.80273 
0.223633 
-4.08887 
8.97266 
2.60156 
4.5 
-1.49414 
1.65137 
-6.13281 
6.67285 
7.71191 
-0.524414 
-5.03418 
-1.79297 
4.5293 
0.676758 
-1.21094 
-2.47949 
-5.94043 
-6.66504 
-4.35547 
2.39746 
-1.25293 
6.59375 
9.59766 
-0.155273 
-3.01953 
4.17383 
-6.25684 
-1.73242 
0.542969 
-2.02832 
0.561523 
7.13965 
-1.86426 
-2.6709 
0.989258 
1.16211 
0.941406 
1.06152 
-8.0791 
-0.973633 
2.43457 
1.44922 
5.10254 
3.0293 
5.01367 
5.31348 
-2.29883 
0.262695 
-3.08594 
-4.00488 
5.65234 
4.29688 
-1.11914 
-3.86426 
-2.87207 
12.3916 
-5.53906 
12.0928 
1.00977 
13.9795 
1.90723 
10.8799 
3.64258 
-1.33984 
0.0498047 
0.698242 
-1.44629 
-2.70215 
-6.34082 
-2.08789 
-6.53809 
-3.22363 
-0.594727 
-2.77148 
1.5 
-0.275391 
4.7666 
3.60254 
9.57617 
1.65332 
-3.52832 
4.3125 
-0.828125 
-3.875 
-2.43164 
2.19824 
3.29199 
14.8184 
0.490234 
-2.2666 
9.33008 
-5.85742 
7.23145 
-5.33398 
0.74707 
-5.44531 
6.53711 
5.1084 
2.71973 
-1.2959 
5.83691 
-0.723633 
-2.91699 
8.89746 
1.70508 
-0.0146484 
-0.694336 
-0.759766 
-6.9043 
2.67871 
4.69141 
-4.76563 
-4.0498 
15.4111 
-7.84277 
-8.45215 
-3.41016 
0.977539 
5.08301 
5.49609 
5.01465 
1.33105 
7.83105 
4.6416 
-4.16699 
3.51563 
5.28613 
-6.05664 
10.3818 
2.97949 
-2.52539 
2.31055 
-1.32617 
-0.125977 
3.58105 
8.32715 
-0.254883 
4.83594 
-2.24805 
-4.00684 
-7.20898 
-6.03613 
-1.05664 
-2.73828 
-9.08105 
3.10059 
-4.56836 
-6.58301 
4.60254 
-5.36133 
-2.16504 
5.08594 
-1.5166 
-2.12109 
9.61719 
5.5498 
-1.11719 
-3.63867 
6.63672 
-1.02441 
7.70313 
3.75391 
-1.69336 
-4.24219 
-2.89941 
-7.74805 
3.02734 
1.55176 
2.97266 
1.10449 
2.45117 
1.65723 
-5.14258 
-1.04395 
12.6865 
1.31738 
1.41113 
-4.93945 
-6.64941 
0.469727 
-5.44824 
-3.77734 
10.54 
-3.12402 
10.1025 
-1.23145 
-5.2793 
6.38086 
0.604492 
0.870117 
2.07422 
2.4248 
-4.13477 
-6.71777 
-3.18457 
3.07031 
1.38867 
-1.15332 
-1.82129 
-2.7627 
-0.93457 
1.01563 
-2.15918 
-4.94434 
6.43164 
-2.17969 
-0.357422 
-1.06738 
-1.29395 
-2.26074 
4.30664 
5.54883 
-3.67285 
1.88965 
4.26172 
-5.67578 
-8.11719 
7.69434 
-0.69043 
-2.81543 
-0.333008 
3.07715 
3.37793 
-4.66992 
-1.2793 
-0.700195 
-4.54004 
7.88965 
6.33594 
-0.732422 
-2.16992 
-1.2959 
2.55176 
5.03516 
3.71094 
9.87988 
4.22461 
10.1396 
-5.8584 
0.436523 
-5.0625 
8.08594 
-7.34863 
-2.94434 
1.83008 
0.117188 
-0.78125 
-5.63965 
0.53125 
-3.76758 
-4.95996 
13.1152 
3.02539 
-8.24707 
-2.22266 
-3.94922 
-4.99805 
5.72559 
1.78223 
-6.06543 
-6.55566 
-4.37598 
-3.83691 
-3.98828 
-3.77637 
-6.88574 
5.6875 
7.36426 
-3.58008 
-4.19922 
-4.80176 
-1.97363 
-5.60156 
6.0293 
-1.53223 
0.584961 
1.87988 
6.09375 
1.89746 
-3.7041 
0.475586 
-4.28516 
2.14648 
3.88574 
1.80273 
-6.37695 
6.18066 
3.74512 
6.23535 
-4.02051 
7.52441 
2.3584 
0.719727 
7.31055 
-5.32031 
-1.7002 
-1.99219 
-2.86426 
-6.13086 
4.91113 
-2.05078 
-4.75977 
5.6123 
-1.88086 
-0.707031 
5.49023 
-3.04785 
-1.88965 
2.23242 
7.19629 
1.97168 
-1.21973 
-1.82031 
14.2471 
2.90234 
1.10547 
-0.354492 
-7.06055 
-4.37598 
2.17188 
2.26563 
-5.32813 
1.19727 
-3.03711 
-3.5625 
-3.41895 
-0.868164 
16.0918 
-2.72852 
-2.01563 
2.03809 
-8.39258 
1.62988 
2.25391 
6.15039 
-0.503906 
1.55273 
9.17383 
-2.27148 
0.712891 
4.31934 
8.83301 
2.09961 
-3.78223 
-4.90723 
-1.29199 
-4.09766 
-2.2373 
0.644531 
-4.30957 
-5.20703 
0.830078 
6.74023 
-1.63965 
6.13574 
-1.3623 
-5.33887 
-2.19727 
-5.30859 
-5.69629 
0.515625 
-5.38184 
-2.32227 
3.94531 
1.19238 
-0.698242 
-0.900391 
7.4502 
3.31641 
-4.74609 
2.89648 
-3.01758 
0.614258 
-0.0166016 
-6.66309 
-2.6084 
0.290039 
-5.62695 
0.908203 
-5.66895 
-0.861328 
11.1758 
6.75293 
-2.09863 
-2.36328 
8.80859 
5.13574 
10.6074 
6.93945 
0.171875 
-6.23047 
17.3564 
-1.15918 
-6.08008 
-3.04199 
8.6123 
-4.47754 
1.96387 
7.94336 
-4.42676 
-5.69727 
13.2383 
-3.36035 
-2.53711 
-6.87598 
-0.777344 
0.25293 
8.08105 
-1.48242 
0.549805 
0.220703 
-1.29492 
-4.5625 
6.33203 
-4.35547 
-2.14551 
-7.6377 
-3.0332 
-5.2168 
1.13965 
-8.72363 
8.07617 
-0.579102 
-1.30859 
-1.79883 
1.36621 
2.60742 
10.0098 
-1.43555 
3.12012 
7.55371 
9.30957 
-1.77734 
-5.8623 
2.72266 
-3.2168 
5.08984 
5.03223 
-3.44238 
-3.33789 
-0.705078 
-5.25195 
6.76367 
9.81445 
-2.93848 
-1.0625 
11.5342 
-4.33594 
-1.41504 
6.98926 
-3.86719 
6.12109 
-0.46582 
-4.48242 
10.083 
-2.10156 
-2.11133 
1.51855 
-6.88867 
-5.16309 
-0.961914 
-3.90234 
-2.5918 
-0.470703 
-3.17578 
-1.27832 
3.23047 
7.62598 
-5.64355 
-1.13965 
-0.71875 
7.46777 
3.37891 
3.43262 
10.1621 
-2.09961 
-3.04297 
2.13086 
-1.3418 
-1.76367 
-1.69531 
1.74121 
0.194336 
-6.35254 
-0.427734 
0.879883 
1.19922 
0.703125 
5.65039 
-5.33105 
3.07227 
0.288086 
-0.675781 
-0.0634766 
-4.05762 
-2.91504 
5.51074 
-5.89746 
3.76172 
5.85742 
1.96094 
15.8379 
-5.45117 
1.60547 
-7.49512 
8.31641 
3.75098 
3.95215 
5.5918 
0.543945 
-3.2334 
-5.09375 
-1.84961 
-1.58887 
-2.46289 
5.86621 
-1.69141 
-2.60938 
0.405273 
-7.14648 
-5.52441 
-6.2041 
3.72168 
-5.48145 
-0.526367 
3.80859 
-1.41504 
-9.2334 
-4.12012 
-4.39355 
0.574219 
3.06348 
8.96777 
11.04 
-0.113281 
-1.84375 
1.31738 
4.79395 
-6.04785 
3.86816 
-1.47559 
-4.77637 
-1.61621 
3.8623 
1.06934 
3.46387 
4.99023 
12.7568 
4.92188 
3.81152 
-3.89258 
0.536133 
-5.7998 
-4.44922 
5.06641 
-5.63574 
-3.2168 
4.10645 
-5.69141 
1.01074 
0.210938 
6.58691 
-6.21484 
6.83203 
-5.72461 
1.89844 
-3.49902 
-4.98535 
4.37109 
15.7607 
-2.27051 
9.90527 
6.20898 
7.44238 
4.6123 
-9.32129 
-4.35547 
-1.37305 
-7.2334 
9.41113 
1.77539 
-1.61426 
7.09668 
1.47754 
-3.2832 
-4.33008 
-6.11035 
16.8535 
5.31348 
7.69434 
2.0127 
1.62891 
2.99609 
-3.4502 
1.61621 
-2.25879 
-4.89844 
4.13379 
-1.30273 
9.06738 
3.69531 
-1.87402 
0.297852 
-2.16113 
-2.06152 
-2.82813 
2.78809 
-1.90918 
5.21484 
7.90527 
-2.70996 
-2.9707 
6.62402 
12.667 
4.04785 
7.62988 
-5.19531 
5.54199 
-3.86914 
-5.40234 
3.47852 
3.41406 
-0.291016 
0.291992 
-5.87598 
0.798828 
-4.7334 
-3.17578 
-0.896484 
5.12891 
-0.981445 
-0.604492 
-2.10742 
-3.05078 
-2.80762 
-5.34961 
3.91602 
5.19238 
2.8125 
-2.25391 
9.10449 
-6.6875 
4.57617 
-2.44141 
-1.75098 
3.69629 
2.27441 
6.62305 
-1.78125 
9.0918 
-0.71582 
0.55957 
-1.01855 
-2.62012 
-4.17383 
0.0976563 
8.31348 
2.24219 
-4.87109 
0.380859 
-0.550781 
0.87793 
-3.07324 
-1.63477 
2.89551 
5.98047 
-6.47168 
-5.25977 
-6.7627 
-3.0127 
-2.00195 
-0.462891 
-2.64941 
-1.54102 
1.36523 
-2.19434 
10.584 
4.10449 
-2.11035 
-2.22656 
-2.52637 
-5.46387 
-2.29688 
-1.56641 
-2.53027 
-3.84961 
-1.32715 
-5.94824 
-6.33398 
-0.0800781 
-3.22461 
0.230469 
-1.62402 
2.49512 
1.68652 
3.28906 
0.260742 
0.961914 
0.642578 
0.0214844 
-6.05664 
-4.88965 
0.498047 
6.31934 
4.22949 
-8.07129 
4.28125 
-4.33594 
-3.82617 
8.88867 
7.2002 
4.14941 
5.08887 
7.78613 
0.665039 
-1.45996 
9.4502 
-3.53809 
6.64063 
2.46582 
-1.52051 
10.2793 
-0.481445 
6.55469 
-0.921875 
-4.56152 
-5.32422 
1.00879 
-3.79297 
6.38965 
6.27832 
-3.95313 
5.76367 
-1.42773 
-0.233398 
-4.12793 
11.582 
3.40527 
2.55664 
-0.375977 
1.75391 
-6.78418 
4.76367 
2.08301 
-0.115234 
-3.31934 
2.79492 
1.36328 
-5.8877 
-1.94434 
1.56348 
-3.51367 
2.46973 
7.1084 
-0.626953 
-0.726563 
6.00684 
4.78809 
-6.7959 
3.15723 
-7.54883 
6.28809 
3.34961 
-0.546875 
3.19727 
-7.37891 
8.36133 
4.60059 
-2.18164 
5.66797 
5.03906 
4.72266 
1.7207 
10.5996 
12.7285 
0.766602 
5.57813 
2.99609 
5.82715 
-0.645508 
-2.15918 
-7.70801 
-2.92871 
5.3125 
2.29492 
2.74121 
-5.23535 
-0.373047 
0.332031 
-6.55566 
-2.64453 
-1.68945 
2.60547 
-7.2002 
7.03516 
-5.00195 
0.708984 
-2.30176 
-5.99902 
-1.86035 
-6.32617 
-4.60059 
-2.04785 
5.63086 
0.361328 
-7.89258 
7.19922 
2.60254 
-7.65918 
0.806641 
10.8008 
3.27539 
6.37695 
9.02441 
-2.27441 
-6.33789 
0.188477 
-5.49316 
-8.46289 
2.40918 
-7.56543 
6.30566 
3.43457 
-0.766602 
-7.68066 
0.209961 
-6.72949 
4.32227 
10.918 
-3.87207 
-1.64941 
-0.644531 
7.65332 
10.3096 
-5.1582 
5.98047 
5.12598 
-2.49121 
4.2793 
6.85156 
-2.1875 
-1.92383 
-0.25293 
1.42676 
6.32617 
7.96484 
-6.89648 
0.527344 
-0.291992 
3.29688 
2.2959 
-4.70313 
-1.41406 
2.88965 
3.94238 
8.0 
4.58008 
-0.432617 
-0.329102 
-7.74805 
-0.105469 
0.383789 
4.77344 
9.84277 
2.27344 
-0.561523 
-5.17188 
9.37793 
5.40918 
6.84277 
0.830078 
2.30371 
-1.79004 
5.9248 
-2.49609 
5.83203 
-3.18066 
12.8779 
5.87109 
0.0322266 
6.54297 
-0.19043 
-0.930664 
-1.76465 
4.82129 
-1.67578 
13.7549 
-3.12598 
6.49902 
0.698242 
-5.94043 
-5.04395 
4.89551 
-3.44336 
-1.73047 
3.11328 
-0.179688 
-0.132813 
-0.810547 
5.85938 
-3.30566 
-5.65527 
-7.04395 
15.2227 
6.33691 
-9.02246 
0.583984 
1.24219 
-0.825195 
9.53027 
-1.32227 
3.31836 
-0.125977 
-8.10449 
3.83398 
-3.68457 
-2.73926 
-3.83691 
-2.67285 
21.5039 
0.761719 
2.89746 
-2.97461 
2.49414 
1.51172 
-4.39941 
8.44434 
-2.74121 
5.96875 
-2.24707 
5.00293 
-2.00391 
-1.66895 
-3.84277 
2.66602 
-5.99707 
0.691406 
-1.45313 
2.76953 
6.8584 
-0.240234 
-0.40625 
-4.5957 
7.50195 
-2.42285 
-6.65723 
-3.02539 
13.7803 
-2.50586 
-8.23145 
1.84961 
9.55273 
-0.242188 
-6.4043 
-1.77148 
5.01172 
1.49414 
1.38574 
1.57813 
-0.364258 
13.1045 
5.27734 
-5.7793 
1.38086 
2.65137 
-3.64258 
0.245117 
0.474609 
-0.101563 
6.59863 
-2.27148 
-6.61523 
-2.57227 
-2.41895 
5.16895 
-6.29102 
14.9795 
2.5791 
-4.87305 
0.822266 
-5.32031 
6.89941 
-2.82031 
-5.39844 
-2.02832 
0.613281 
-3.41113 
8.65723 
2.03613 
2.69434 
-0.916016 
-3.65332 
-0.00585938 
-3.08594 
4.33789 
3.87598 
-0.308594 
-4.19922 
-4.30176 
3.83008 
2.32324 
3.31543 
-5.19727 
1.06445 
0.879883 
-3.54102 
-3.26563 
2.36426 
1.55762 
-7.05859 
5.83301 
-2.88184 
-6.19824 
6.61719 
3.52734 
3.40234 
2.63867 
-3.73535 
3.72363 
-5.45996 
-9.08105 
-8.06348 
2.39063 
-1.43457 
-1.0957 
3.96875 
6.25488 
4.20801 
5.33789 
0.356445 
-0.422852 
-2.25684 
-3.28223 
2.10059 
-0.617188 
7.10352 
-8.28516 
-8.32031 
0.432617 
-2.48633 
14.4502 
4.80859 
-5.23145 
-1.74902 
5.67773 
8.44238 
1.12793 
-3.3457 
4.11816 
6.37598 
-3.08203 
2.29004 
5.46289 
4.78223 
7.18457 
7.31055 
-6.58691 
1.9248 
11.3711 
0.826172 
-2.9707 
4.28711 
7.56055 
0.665039 
0.0615234 
-1.46582 
5.89648 
0.930664 
-0.725586 
-3.26563 
-1.37891 
-0.917969 
-2.94238 
-0.493164 
-1.98438 
-4.66699 
3.58789 
-2.96387 
5.09863 
11.5977 
-5.46777 
8.16406 
-8.56934 
-3.2959 
2.33594 
-2.76563 
-5.49805 
-7.88965 
-2.75098 
7.49219 
-5.0918 
-2.56055 
-1.79883 
0.94043 
-8.13672 
3.55273 
-0.708984 
-1.12793 
-5.86133 
-1.99414 
-7.16406 
8.3877 
-4.20703 
6.2627 
10.3809 
-3.19824 
1.37695 
0.376953 
5.46387 
-0.0273438 
-4.31152 
4.96387 
2.39258 
-3.87988 
11.9492 
-4.80664 
-6.12988 
-5.86914 
1.31934 
-3.125 
-6.46973 
6.09082 
1.42773 
2.83789 
4.16504 
-6.0625 
-4.51367 
-2.77051 
-1.83496 
-6.5918 
12.1064 
-1.07227 
-1.13379 
1.81543 
5.58887 
-2.00977 
5.68457 
-2.41504 
2.51074 
-0.463867 
0.0800781 
-1.95801 
-5.19434 
-5.10254 
1.87988 
3.05859 
-0.928711 
-3.17676 
-1.53027 
-4.49023 
11.0781 
0.387695 
0.582031 
-2.66602 
-0.618164 
1.31152 
2.43164 
-4.96582 
8.23242 
-4.51367 
-3.22168 
0.161133 
8.96191 
5.92383 
-0.279297 
-1.09082 
2.83887 
5.30469 
-1.80273 
2.50391 
-7.04883 
-0.348633 
12.5195 
-2.88672 
-1.25684 
-5.31348 
0.953125 
-6.66797 
4.66406 
-2.07129 
-1.5791 
-7.6748 
-1.89941 
-7.13477 
4.89844 
6.91211 
3.93457 
-2.35938 
2.18652 
-0.931641 
0.665039 
0.947266 
-1.12012 
-6.88379 
0.474609 
-3.15723 
-1.1416 
9.20313 
4.46582 
-3.83203 
-1.48535 
-4.07129 
1.64453 
7.33105 
-3.62012 
10.5928 
-1.74512 
4.31055 
3.66602 
5.00391 
-8.3584 
0.476563 
0.883789 
-1.82129 
-4.52051 
-1.88379 
1.0791 
-3.37305 
-8.59766 
10.2441 
-2.24023 
0.188477 
3.18066 
-5.73438 
4.30176 
3.9707 
0.794922 
-1.00977 
-5.15625 
-0.523438 
0.350586 
2.8418 
0.594727 
-5.83203 
-2.32031 
-0.0498047 
-8.48926 
-2.56348 
1.29492 
4.3877 
12.3965 
7.25 
-6.54199 
0.0683594 
-1.18164 
0.108398 
6.28906 
-0.708008 
-2.50684 
-2.74316 
-0.851563 
10.0049 
-0.9375 
-4.69434 
2.21484 
-5.07129 
-0.381836 
-6.80957 
-0.595703 
9.76367 
-1.82129 
-7.55078 
3.31836 
0.516602 
-5.31055 
6.58789 
-3.24902 
-1.12109 
6.57813 
7.46973 
3.53418 
-5.46094 
1.72168 
5.71777 
2.3584 
-0.800781 
12.1191 
-6.76074 
-2.79102 
3.80859 
-0.722656 
-1.7002 
2.63184 
6.31934 
2.26172 
1.95996 
-1.08887 
6.23535 
0.277344 
-3.84863 
2.54102 
-2.65039 
-3.1582 
6.69727 
-2.09375 
-1.32129 
5.23145 
-2.8457 
-7.68359 
-0.660156 
-0.949219 
7.06934 
0.628906 
8.5127 
-2.58984 
0.271484 
-6.43359 
3.44238 
-2.94629 
-2.00391 
-5.22852 
-2.13867 
-4.75879 
-5.09668 
-2.18066 
-6.47266 
3.93848 
6.0791 
-1.01953 
-9.21973 
-3.47656 
-2.77148 
-0.414063 
0.43457 
-5.66602 
3.94043 
-8.48926 
-5.64648 
5.39551 
-0.991211 
-3.84375 
0.743164 
0.208008 
-2.875 
-7.59766 
0.131836 
-4.23633 
1.49219 
-2.0293 
7.32031 
-3.48535 
9.02734 
0.457031 
7.2334 
0.545898 
2.23535 
-6.44727 
6.9043 
-6.49219 
-5.4043 
5.74023 
-1.46387 
2.90332 
2.21289 
7.65137 
-7.34375 
-4.50098 
-3.10059 
10.3311 
-7.14258 
-3.38379 
3.54297 
3.19824 
-4.05859 
-0.925781 
3.12012 
4.48145 
0.262695 
-2.60352 
-3.91016 
-0.383789 
-2.25098 
-7.0293 
6.11523 
5.68652 
-2.79199 
2.3877 
2.46387 
1.7334 
-3.61035 
-8.19043 
5.96191 
-4.12109 
-0.150391 
4.13086 
10.873 
-0.138672 
6.25586 
-4.31445 
-5.12891 
-4.19238 
-3.95801 
-1.03906 
-0.711914 
0.864258 
0.62793 
0.265625 
-3.86035 
1.79883 
-1.58594 
2.15137 
-3.99609 
2.80762 
-0.613281 
0.730469 
6.64551 
-4.13867 
-1.82227 
6.35938 
-6.46387 
-0.255859 
-4.9541 
-4.00684 
8.30078 
1.10938 
-4.08594 
6.28906 
3.58496 
-2.55176 
-7.2832 
-0.786133 
-2.14063 
-5.48047 
-0.570313 
-1.35742 
5.23047 
-2.8418 
4.24707 
8.31543 
5.13867 
5.10254 
-3.60742 
-2.01367 
2.64551 
5.83203 
-1.95605 
2.09766 
5.12402 
1.6377 
-4.79883 
0.705078 
-6.95215 
-3.04883 
-4.11328 
6.09961 
0.867188 
1.68164 
1.40137 
4.81543 
-3.03027 
-0.674805 
5.73828 
2.42578 
-4.66797 
0.205078 
7.78613 
-2.58398 
1.58105 
0.0732422 
-1.02441 
-3.88281 
6.39844 
2.69336 
-0.430664 
-8.19141 
11.2578 
-4.06348 
2.00391 
-2.3623 
-7.67871 
4.71094 
-3.59961 
-6.4248 
-8.49121 
1.5791 
-2.50879 
-1.06348 
-3.39453 
-2.03809 
-6.28613 
4.69336 
-2.45215 
-2.16602 
-3.73047 
4.22363 
-2.41797 
8.29688 
3.97852 
0.729492 
-4.00488 
4.45215 
-7.2207 
-2.57715 
5.375 
1.39551 
-2.40723 
1.19043 
-4.84863 
-3.66406 
-4.75684 
4.29492 
-2.75781 
-6.35547 
3.71582 
-7.88184 
7.64063 
12.8145 
-5.875 
0.991211 
0.530273 
5.75488 
-0.0302734 
-1.53418 
1.89258 
5.11426 
-3.84961 
-5.01953 
-3.31152 
-5.12305 
-6.5332 
-5.84961 
-4.46973 
-2.91113 
-2.80957 
-5.72754 
-1.94824 
0.323242 
1.38477 
4.9668 
9.44922 
-5.11035 
7.0791 
8.33691 
2.20605 
5.1123 
6.83398 
-4.79688 
3.36035 
3.0752 
6.64941 
14.5205 
1.19922 
-4.02344 
4.31152 
-3.3623 
4.94727 
9.02637 
-4.27832 
1.56641 
-0.146484 
10.8369 
5.69238 
-5.43945 
0.382813 
-3.58887 
-5.45996 
-0.386719 
-4.21387 
6.99414 
7.97168 
3.6709 
3.37598 
-4.8125 
-3.52148 
-1.34277 
7.70996 
0.225586 
-0.694336 
1.25 
-2.9375 
4.08984 
-2.3418 
-1.53223 
-4.48438 
-0.481445 
0.655273 
-6.12402 
-8.12891 
1.70703 
1.32129 
4.19141 
1.06738 
2.16797 
2.57813 
2.3916 
-8.52539 
2.73145 
0.974609 
-5.35742 
-4.23145 
0.432617 
9.87988 
-2.09863 
-4.79492 
9.31836 
-1.56152 
-6.73242 
0.933594 
-1.69531 
2.02051 
5.69824 
8.43848 
10.3369 
10.3955 
-8.02734 
1.73535 
-4.77344 
-2.24414 
-0.685547 
7.23438 
4.66895 
-0.902344 
-2.27441 
-1.36621 
4.49707 
-5.00781 
0.599609 
-1.81445 
0.875 
-1.74414 
11.2725 
-4.24219 
2.48828 
5.3125 
4.89355 
15.9199 
3.25293 
2.97363 
-0.722656 
2.33203 
-1.39355 
2.12305 
-7.18457 
-1.30371 
-2.33594 
1.37598 
-2.6377 
1.6748 
4.85742 
-8.03906 
-4.7793 
-4.11328 
0.546875 
-2.22656 
7.6123 
-6.88574 
11.6084 
8.75684 
10.5186 
0.328125 
-4.44824 
-2.69336 
-1.72656 
-7.96094 
-1.8125 
10.0586 
-5.12793 
-4.36816 
1.69434 
-4.8916 
3.80664 
-4.55176 
-6.33008 
1.47363 
1.22363 
-0.943359 
5.83203 
-0.895508 
-1.66211 
1.37988 
9.10938 
-1.40625 
0.570313 
5.11328 
-1.50195 
-1.55273 
1.00977 
-4.69531 
-4.9707 
-6.55859 
0.763672 
-2.11719 
-3.98926 
4.18945 
-2.54297 
-2.36133 
-0.96875 
-4.55078 
7.30957 
0.847656 
-6.88477 
-5.97754 
-5.68164 
-5.77832 
-5.54492 
-6.52344 
3.43359 
-6.83594 
-2.04004 
0.579102 
5.71875 
8.59277 
-0.913086 
-5.86914 
-1.38574 
2.54199 
-3.11133 
5.73145 
6.0459 
12.1504 
-3.33887 
-9.32129 
8.11328 
-4.91406 
-2.25098 
1.33984 
8.25488 
1.29688 
6.31738 
0.513672 
5.35059 
-7.41406 
-2.87793 
-3.97852 
-1.63379 
6.74902 
1.39453 
-0.410156 
-6.86914 
5.20801 
-2.07715 
2.74023 
0.572266 
-3.26758 
4.27344 
-2.87598 
-1.3125 
-7.77051 
-0.456055 
-7.1709 
-4.91211 
-0.365234 
-3.39355 
5.33398 
-1.0293 
-6.44434 
0.34082 
3.72461 
-6.27539 
-4.91504 
-2.35156 
5.28516 
-3.02441 
1.13965 
-3.66602 
-4.56152 
2.59766 
5.4834 
-1.00293 
-5.91309 
-2.49316 
-1.96484 
-0.416016 
8.01953 
-5.44824 
-5.86426 
6.70605 
9.56934 
2.64063 
0.72168 
1.80664 
-1.55273 
10.4531 
3.31543 
7.39941 
-3.88672 
2.2207 
2.5459 
3.25 
2.24609 
8.27344 
-2.29785 
2.95117 
2.22168 
7.64844 
-0.571289 
3.29395 
-5.50586 
8.41699 
-1.43652 
-3.38867 
1.48633 
-1.53223 
-2.1709 
1.56934 
-6.30176 
5.43555 
3.44141 
-0.000976563 
4.33203 
-1.50684 
-1.66699 
-1.6377 
7.02148 
-6.3291 
-6.98926 
-8.05176 
-5.91895 
-1.15625 
6.46387 
-1.31836 
3.96289 
0.820313 
-3.08984 
2.25195 
0.138672 
-1.05273 
4.41992 
-5.63672 
9.81641 
-6.68066 
3.19922 
0.210938 
2.64941 
-5.74414 
4.46289 
-2.01074 
-2.1377 
0.286133 
-2.84863 
-4.90332 
1.71094 
0.172852 
3.78223 
4.7334 
1.33496 
1.96777 
-0.00585938 
2.31836 
-1.07715 
-8.53613 
4.37695 
-3.59961 
-3.08105 
5.18457 
2.54004 
-1.0957 
-0.994141 
5.28809 
-3.69922 
2.00488 
-7.06738 
1.59766 
6.98926 
-3.1875 
3.97852 
6.41699 
-0.03125 
5.32813 
-3.96191 
8.29883 
2.1377 
0.682617 
4.3877 
5.67773 
-4.0625 
-1.55078 
-0.736328 
6.01563 
6.51563 
-0.555664 
5.50293 
2.28711 
6.23438 
3.3291 
-5.09668 
0.817383 
5.12012 
4.20215 
4.12793 
-2.80762 
5.3457 
6.99609 
-3.00781 
5.66211 
-1.29785 
4.61328 
0.90918 
0.612305 
-0.776367 
3.66309 
0.650391 
6.4209 
-6.03809 
-2.87305 
3.96094 
14.9678 
-2.78516 
-2.20898 
-2.66309 
7.44336 
2.51465 
6.96289 
-2.54492 
-5.61523 
-1.46289 
-1.44434 
-0.706055 
5.79883 
-4.95703 
8.8877 
-1.70313 
2.60059 
0.540039 
-3.68457 
-2.50879 
0.126953 
-1.56543 
4.02344 
0.0722656 
8.05664 
-5.88086 
-8.28418 
-1.16309 
4.26855 
-1.99219 
1.80566 
6.93457 
5.44922 
-0.0537109 
9.23535 
-3.11426 
2.32129 
15.71 
3.30176 
14.8828 
1.91406 
0.831055 
-6.83496 
3.37695 
8.9082 
-0.831055 
-8.40918 
0.865234 
-5.7373 
-1.94043 
-0.3125 
5.65137 
4.81348 
1.14258 
-6.64844 
5.17578 
-0.208008 
3.81543 
3.80371 
-0.0107422 
-5.00293 
5.05371 
0.0146484 
3.97168 
-1.72461 
2.70508 
0.170898 
0.738281 
-0.703125 
5.00098 
2.73145 
-4.10352 
-4.52148 
7.03125 
0.314453 
-2.16992 
-6.2041 
-7.16895 
-0.522461 
-7.19434 
3.18457 
3.06836 
-2.91992 
2.0 
-1.66504 
2.0957 
5.3916 
0.730469 
1.56348 
7.11914 
-0.234375 
0.912109 
-7.42383 
-6.10938 
1.37109 
-5.35645 
-2.9707 
-7.34277 
2.81641 
-4.37109 
1.57715 
-4.71289 
-0.818359 
1.33301 
6.49805 
5.84668 
1.27539 
2.86719 
2.14746 
6.77734 
6.49902 
-0.881836 
-4.23828 
-1.41406 
-4.06641 
0.368164 
12.5508 
3.03027 
-0.876953 
1.60938 
-1.62402 
3.63281 
-2.54004 
-1.16309 
0.549805 
-8.13086 
-3.61523 
5.14551 
0.34082 
1.68359 
-6.80371 
-2.58594 
0.704102 
-3.33008 
-5.77441 
-2.39453 
-6.05957 
1.86328 
2.56152 
-2.54492 
-0.87793 
2.72168 
-1.2666 
6.38184 
5.12207 
5.7207 
3.23535 
8.3877 
0.0693359 
0.789063 
6.32813 
-0.912109 
0.136719 
8.46289 
3.93359 
-2.45801 
-0.355469 
-5.7959 
-3.4541 
-6.45313 
6.49609 
-2.39648 
-2.5293 
-5.43359 
4.01465 
-1.73926 
2.27246 
-1.55762 
0.00878906 
8.13867 
5.34961 
2.56836 
-2.02832 
-5.31152 
-1.05762 
-3.16797 
7.37598 
5.14551 
3.60742 
6.16895 
10.7578 
1.86523 
-5.68066 
1.50391 
1.03613 
-5.44141 
1.71582 
0.823242 
11.2109 
-0.0478516 
4.30957 
-3.83887 
0.775391 
-2.08008 
-1.61816 
3.90625 
-0.713867 
1.8125 
-3.17871 
1.01465 
-1.66992 
-0.204102 
5.3877 
4.74805 
1.03613 
3.96289 
7.0166 
-4.87598 
2.33301 
-5.38477 
5.10938 
-4.16992 
3.5918 
8.4375 
3.22363 
0.334961 
1.98926 
0.879883 
-4.69922 
6.6123 
-5.05664 
7.5 
-3.53125 
1.91113 
-6.60352 
-5.05469 
3.01758 
-2.8916 
-5.46387 
-0.260742 
11.4238 
0.415039 
1.47168 
1.55371 
1.08203 
6.94824 
8.20313 
-0.644531 
1.71973 
4.72754 
-1.69141 
13.8906 
11.6328 
1.03516 
2.21973 
-5.11523 
1.87891 
-6.91016 
-7.5918 
-2.97461 
0.381836 
-1.04199 
3.7373 
-4.38867 
-3.04199 
-2.73145 
4.00391 
-0.327148 
3.38574 
5.65332 
7.74121 
7.3877 
-1.49023 
4.16113 
-4.25879 
-5.71875 
-6.78613 
4.7959 
-2.15625 
11.1533 
-1.74805 
-3.72754 
1.0293 
-3.44238 
1.91895 
-3.64453 
14.0703 
-0.213867 
1.4375 
0.183594 
-0.125 
5.38184 
12.0254 
-1.43652 
-2.77832 
-0.948242 
-2.40723 
6.27246 
1.33301 
0.983398 
9.24023 
-5.91895 
-1.83105 
3.15723 
-2.24414 
-2.85547 
2.125 
-3.85254 
-8.72363 
0.575195 
2.28027 
-5.56543 
-3.04883 
6.70996 
-0.759766 
5.22656 
-8.13965 
0.445313 
-7.35547 
-4.11621 
4.86426 
4.87988 
15.5811 
6.48535 
-4.2041 
-6.7334 
7.48926 
3.46191 
-1.23828 
4.08203 
-5.31641 
-2.06934 
0.923828 
8.68945 
-5.03613 
-6.69531 
-0.49707 
-1.22656 
-4.34668 
4.84082 
-0.424805 
-0.476563 
0.0996094 
3.87305 
9.51758 
2.95313 
2.8584 
2.08496 
-5.59277 
4.90625 
7.64648 
0.1875 
0.928711 
2.41406 
3.6123 
-7.77832 
-3.06836 
3.1084 
-0.458984 
-2.83203 
-0.901367 
3.45898 
-2.00391 
-0.871094 
-0.813477 
-7.55566 
1.00391 
12.2168 
-0.69043 
0.863281 
4.92383 
-6.03418 
-8.11816 
11.5254 
-0.848633 
9.45801 
4.24023 
-4.89258 
0.629883 
-3.12793 
8.59375 
1.04004 
7.55371 
1.32129 
-0.419922 
-3.98633 
-0.612305 
5.58496 
6.56543 
0.944336 
-6.63574 
7.38867 
-3.60254 
-2.53809 
-1.57324 
0.56543 
-1.39844 
-3.37988 
-1.35547 
0.240234 
-1.73828 
-2.52832 
-6.51172 
-5.94531 
0.905273 
5.875 
1.88184 
-2.76074 
3.80371 
-2.41797 
4.50977 
1.7041 
-4.77246 
-4.75391 
-4.11035 
1.89453 
0.929688 
1.10059 
-3.68164 
2.57324 
-1.69629 
-7.62793 
-8.71582 
-2.16504 
0.279297 
1.78223 
13.8418 
0.551758 
1.62793 
0.801758 
5.2832 
-0.787109 
9.57422 
3.64355 
0.0839844 
2.81934 
3.71973 
-0.0703125 
-5.7832 
-2.61719 
5.0625 
-1.50586 
-7.32324 
-6.91895 
-3.89355 
3.52148 
-4.22363 
-6.90234 
1.64453 
0.868164 
5.65625 
-0.987305 
-2.77539 
1.42871 
2.91699 
-6.48535 
-2.84961 
0.285156 
15.5029 
-0.797852 
-2.99219 
-2.35547 
-1.01953 
-0.381836 
2.28125 
-6.58887 
11.0986 
0.916992 
2.92676 
2.51758 
1.39063 
-3.77148 
-6.24902 
2.44531 
-4.00977 
-0.142578 
14.6895 
-6.13867 
-7.00293 
-4.71484 
-0.481445 
-1.61719 
-1.44238 
-1.83008 
-1.70996 
10.5859 
-5.61816 
-2.35645 
0.585938 
-3.29395 
0.669922 
-5.34473 
2.26563 
2.33984 
2.09766 
3.39258 
-0.120117 
-3.25586 
4.85938 
4.53516 
-5.60156 
-2.61328 
6.65039 
1.55371 
-4.74902 
-4.51074 
10.4102 
-7.33887 
6.16699 
-2.17578 
8.39355 
3.51855 
2.27246 
4.03516 
-2.65625 
1.15332 
7.0498 
4.93164 
2.93164 
-5.18848 
-6.01953 
-0.90332 
-2.0293 
4.86719 
2.52441 
-0.975586 
-7.12207 
-1.93555 
-7.00586 
-3.44531 
1.36621 
4.03613 
-3.78809 
-3.32129 
-1.81836 
-3.19531 
-1.27734 
-0.918945 
2.03418 
-6.13477 
-3.06348 
-4.05762 
-3.2207 
-4.04395 
6.02832 
-0.390625 
-4.1084 
-6.64746 
-1.76563 
11.2363 
-5.06543 
13.6367 
-3.49414 
-0.759766 
-0.208008 
6.0293 
-3.12207 
-0.450195 
-1.37109 
-4.63379 
1.28223 
4.85547 
2.62305 
11.3213 
5.59668 
-6.2998 
3.37109 
2.92871 
7.23047 
-1.07813 
0.276367 
2.66113 
-0.462891 
0.250977 
6.02344 
-3.19238 
-2.91016 
2.29199 
-1.89844 
-5.07227 
-6.98438 
4.88281 
-3.1582 
4.0459 
2.77832 
3.84277 
-7.1416 
-3.74609 
4.21289 
-3.26465 
0.825195 
3.81836 
-0.561523 
-4.70215 
-6.88477 
-3.33301 
2.36328 
13.2188 
1.47656 
1.91406 
-0.762695 
-3.46973 
-4.53125 
-4.05664 
-5.6709 
-2.4375 
1.02441 
-1.8125 
0.121094 
0.733398 
-1.94629 
-2.28516 
7.22461 
-1.83301 
4.20508 
3.74023 
-6.14453 
-1.03711 
4.9541 
-1.21191 
-2.43555 
-4.98926 
-5.49707 
-4.98242 
0.0869141 
4.87207 
2.99219 
3.19824 
-0.135742 
3.48535 
-6.43555 
10.4746 
-0.331055 
-3.8252 
0.827148 
3.43164 
-3.54199 
8.67969 
-5.46973 
14.3457 
6.90039 
-3.63184 
-2.86719 
-6.51172 
5.49023 
-0.355469 
-2.89063 
-4.54688 
1.50781 
2.52832 
2.60254 
-2.42285 
-1.29199 
3.5127 
3.93359 
1.09766 
-7.625 
-1.91895 
3.42383 
-4.25781 
9.91504 
1.28906 
1.66309 
-2.60449 
-7.12207 
-3.30469 
3.36914 
8.40137 
-4.95801 
-2.57813 
-8.39258 
-1.61328 
13.7119 
0.4375 
-8.12695 
-0.172852 
3.125 
-1.64746 
9.55078 
7.56836 
-1.7334 
-0.976563 
3.35547 
-7.71484 
-2.13086 
2.98242 
-2.59277 
-3.32813 
2.0332 
-1.52246 
-0.46875 
-3.34961 
3.11816 
4.36914 
3.11621 
-8.49707 
-8.60156 
1.90332 
2.93066 
3.42285 
-0.515625 
-5.27441 
1.96973 
3.94238 
0.350586 
2.40723 
-0.223633 
-2.45801 
0.189453 
-1.95313 
3.27344 
-1.49902 
3.4502 
2.18555 
-0.505859 
1.86328 
9.84277 
2.72656 
0.996094 
-4.55273 
3.72559 
2.69434 
-7.78125 
-0.411133 
9.23828 
-2.22949 
-0.831055 
-1.63379 
-3.72266 
1.25977 
-6.56348 
8.41113 
3.56934 
1.91016 
0.376953 
4.98145 
3.28711 
0.205078 
0.411133 
10.8174 
-1.83789 
0.341797 
6.10156 
-2.89063 
-4.50977 
-1.70508 
-1.70605 
0.149414 
2.81152 
-6.30176 
5.88281 
-1.34375 
-3.64844 
1.22363 
2.53223 
-4.3418 
-1.19336 
4.27637 
7.07715 
0.530273 
-3.78223 
-7.76172 
-6.71582 
12.1865 
-0.676758 
0.942383 
2.48242 
0.834961 
2.7627 
-5.34375 
0.807617 
-5.10938 
2.00586 
0.887695 
-1.33984 
-7.22949 
-0.0205078 
4.94824 
1.99512 
3.6416 
2.85742 
14.9336 
8.12695 
-5.82129 
-3.56055 
-3.9668 
-2.56836 
6.3252 
5.51953 
1.34863 
-2.57715 
3.98047 
-5.46289 
13.9121 
5.8623 
2.67871 
-4.6543 
11.3086 
2.94824 
10.7529 
-6.375 
0.0214844 
-3.15723 
-0.680664 
-3.64258 
-6.07715 
-3.07715 
4.45605 
5.5459 
4.16211 
-0.0224609 
-3.74414 
2.4541 
-5.56543 
4.82227 
-5.06934 
-3.65625 
3.87012 
-1.74414 
-0.46875 
-2.25879 
5.80273 
-6.48828 
10.1084 
1.90039 
0.37793 
-0.44043 
8.41113 
-6.25 
-5.52148 
0.251953 
-2.73438 
-4.20215 
2.80078 
-3.04785 
5.21289 
5.43359 
3.52148 
-5.59863 
4.03711 
-1.13379 
2.1582 
-2.10547 
1.84668 
0.0683594 
-3.18457 
-3.45703 
-0.397461 
-1.53906 
-4.52344 
3.94238 
-1.36035 
-2.92285 
-1.33008 
-4.88672 
-6.01855 
1.61523 
1.31348 
-5.94531 
1.32031 
-2.34375 
-7.4248 
2.32227 
6.60059 
1.18359 
-0.75293 
9.19434 
6.35059 
-1.94434 
9.50977 
-0.256836 
2.03516 
2.25391 
-5.52246 
9.23438 
-0.680664 
-4.35645 
8.55566 
3.37109 
-7.66504 
-5.73047 
-5.15137 
11.2734 
-4.00098 
-4.58691 
-2.79395 
-2.96289 
2.47559 
-2.63672 
7.02344 
0.0478516 
1.01758 
3.84668 
-5.23438 
-2.90527 
1.52637 
5.58008 
-7.13379 
-2.43066 
2.96289 
1.54785 
0.915039 
-1.18066 
-8.45605 
-6.09473 
5.92676 
13.417 
-5.20801 
3.33398 
10.5674 
-6.96387 
-5.63867 
-0.775391 
-8.52051 
-2.17871 
2.53906 
-6.74414 
-4.56445 
-8.81152 
2.50098 
1.16309 
2.56543 
-2.29395 
0.389648 
6.93555 
-1.20801 
-1.41602 
-0.950195 
1.21191 
6.97656 
2.78711 
0.467773 
-2.29492 
5.14258 
-5.11523 
7.29883 
10.208 
-3.23535 
-4.49707 
1.1543 
-0.137695 
-0.118164 
13.9463 
-3.45605 
4.36035 
1.31055 
-5.74707 
9.12891 
0.922852 
-5.98828 
-4.16992 
2.26758 
0.327148 
-0.0537109 
-0.104492 
1.48926 
-2.72949 
-6.93262 
4.09668 
-0.660156 
0.405273 
-3.77051 
-0.131836 
0.708984 
-7.26855 
4.73145 
-2.22168 
-4.37793 
-8.03711 
6.16309 
-5.8125 
-5.77441 
-2.33984 
3.20605 
4.9873 
1.65234 
-4.5752 
2.65625 
4.89844 
1.38672 
-3.16016 
-2.77344 
1.02734 
0.206055 
16.9414 
-2.19629 
6.87109 
3.55664 
0.649414 
2.46875 
-7.77246 
5.71289 
0.237305 
-2.08203 
0.59375 
-0.523438 
-2.5127 
9.9043 
-5.62598 
-3.83008 
0.974609 
-3.45898 
-6.37109 
-7.90234 
8.44629 
-4.11816 
-3.32422 
-2.95605 
3.50195 
5.52734 
6.11426 
2.39941 
-5.95215 
-2.93848 
15.0439 
-8.42285 
2.83691 
-4.04785 
0.896484 
-1.39258 
5.21191 
4.27539 
4.71484 
5.47461 
-2.40039 
-6.02441 
-0.0527344 
3.21484 
-0.510742 
-7.77148 
1.50488 
-6.63184 
7.02734 
7.55078 
-0.556641 
-8.52051 
-2.62695 
-4.43457 
5.66406 
-3.30664 
-6.16406 
2.73828 
-2.5752 
1.54199 
7.58691 
-5.05566 
7.99414 
1.3125 
0.536133 
-2.37305 
-2.91602 
-7.06152 
-4.5166 
-0.743164 
15.3105 
-0.443359 
2.63086 
6.73926 
5.3877 
-4.21289 
1.5 
-0.739258 
-1.91211 
1.25488 
-2.08984 
-1.49805 
1.58984 
-7.12793 
5.67969 
-1.02637 
-2.49902 
6.11914 
-0.338867 
-1.61133 
0.491211 
-1.79297 
-2.35352 
2.11816 
-5.31836 
4.99316 
3.35254 
-1.27832 
6.2627 
-6.39746 
-3.65625 
3.2627 
-2.81836 
-0.71582 
2.50098 
5.30859 
-5.02637 
-5.51465 
0.944336 
0.836914 
-4.69531 
0.260742 
-2.81055 
8.16895 
6.32129 
8.02246 
-1.02441 
2.5791 
-6.36816 
7.04297 
-5.08789 
-3.4834 
13.667 
3.96582 
-6.31641 
1.13281 
0.519531 
-2.14746 
9.64941 
-1.44043 
1.65625 
-2.06445 
-8.39258 
6.0625 
-2.6123 
0.675781 
-2.65332 
-2.62793 
21.4277 
0.820313 
-3.12598 
-1.32813 
3.53516 
10.6318 
0.765625 
-0.71582 
3.54688 
1.94238 
4.93066 
-3.02637 
-4.69727 
0.257813 
-6.06543 
-4.2666 
-7.00684 
-3.43652 
-0.792969 
-2.90918 
1.5459 
-3.30469 
2.23047 
3.64941 
-2.13574 
-6.21289 
4.53809 
3.82715 
-4.39453 
4.41113 
-3.02441 
1.26953 
-5.66699 
-4.5498 
-5.91504 
3.64258 
5.71484 
1.3457 
-1.4668 
-4.85059 
0.125 
0.990234 
-8.37207 
7.55762 
-3.57227 
-4.60449 
-4.28223 
8.01074 
-1.89844 
-2.44531 
-7.27637 
9.62012 
0.273438 
4.50977 
-1.64551 
0.59668 
-1.75879 
0.132813 
2.49512 
4.10547 
-0.119141 
4.02441 
0.998047 
-6.51563 
-3.58496 
2.51074 
-2.03125 
-3.18262 
-6.26563 
2.02246 
4.32227 
4.21191 
7.43848 
-3.3252 
-3.6582 
1.56738 
11.0625 
-0.703125 
-1.9082 
2.83691 
2.77832 
-1.3584 
13.6191 
-6.18945 
-0.823242 
-2.68066 
2.0625 
0.890625 
-0.772461 
-3.60156 
-6.10547 
1.04395 
-6.34668 
1.54688 
1.70996 
-2.87305 
4.85449 
-2.11328 
-8.88281 
-1.93457 
4.63086 
1.91504 
-1.75391 
-5.58301 
-5.36426 
13.4854 
8.30176 
-0.981445 
1.5127 
-5.0752 
-4.09668 
0.757813 
5.91406 
10.4678 
-2.95313 
-2.73535 
1.56934 
-2.79688 
-2.35742 
0.552734 
-3.30664 
-1.55859 
2.49219 
-4.06055 
6.93652 
-1.21777 
-1.02441 
2.60254 
4.6123 
-0.109375 
7.14355 
4.19434 
6.25195 
9.0625 
7.5752 
0.30957 
-3.16406 
1.90137 
6.14355 
-2.49707 
-2.53223 
2.05859 
5.81543 
8.07227 
-2.63867 
-3.47363 
-3.94629 
-1.83496 
6.22656 
2.00488 
6.9043 
-4.07129 
-1.24902 
-2.7998 
0.688477 
4.33398 
1.97559 
-1.21387 
5.85059 
4.93066 
14.6563 
-6.35449 
1.9043 
-3.4248 
3.47168 
12.7275 
-6.82129 
3.94531 
-5.41895 
-1.15332 
-0.515625 
-0.636719 
4.57715 
7.08301 
-0.375 
-0.783203 
6.07715 
6.68164 
-2.43262 
0.0683594 
-5.13281 
-8.16016 
2.32422 
-6.5332 
1.43945 
-5.34473 
3.76172 
5.62695 
4.49414 
-6.33398 
2.61719 
-4.04199 
-5.87012 
9.05566 
9.15234 
1.69727 
1.87305 
-0.883789 
7.17773 
7.94531 
2.0498 
-5.8584 
0.826172 
2.72852 
-2.45508 
0.265625 
-8.52637 
1.04883 
-6.99902 
-1.51563 
-4.00391 
-3.08887 
2.15918 
8.67578 
-2.90527 
-6.88965 
-7.77051 
9.75684 
7.06445 
-3.45605 
12.7119 
-4.33789 
-5.21191 
-5.76465 
0.661133 
5.15234 
4.25488 
2.00684 
-3.91504 
1.31641 
0.734375 
4.5332 
2.4873 
9.50391 
5.17285 
0.103516 
-1.03125 
1.11621 
-0.0371094 
-3.7832 
-0.536133 
-7.89941 
0.470703 
-2.52637 
5.55176 
3.41992 
5.81445 
-2.16309 
-3.125 
-8.22949 
-8.84961 
0.775391 
4.25977 
-0.382813 
-3.81445 
-7.50781 
11.8789 
-7.6123 
-2.95898 
-2.50098 
0.544922 
3.72754 
1.96582 
2.68359 
-1.24023 
-2.02246 
0.935547 
7.66016 
0.15332 
1.08301 
-3.16797 
-0.433594 
0.429688 
-1.1582 
-3.24707 
3.56934 
5.58594 
4.20605 
-1.96973 
-7.25977 
-2.67969 
0.620117 
-2.32031 
5.15332 
-1.58008 
-4.13672 
6.31348 
-4.99219 
10.2744 
2.375 
-0.258789 
11.9258 
0.46582 
-3.97266 
4.37988 
-3.88867 
0.148438 
-1.78516 
-7.48828 
2.87109 
4.55566 
0.0947266 
7.21289 
-1.34473 
-0.767578 
-1.37012 
-2.49316 
-0.780273 
6.54395 
-7.91113 
-1.19141 
5.96875 
-0.244141 
0.635742 
-0.533203 
-4.00391 
-0.913086 
-0.335938 
2.30469 
5.41309 
5.03125 
1.35938 
-3.02148 
-2.48828 
5.99219 
-6.12988 
2.33105 
1.875 
