1.61035 
-5.1123 
-2.77441 
4.47363 
-1.66602 
-11.9375 
4.46777 
5.80566 
2.20313 
1.13574 
-1.9082 
0.84668 
1.97656 
5.91797 
0.514648 
0.380859 
3.62793 
-0.989258 
-10.7568 
1.93164 
-4.14453 
6.7998 
-4.20313 
7.49609 
-3.92871 
-3.00293 
-2.35547 
2.61328 
-0.40625 
-4.19434 
2.45117 
2.44043 
-7.15039 
-11.2344 
1.3291 
0.8125 
-2.50098 
-13.3857 
4.12012 
-1.55762 
-0.59375 
-2.25586 
0.453125 
-2.49512 
-6.89453 
-5.99609 
2.73242 
3.12305 
-3.01367 
1.73828 
6.50781 
3.40234 
5.57715 
-7.85449 
1.5957 
-12.0986 
-7.04688 
1.64844 
6.71289 
4.7627 
4.88477 
2.39551 
-9.24316 
7.10156 
-5.33008 
1.57813 
3.10059 
-10.752 
7.9502 
-11.0947 
2.89453 
0.101563 
-0.431641 
1.0752 
-3.77734 
1.72168 
-8.91895 
-1.37402 
1.71094 
1.24902 
3.27734 
-10.9355 
0.288086 
8.05762 
2.29199 
-13.8066 
1.3623 
-8.07813 
-1.68164 
1.5332 
-6.65625 
-1.04102 
-11.0381 
-14.6514 
-3.40527 
5.70117 
2.89746 
4.01855 
-1.55469 
-1.81836 
3.9209 
3.5 
-6.32031 
-7.64063 
5.70801 
0.683594 
6.93164 
2.08301 
-2.96094 
-5.72852 
-9.17773 
3.8623 
0.826172 
1.52246 
7.34082 
-3.1416 
-7.06055 
-1.125 
3.44629 
-4.21387 
-0.0507813 
-4.66992 
4.51367 
5.30859 
6.84766 
-7.7002 
4.08887 
2.86719 
5.64648 
3.4209 
-6.44043 
6.49512 
7.02734 
-8.57813 
-13.4131 
-9.80078 
2.71289 
-8.4541 
8.4209 
-3.6416 
0.115234 
-5.4707 
0.904297 
-13.4072 
-4.01172 
-1.875 
6.7168 
5.78027 
-4.81836 
3.8457 
-4.44629 
4.02148 
-11.4502 
0.704102 
2.77539 
-14.4121 
5.58887 
-8.01074 
2.85449 
-11.6172 
-8.13086 
-6.94336 
5.75488 
0.454102 
4.65723 
-0.941406 
-12.0586 
-8.47754 
-2.29688 
-1.91699 
1.09668 
4.97266 
0.15625 
-2.92285 
0.543945 
2.10059 
1.34277 
2.28711 
-1.27832 
-4.46582 
4.43262 
-6.88867 
2.41699 
7.17773 
3.43457 
-3.12891 
2.31543 
-2.8125 
-12.2012 
-6.50684 
1.76758 
1.1377 
-2.8877 
5.94531 
-5.19141 
3.50293 
-3.69727 
4.53027 
6.30469 
0.417969 
4.4082 
-11.3633 
0.18457 
2.11426 
-2.56055 
-0.633789 
3.03711 
-11.1758 
0.09375 
3.3457 
2.73047 
-0.651367 
1.22559 
0.382813 
-11.7305 
5.47266 
6.14258 
0.366211 
4.7793 
3.13867 
2.52148 
-3.7002 
-9.20605 
-3.42578 
4.63086 
0.713867 
-3.8877 
4.23535 
7.70605 
-6.19727 
1.56738 
2.50586 
-1.59961 
-3.71582 
-6.05762 
2.7998 
1.2959 
4.51465 
3.25195 
2.50488 
0.883789 
2.46387 
5.47363 
-0.147461 
-1.70215 
4.99023 
5.78906 
3.78809 
-14.4141 
7.70215 
-1.42773 
3.28613 
-3.01172 
-8.01367 
-1.28223 
1.78027 
1.23242 
0.151367 
-7.19727 
4.90137 
4.18164 
0.729492 
-0.743164 
1.69922 
5.63281 
6.2334 
-15.2109 
-0.0498047 
2.81641 
6.50684 
-9.65918 
1.62891 
-6.53418 
-7.96387 
5.30859 
6.35156 
2.5293 
-1.19922 
-2.07031 
-0.113281 
-11.7959 
7.58594 
1.0918 
-4.47168 
5.125 
-11.2568 
0.5 
4.02344 
4.1748 
1.17773 
-1.58008 
2.61426 
-9.41309 
-1.65234 
0.19043 
-1.59473 
3.38086 
-0.239258 
4.77148 
-1.10742 
-0.639648 
5.68848 
-4.8584 
-8.95605 
3.92383 
-1.1875 
-1.8877 
2.34766 
5.77344 
-2.89844 
4.19043 
-5.66699 
-2.65332 
-4.1748 
-2.67578 
-7.36328 
-7.6084 
-10.8301 
-1.19824 
0.87207 
-2.98047 
1.4541 
-3.48535 
-2.93262 
7.90625 
0.959961 
0.665039 
-9.83496 
-4.14551 
8.7998 
1.55273 
0.557617 
-11.6895 
-0.761719 
4.18555 
-0.307617 
-2.92676 
5.03711 
-3.17188 
2.34473 
3.53711 
-3.95996 
-1.80469 
4.74316 
-6.44922 
3.91211 
-0.591797 
0.194336 
4.66797 
-3.36523 
5.60742 
-7.2627 
-1.13184 
3.03125 
-0.0175781 
-3.36914 
0.707031 
-11.0547 
-8.80664 
4.84863 
4.13477 
-5.52539 
1.12012 
4.31055 
3.29199 
1.37793 
-10.8848 
6.05273 
2.66992 
7.39453 
0.633789 
-4.67871 
-1.49707 
-1.51074 
6.2959 
-6.93652 
-3.88281 
3.21484 
-2.12207 
0.682617 
-7.4834 
-10.0801 
-2.5791 
-0.878906 
2.7002 
0.350586 
1.15625 
-13.4502 
3.74707 
5.6582 
-2.2002 
4.65625 
1.48145 
-14.7783 
-2.68359 
-13.165 
1.74902 
3.50195 
-12.0615 
-7.12695 
1.11133 
0.609375 
-7.12793 
1.36523 
1.58789 
-10.2217 
4.54492 
1.52637 
-8.41699 
0.491211 
-8.44531 
4.14941 
4.37598 
-4.37109 
0.735352 
-3.1084 
-6.14941 
-3.52734 
-4.23535 
-8.94043 
-11.3398 
-1.79102 
-2.27539 
0.764648 
-5.14258 
-9.76758 
7.0918 
4.69238 
7.55469 
0.657227 
5.71875 
-7.13965 
-1.5918 
-0.992188 
-6.22852 
-0.0292969 
6.5293 
4.77539 
-3.51953 
-1.00977 
-8.9375 
3.85059 
-1.24902 
-3.08301 
-0.791016 
-8.26758 
0.68457 
0.582031 
-4.29785 
4.75488 
4.35938 
4.77441 
-0.323242 
-4.80273 
5.26563 
0.839844 
3.6416 
-10.7744 
-5.99707 
3.35547 
1.4043 
0.619141 
5.28906 
-0.966797 
-7.62988 
-10.1074 
-4.50586 
-3.97754 
2.40723 
1.13965 
1.20996 
4.70996 
-3.7832 
2.72168 
3.46973 
3.05469 
3.21777 
-3.05957 
2.78516 
7.05371 
-1.30762 
-1.55469 
-6.60547 
-3.16797 
-1.25488 
-2.06543 
-3.99219 
5.12988 
-0.197266 
7.97656 
-6.8252 
4.27344 
-7.12793 
-10.0938 
-2.35547 
4.75293 
-1.49414 
-1.41016 
-0.47168 
-1.03418 
-2.45996 
-3.55664 
-7.8457 
-3.14063 
-8.74219 
-6.62988 
7.20703 
0.222656 
-0.955078 
6.35352 
4.5166 
3.16211 
-2.43848 
-3.86523 
3.43652 
4.69434 
4.87891 
-6.89941 
-10.6758 
4.19629 
3.68945 
-0.285156 
-7.91699 
6.19824 
-5.65527 
-2.8916 
5.32129 
1.86426 
-7.16309 
-4.13379 
-0.74707 
-3.22559 
-0.990234 
-5.05469 
-2.50488 
6.31152 
7.72168 
3.51758 
-1.7627 
-10.416 
8.32031 
-0.567383 
4.26465 
-4.9502 
0.616211 
2.13281 
5.79883 
-5.84668 
-0.817383 
-9.67578 
5.39648 
-3.9248 
-6.79297 
-7.29492 
4.05469 
3.41504 
-11.5381 
5.24805 
-3.85645 
3.25977 
5.17969 
-5.85254 
1.3291 
-2.4541 
1.33691 
-6.61426 
6.50195 
5.65527 
-0.87793 
-5.99609 
-9.21484 
-3.2041 
0.725586 
1.43262 
7.66211 
3.86621 
-0.433594 
1.73633 
-0.30957 
-8.83594 
7.88379 
7.05664 
-4.76367 
-11.9385 
-2.94238 
5.24121 
-4.14063 
-1.81543 
-1.90234 
-1.49609 
5.09961 
-2.07813 
2.2793 
0.804688 
-3.87793 
0.0605469 
-0.273438 
-2.56445 
-1.19238 
-0.898438 
3.99609 
-3.99707 
4.05176 
3.6123 
-3.50391 
0.458008 
4.48535 
-11.7363 
-10.3955 
2.93945 
-0.452148 
0.658203 
3.27246 
1.91406 
0.625977 
2.70703 
-0.270508 
0.129883 
-0.65625 
-6.9082 
2.28027 
-4.2793 
6.32031 
-0.632813 
5.49902 
3.2041 
-0.710938 
5.83203 
2.18066 
-5.87402 
-2.93359 
3.37988 
-0.157227 
5.47949 
3.25586 
-3.90527 
-4.70996 
-13.1992 
0.541016 
-11.8799 
0.138672 
4.57715 
0.689453 
5.52734 
2.84961 
-1.35742 
-9.4209 
-8.56055 
-2.3125 
-8.22168 
-8.85059 
-6.60156 
-10.7871 
-7.2959 
2.84766 
-1.7666 
-4.33691 
-7.33105 
0.704102 
-1.58008 
4.24609 
3.82617 
-11.7842 
-0.28418 
1.2334 
3.7334 
-12.2344 
3.64941 
4.14941 
3.72754 
-9.42383 
0.464844 
2.16113 
5.06738 
-10.1475 
5.23047 
4.53027 
-2.08887 
7.36719 
0.822266 
5.5791 
0.90625 
5.99023 
3.74512 
0.665039 
3.8252 
2.05762 
-2.7832 
5.94043 
-1.3457 
0.0820313 
0.550781 
-12.6816 
3.58691 
-4.78711 
-0.108398 
0.520508 
4.35938 
4.1377 
-11.1797 
7.20605 
-3.54199 
6.48145 
-7.97656 
4.69922 
-3.29199 
-12.3564 
-10.0664 
1.67676 
-3.83594 
2.29395 
1.38867 
3.88672 
-8.19824 
-5.93652 
4.07031 
3.17773 
2.49023 
6.26367 
-2.46875 
-1.19531 
5.99805 
-0.915039 
4.39941 
4.92285 
6.88281 
1.51074 
1.19922 
-8.6377 
1.69434 
4.09277 
4.46973 
-11.3887 
-5.16113 
5.01465 
-4.12793 
3.87305 
4.66797 
2.79395 
-1.8457 
-0.267578 
-1.03418 
4.9834 
-7.97266 
1.64941 
-14.3145 
-6.91113 
-1.06738 
3.38867 
-12.8438 
1.2207 
-8.79004 
4.79395 
-0.101563 
-0.0244141 
-2.8877 
2.88379 
-0.705078 
4.16016 
-5.64551 
3.69336 
-2.18652 
4.85254 
5.22852 
3.35645 
8.81738 
0.766602 
-5.99121 
-1.58301 
6.62891 
2.37012 
1.36914 
-0.469727 
0.966797 
0.0273438 
5.05566 
2.81934 
-10.2412 
3.19336 
-12.7041 
-6.28809 
1.86133 
-10.6924 
-7.49316 
-8.29785 
5.44434 
2.9668 
0.226563 
-0.583984 
4.88086 
1.04492 
-4.23438 
6.92676 
-0.548828 
-3.74707 
-0.0390625 
3.71094 
1.64063 
-7.69531 
4.57227 
2.88184 
-1.78027 
-15.2363 
-7.64746 
3.71582 
-9.25586 
-3.96777 
-0.0244141 
1.14941 
-2.68359 
6.73145 
-0.349609 
1.30078 
-4.79102 
-0.476563 
-1.8125 
0.889648 
-12.1787 
0.110352 
0.630859 
3.48242 
1.53223 
6.83008 
0.356445 
5.10547 
3.27637 
-5.69141 
5.37109 
0.93457 
-1.34961 
3.35449 
3.7666 
3.58691 
-11.8486 
5.69727 
1.32031 
-2.87012 
1.7666 
0.793945 
-11.0039 
2.81348 
-6.7959 
-6.20801 
5.49316 
4.96094 
4.91406 
-1.19336 
-10.2871 
-7.78027 
-1.18555 
-1.62109 
-6.07324 
3.20313 
-12.8486 
2.39746 
-2.1875 
5.69824 
-6.89648 
-8.34668 
8.61523 
-2.55859 
3.28418 
-0.961914 
-9.31738 
7.27637 
-5.30957 
3.57715 
6.83691 
-11.6963 
-1.85645 
4.18164 
-1.4707 
4.96973 
4.25391 
3.52539 
0.307617 
-4.35156 
8.90918 
1.20801 
1.56641 
5.8125 
4.49414 
-2.8291 
-0.0976563 
1.89453 
-4.1084 
-7.95801 
4.9541 
-7.27148 
-5.55469 
-1.28125 
3.96289 
1.5625 
-4.36035 
-14.9053 
-14.7559 
-1.35742 
4.62305 
-8.45508 
6.61133 
4.45703 
1.34277 
1.49902 
3.74316 
-13.6621 
-5.78027 
2.25195 
-4.10254 
-11.999 
-0.797852 
7.5498 
0.113281 
-8.62891 
-0.341797 
-7.27734 
-10.6875 
-0.662109 
-2.95703 
1.73438 
2.03711 
6.47754 
0.0605469 
0.142578 
1.60352 
1.17285 
1.53223 
-6.27637 
0.691406 
0.332031 
-10.8945 
0.488281 
-7.41309 
-2.51465 
3.13379 
3.84375 
-2.91895 
-8.37695 
0.425781 
-12.8691 
1.04883 
2.03418 
-0.466797 
-9.11133 
-0.134766 
4.93848 
-4.47656 
0.109375 
-8.37891 
6.99707 
6.44922 
-12.6016 
-7.7373 
1.42871 
3.3252 
-7.0166 
-8.09277 
5.41992 
1.95801 
0.179688 
-3.66602 
3.40723 
3.66504 
4.3418 
-8.79199 
0.0654297 
-5.37793 
6.91309 
-4.03223 
-6.66504 
5.94727 
7.01465 
1.17871 
1.94531 
1.24219 
0.960938 
5.78125 
-1.79492 
3.58887 
-1.52734 
-2.14941 
1.41309 
-2.0127 
3.22949 
1.10059 
-3.12207 
6.33984 
-3.70215 
6.14453 
-5.51855 
6.28906 
-5.33594 
-4.24121 
-0.885742 
3.33008 
-3.94141 
1.62207 
4.86621 
3.74805 
-2.5127 
-3.04688 
-13.9258 
2.80664 
4.97363 
3.21094 
-0.62207 
1.46289 
3.41992 
-2.4707 
-7.86914 
-6.28418 
3.88477 
5.0459 
-4.54102 
2.75098 
4.8457 
-4.3125 
-0.753906 
-9.6123 
-9.07031 
7.22559 
2.77637 
-2.68359 
3.26563 
5.46582 
1.89648 
-1.83398 
4.27344 
2.18066 
-3.74707 
2.66992 
-4.84961 
-0.770508 
0.373047 
3.34668 
9.99512 
-10.3281 
-0.397461 
0.801758 
0.984375 
4.04004 
5.66699 
6.12109 
-6.30469 
-9.71387 
-4.15137 
3.79395 
-0.28125 
2.08984 
3.38672 
3.3877 
6.54492 
0.130859 
-7.49707 
0.338867 
-0.564453 
4.07617 
-8.94043 
-8.46582 
-0.962891 
5.79199 
-0.0683594 
-3.97363 
1.08984 
-2.26855 
-0.748047 
5.96094 
-2.56738 
4.07813 
3.83398 
3.64746 
-1.33203 
4.33008 
-14.3115 
-1.06445 
3.27344 
-1.33789 
0.0283203 
3.01758 
3.95313 
6.1709 
-3.85547 
4.10059 
-10.5576 
3.80273 
1.75 
-0.318359 
8.2832 
-10.6416 
-4.42871 
-0.144531 
3.70898 
5.08984 
1.70605 
-4.24023 
2.37988 
-0.913086 
0.910156 
4.61133 
4.38574 
3.0127 
-0.289063 
-5.69531 
-0.652344 
0.898438 
3.3916 
4.45898 
5.63867 
2.40137 
-3.00586 
4.12012 
-2.11523 
-5.82324 
-1.98242 
5.84961 
-6.32813 
-3.66406 
0.787109 
0.0380859 
1.68066 
-4.83691 
4.81641 
3.17773 
-1.69336 
-0.595703 
5.21387 
-4.16211 
-4.25 
0.164063 
-12.4053 
-10.4307 
-3.11133 
-13.9619 
2.36328 
4.98242 
-1.04883 
-10.4082 
-7.45215 
4.33203 
0.410156 
-12.4385 
-2.94922 
-2.62012 
2.45801 
7.125 
1.69434 
5.97754 
3.8623 
-10.127 
-7.88574 
5.61035 
-0.658203 
3.53711 
8.58594 
5.2998 
4.72754 
6.72852 
4.00391 
0.714844 
-1.40918 
-8.90039 
-1.44238 
1.94238 
3.56641 
-3.91016 
-7.97754 
-11.376 
4.50684 
4.41895 
6.34668 
-7.63281 
3.25098 
0.322266 
-3.47949 
2.4541 
0.21582 
0.870117 
-1.88281 
3.76465 
3.74316 
-1.07422 
4.30176 
-7.58691 
-2.77539 
-10.0791 
3.32129 
0.0673828 
3.5957 
-7.24121 
5.30859 
1.97168 
6.24902 
-0.108398 
1.17871 
1.61621 
1.9502 
-3.55957 
-0.850586 
2.56738 
-1.66504 
-6.14453 
7.99707 
-5.50781 
-7.59473 
-3.42383 
-10.4971 
-9.30566 
3.29688 
-8.94043 
2.31738 
7.61914 
4.71875 
4.56934 
4.69824 
5.5166 
-7.28223 
-9.30469 
-1.93066 
-5.48047 
-8.41309 
-11.0576 
2.62891 
6.07324 
3.93359 
3.35449 
1.375 
-2.69238 
0.819336 
-8.53516 
-1.99902 
-9.55469 
0.731445 
-6.24219 
1.59277 
-12.0957 
-0.0175781 
-0.924805 
-1.05664 
3.25391 
4.5459 
-0.137695 
4.03027 
0.647461 
-0.876953 
5.92871 
3.34863 
-6.63965 
-4.10645 
1.44922 
0.74707 
-4.09863 
3.31055 
2.92871 
5.80957 
3.27832 
1.65918 
-2.75977 
-7.21777 
-2.07031 
-6.8584 
6.44727 
1.50195 
5.14648 
-2.36621 
-9.7959 
-1.28809 
6.34375 
-12.0586 
-0.558594 
2.72363 
3.65039 
-7.6084 
-7.75977 
-4.55566 
4.7041 
6.08008 
4.98047 
6.27539 
1.94141 
2.93359 
-5.51465 
-14.8428 
-2.74805 
5.42578 
3.8623 
4.99316 
-1.72363 
5.64746 
6.38574 
-2.59961 
-1.59863 
2.78223 
0.510742 
0.361328 
3.3418 
-5.52148 
-1.09863 
-5.82129 
-3.56738 
0.351563 
7.19531 
5.6582 
0.811523 
4.33984 
0.22168 
-0.407227 
-5.42773 
-7.1875 
-5.89941 
-8.08496 
3.63086 
-9.58008 
-1.13867 
3.13965 
1.86719 
-2.57422 
-2.38281 
1.92383 
-1.01172 
1.15625 
5.45313 
-1.06934 
0.962891 
5.09473 
-8.95801 
-3.82227 
0.65332 
4.6875 
-4.32813 
1.16309 
2.13184 
2.04785 
-13.292 
-0.597656 
-2.3623 
7.95605 
1.26758 
-15.8184 
-3.70605 
-2.55762 
-2.27441 
5.08594 
-8.08398 
-0.0947266 
6.62891 
-4.52344 
6.85449 
3.30176 
6.29102 
-1.47363 
5.92676 
3.44043 
-3.95313 
-0.337891 
2.83398 
-0.151367 
2.32324 
3.82129 
-10.1348 
5.2793 
-7.63672 
2.0498 
0.867188 
7.23828 
6.38379 
4.05957 
-1.74414 
-13.8359 
-3.89258 
3.05469 
3.85254 
5.4375 
5.14746 
-4.8916 
-0.0117188 
3.54785 
5.75977 
4.30566 
8.30469 
1.68457 
-0.402344 
-2.22754 
-8.52539 
-4.9043 
-4.82422 
-4.8457 
4.15625 
5.58301 
-9.6377 
-4.02734 
-2.17969 
-2.30371 
0.415039 
-8.78711 
3.23828 
-1.36133 
-4.00098 
0.291992 
-6.41602 
-10.6797 
-4.03516 
2.35547 
-5.95703 
1.90234 
2.45703 
-10.5928 
-1.69043 
4.73926 
-0.0761719 
-0.282227 
7.39648 
-12.7588 
-5.93164 
3.57715 
8.96484 
-12.0342 
-6.58691 
-12.1592 
4.05664 
-3.85352 
4.17383 
6.85547 
-1.12891 
3.56934 
5.05078 
-4.39648 
-1.94434 
3.86719 
-4.14941 
-3.94238 
6.15137 
1.01465 
-2.81445 
-4.70898 
3.14941 
-5.35742 
3.10938 
3.28906 
-10.2842 
3.06836 
4.60156 
-0.896484 
4.00488 
-8.92383 
0.910156 
8.39844 
-5.14551 
-11.624 
1.13281 
4.30371 
0.0400391 
4.59375 
-5.25391 
-3.02637 
-5.96875 
0.330078 
1.6875 
1.77246 
4.39258 
-2.5498 
2.92578 
-3.78809 
4.81445 
1.13086 
-0.850586 
-1.53809 
-2.13672 
8.01758 
8.06348 
3.81152 
-3.80078 
2.05469 
2.68262 
-6.33789 
-2.97461 
-6.27441 
-0.633789 
-1.79102 
5.79688 
0.791016 
-3.81836 
-2.27734 
0.0234375 
3.98242 
4.66602 
-0.444336 
-6.12305 
1.84863 
2.85352 
-4.27637 
6.71484 
-10.5225 
2.7002 
-9.4248 
4.77637 
-10.5283 
-3.21289 
-4.74316 
2.67578 
6.49023 
-4.84766 
-1.63965 
-3.13477 
-2.50879 
2.83496 
2.12109 
-6.64063 
0.366211 
3.80176 
1.81543 
-4.13672 
5.23535 
-3.95605 
0.729492 
5.36133 
1.84668 
-4.76953 
1.4707 
-5.22266 
5.94434 
4.22168 
4.32227 
-4.68555 
-12.3301 
2.19922 
-12.2891 
2.58691 
-14.2822 
-10.5244 
8.90137 
-4.19043 
3.43262 
-0.817383 
-8.71484 
-0.571289 
-7.95996 
9.72266 
-6.65918 
1.51465 
-5.48535 
5.20703 
-4.95508 
2.35156 
4.80566 
-6.44336 
4.34863 
6.52344 
-0.716797 
4.87207 
0.97168 
0.452148 
5.05762 
-5.73438 
5.49219 
3.62109 
-3.12695 
2.60645 
-6.00977 
-1.68066 
-10.0137 
6.92578 
0.93457 
0.797852 
4.72656 
-5.65723 
1.39453 
1.9668 
3.54883 
1.58691 
-9.39746 
-3.90625 
4.38672 
3.21582 
2.25977 
3.13477 
-4.31055 
2.13574 
-8.01758 
4.81055 
4.53027 
-7.37695 
-0.385742 
-11.3623 
3.63477 
3.4502 
7.78906 
-12.4619 
-12.1143 
-0.496094 
1.34082 
-12.2539 
1.65234 
5.38281 
4.97656 
2.28906 
2.8125 
3.85938 
-3.37891 
-1.94238 
-8.28027 
0.711914 
-6.85938 
-3.19141 
-9.93066 
0.314453 
-10.3115 
-0.662109 
-3.07324 
4.06934 
-3.70117 
-0.974609 
2.06152 
9.08594 
5.96094 
-11.9561 
5.16211 
-0.374023 
4.41895 
-3.60254 
-0.151367 
-4.28125 
4.38086 
-6.25488 
5.23828 
-6.39355 
0.137695 
3.87207 
-5.96387 
3.60449 
-3.61035 
3.38379 
-1.5293 
6.30664 
0.989258 
0.637695 
4.96582 
0.276367 
3.56445 
-6.28711 
0.635742 
-11.9854 
2.31641 
-3.91699 
-12.374 
-1.28516 
0.396484 
6.41504 
2.96094 
-3.50391 
-7.16797 
6.0752 
6.2959 
0.664063 
4.93457 
-4.22852 
-5.14063 
-6.04883 
6.39258 
-1.19922 
0.0722656 
-7.60645 
5.31055 
4.51953 
-1.43848 
0.362305 
3.10254 
-14.3838 
-2.06934 
3.79102 
-0.527344 
-9.11523 
1.77734 
-3.16699 
-3.40039 
-0.0185547 
-13.3652 
4.69727 
3.85742 
-7.84961 
4.10254 
7.74414 
-2.79785 
-12.6709 
-6.29102 
-14.8574 
0.121094 
4.86621 
-1.44629 
0.147461 
-10.4033 
0.673828 
5.82031 
5.05664 
-3.76465 
0.303711 
5.2334 
-5.26953 
2.93457 
-1.63477 
1.3623 
1.12598 
5.88477 
-7.11719 
-3.54688 
-1.06543 
-1.71289 
-6.8584 
-5.53418 
-0.0810547 
5.41797 
-2.55371 
0.537109 
2.8125 
-9.02344 
-2.03418 
-1.78711 
1.73145 
-11.6934 
0.365234 
3.39941 
6.53223 
-7.42578 
-15.1387 
2.9873 
0.920898 
-4.16016 
-0.0146484 
4.40332 
2.35938 
-10.8164 
8.11719 
0.498047 
3.24316 
1.36426 
-9.31348 
-0.90625 
6.82031 
5.71094 
-3.52734 
2.31543 
3.46289 
4.79883 
-2.57617 
-6.48633 
-3.9248 
1.03027 
-2.36719 
2.31934 
4.11035 
-10.6865 
-13.915 
-6.84863 
-3.13281 
-2.11328 
3.57324 
-9.95313 
6.37793 
-9.70215 
2.27148 
3.4707 
-2.19238 
1.75488 
6.73926 
1.78418 
3.06738 
-9.84473 
0.96582 
-4.82227 
-2.33496 
-0.0605469 
2.50586 
-2.17773 
4.13574 
6.15723 
3.50391 
-3.53125 
5.86621 
-2.4707 
5.39746 
-5.95313 
-2.74414 
2.39258 
1.74512 
-8.44531 
-6.125 
5.34375 
-4.7041 
2.02246 
-11.8545 
7.01953 
6.58691 
0.762695 
2.6084 
6.27441 
5.9209 
-1.16699 
0.696289 
-8.94531 
-5.11719 
-0.449219 
-6.25098 
-1.15527 
-8.74707 
1.82129 
-8.45215 
-0.167969 
4.80469 
7.50098 
-3.80957 
5.8877 
-9.74316 
-4.70313 
-3.59375 
6.21973 
1.92969 
0.685547 
3.23633 
2.44141 
2.62793 
2.1123 
-3.76758 
1.41211 
-0.510742 
5.66797 
-3.44727 
-4.00488 
4.39941 
0.864258 
-2.78613 
4.56152 
2.88086 
-8.44238 
-8.66211 
2.07715 
6.62891 
-0.583984 
-12.2549 
3.31836 
5.51465 
-1.68945 
2.6543 
-3.38281 
2.05176 
-14.3955 
6.90723 
5.66895 
5.11719 
0.317383 
-8.9834 
-3.80664 
-0.394531 
-12.8848 
1.94629 
0.0849609 
3.95508 
3.64063 
4.32422 
5.17969 
-3.30957 
-4.54004 
0.5 
-2.03809 
6.59766 
-1.75391 
5.45898 
1.44043 
0.259766 
-10.2314 
-1.12598 
7.02734 
6.16406 
6.00488 
-5.64941 
2.40625 
2.3584 
-5.93359 
4.62207 
2.05566 
5.19141 
-0.457031 
1.2959 
6.62207 
2.16699 
-4.64355 
-1.63379 
4.5957 
-9.9082 
1.87598 
-3.15332 
-1.00586 
0.291992 
-7.75977 
-8.23242 
-0.96582 
0.216797 
-5.20117 
-14.1348 
-11.9902 
-11.0576 
7.06543 
-0.00683594 
1.51074 
-1.7334 
4.50488 
4.74316 
0.697266 
6.16211 
-5.42188 
2.07715 
-5.25488 
-9.67383 
-9.41309 
4.34082 
-4.32031 
5.19141 
4.68359 
-3.00098 
3.76465 
-6.71191 
0.587891 
8.22168 
-0.161133 
-10.0127 
8.03027 
3.73242 
-3.2002 
3.52539 
-1.87793 
1.54297 
3.96582 
1.61523 
-0.205078 
-2.15527 
2.82129 
-0.322266 
1.0918 
-6.40527 
-9.5166 
4.05176 
-9.30664 
6.50098 
-12.0527 
0.670898 
-1.9375 
1.34082 
4.88379 
-0.0634766 
6.81055 
-6.23047 
10.5225 
-10.3613 
-0.231445 
8.2793 
2.00195 
-3.09082 
-5.5791 
7.35254 
0.712891 
-2.67383 
3.17773 
1.09668 
-2.30859 
3.06348 
-10.7158 
8.25391 
-2.79102 
3.34863 
-4.3291 
-5.42188 
-9.13086 
-1.1377 
-2.74707 
0.582031 
-3.35156 
3.42871 
-1.31836 
2.34375 
4.5752 
6.23633 
4.03711 
0.84375 
-2.81055 
-0.015625 
0.508789 
-1.36035 
-2.37305 
5.5957 
-4.27539 
0.628906 
1.5459 
-0.0419922 
-2.52539 
3.37891 
4.97461 
-7.78125 
-4.08594 
-2.49609 
3.81445 
4.91602 
-0.0673828 
6.01758 
2.34082 
-5.97461 
0.833008 
1.73633 
-6.20605 
2.5918 
-10.2295 
-3.83496 
7.45605 
5.91797 
-5.03223 
-5.67285 
-6.29004 
-3.61035 
-9.41406 
-6.56152 
5.57129 
0.646484 
3.04102 
0.25 
-6.18066 
1.42773 
0.189453 
1.00879 
3.45996 
-2.13965 
-9.98633 
0.539063 
0.931641 
6.21191 
1.37598 
3.28027 
7.52441 
-8.41406 
7.64746 
-8.02832 
-0.337891 
-2.9834 
-1.4375 
2.55957 
4.96387 
-2.76172 
-6.52734 
0.557617 
-1.7832 
0.0429688 
-1.67871 
-11.9102 
3.67969 
4.02051 
1.8457 
4.88965 
-4.17871 
-12.0449 
-7.76953 
2.27246 
-4.25391 
5.71289 
6.74805 
-3.02637 
-0.256836 
-1.28125 
-8.75195 
5.31738 
5.88574 
-2.41895 
1.61914 
6.6543 
2.87109 
-15.5967 
-3.63184 
7.43164 
-8.50879 
2.69141 
-4.2334 
0.824219 
-10.6777 
3.37891 
5.29102 
6.59082 
-4.39746 
-11.0166 
-5.35645 
3.7793 
5.17578 
-4.3457 
-1.76563 
-1.81738 
0.168945 
-2.25977 
-2.97461 
0.0722656 
-8.51953 
2.04785 
-11.3604 
-2.75488 
5.39941 
-0.150391 
2.86426 
0.143555 
5.89453 
4.56543 
3.19629 
-14.541 
-0.96582 
-9.50098 
-6.02344 
-0.119141 
-1.06445 
-5.06445 
3.78223 
7.40527 
-7.55762 
4.09082 
-7.40137 
-9.66211 
-8.94629 
0.626953 
-9.10645 
-0.334961 
0.916992 
6.36133 
-4.12988 
1.78027 
-8.85645 
1.5332 
-7.23438 
2.2666 
1.70508 
-3.2041 
5.14941 
3.07129 
1.8457 
2.28711 
-2.12305 
3.21191 
2.19824 
8.83203 
-0.678711 
-0.486328 
-9.46387 
3.50293 
0.0244141 
-8.9873 
6.27637 
-8.33008 
-2.3916 
-2.4209 
6.32422 
8.20508 
-3.71191 
7.82227 
7.13867 
-8.17285 
-5.16504 
0.793945 
-2.91406 
-8.98828 
2.67871 
-5.55762 
2.07129 
1.09668 
-1.12402 
-12.0752 
-3.12598 
6.14844 
1.1084 
2.74902 
-1.0498 
1.5498 
5.01855 
-7.58105 
3.18555 
-14.2773 
-7.75293 
-13.6201 
-1.02344 
-10.8096 
1.04297 
1.20801 
-10.0244 
-9.60547 
-7.87402 
4.20801 
-3.49219 
-6.55273 
-1.94434 
-2.09473 
-5.59863 
2.45898 
-2.59668 
-4.92676 
-5.8125 
-5.23633 
3.56738 
3.5498 
-1.39941 
3.40918 
3.52832 
4.91699 
1.9502 
-2.8291 
-7.33691 
8.5752 
-0.916992 
0.0253906 
5.41992 
-0.827148 
-6.12891 
-5.65332 
-8.60254 
5.60938 
-0.666992 
5.2334 
1.99902 
3.12891 
1.21582 
-1.00781 
1.4375 
-2.36719 
-2.09375 
-14.0791 
3.28027 
0.704102 
0.949219 
-7.73926 
-6.47559 
4.09082 
1.20898 
-3.29492 
5.9707 
2.16406 
4.19336 
-0.472656 
7.46094 
-2.86426 
3.31152 
-0.587891 
2.74512 
-1.65723 
-1.62891 
-4.80859 
4.12598 
-11.6396 
-0.286133 
-0.723633 
-2.41504 
-13.8848 
-1.12598 
6.09082 
-7.98242 
-0.291016 
4.7627 
-6.19629 
-0.963867 
4.91992 
-8.57813 
-13.8369 
-4.07031 
5.80957 
2.90332 
-11.3857 
-11.8701 
-0.242188 
-2.86523 
1.99414 
3.86816 
6.79688 
7.42871 
1.08203 
4.03418 
0.589844 
2.16895 
1.45215 
5.27441 
3.24316 
4.4707 
2.36133 
9.11719 
-10.2314 
1.73438 
4.12891 
4.2334 
1.44043 
4.58887 
5.94922 
-10.2754 
-14.8867 
-7.17969 
-13.4404 
1.2998 
3.8252 
-5.48438 
2.82324 
2.77539 
-3.68457 
4.22461 
0.464844 
-0.473633 
5.09082 
-3.16699 
3.01855 
-2.74414 
3.54785 
5.70215 
1.3916 
-2.90332 
-1.20605 
1.61914 
-0.4375 
2.93359 
-0.0800781 
4.3291 
-0.639648 
-1.25684 
3.85352 
-4.55371 
3.13965 
6.64453 
-10.5156 
-1.87305 
-7.60254 
-4.42871 
-8.44336 
-2.31738 
-7.63574 
-5.87109 
-5.35059 
2.51563 
5.20508 
2.12598 
-8.93848 
-3.05273 
7.59863 
3.42188 
-9.13672 
6.24805 
8.16406 
-9.23145 
6.53809 
2.98047 
-3.75977 
2.55762 
6.99023 
4.48926 
-2.39453 
-5.61914 
4.6377 
3.61621 
7.42383 
-4.32813 
1.30566 
-13.7256 
0.681641 
-12.7705 
2.13477 
-12.335 
2.8291 
1.13086 
-7.36035 
5.40918 
4.15234 
3.38574 
-0.352539 
-2.01563 
-3.04102 
-6.01465 
3.51074 
-6.2959 
5.99805 
2.34277 
-4.91895 
-11.1426 
4.25684 
-1.36328 
-10.8418 
0.744141 
2.86426 
5.11133 
6.3584 
4.35254 
-0.571289 
-2.77832 
-1.58203 
-0.0322266 
-3.81152 
2.63867 
6.14746 
-0.00195313 
-1.89453 
-7.11914 
3.25684 
-8.77344 
-4.29688 
6.6416 
-6.51563 
-1.45215 
2.16797 
-4.84375 
2.35156 
4.95801 
-1.19824 
-0.361328 
-5.25586 
3.64258 
3.21875 
0.106445 
6.63086 
-7.6416 
-14.9473 
5.40234 
7.35742 
0.373047 
0.869141 
-5.00977 
1.72949 
6.73926 
-12.5088 
3.74219 
4.06445 
-9.89648 
4.38281 
-0.862305 
-3.02051 
-0.0566406 
2.36426 
0.0839844 
-2.47266 
6.60156 
-3.31055 
-11.751 
1.88574 
7.0791 
2.90039 
6.7998 
3.89941 
-8.05371 
1.89355 
-1.78711 
-6.04297 
-6.51074 
4.00293 
-1.60938 
2.25488 
7.58691 
-0.305664 
-10.6396 
-3.17578 
-8.03711 
-1.55078 
5.85449 
-1.56543 
0.363281 
-3.75488 
-2.73047 
4.13965 
-9.41504 
1.86816 
-0.78418 
7.81836 
4.37793 
3.41504 
-14.5137 
-0.0673828 
-1.33203 
-3.34863 
-3.95703 
1.57129 
-9.57813 
0.280273 
1.61035 
-1.57324 
-5.53125 
8.44336 
-8.91699 
-2.21973 
4.04492 
-2.03809 
-13.3564 
4.36523 
2.61914 
-0.649414 
-3.70313 
3.99414 
-10.3828 
0.423828 
1.86426 
-1.57129 
-3.85156 
-3.01953 
6.61914 
1.53516 
-7.61426 
-10.3252 
-3.05762 
6.34668 
-2.23535 
5.78223 
7.36035 
-2.76367 
6.40918 
-5.64551 
3.76465 
-0.790039 
-1.15723 
4.36719 
0.598633 
2.83984 
7.0 
9.6582 
-7.17285 
-4.40332 
1.16797 
-3.89844 
3.28418 
-2.47363 
-2.00879 
-5.19336 
-1.07422 
-10.8291 
0.0898438 
-4.79883 
-1.66699 
-4.81055 
-2.04199 
6.19043 
-2.72559 
1.94336 
0.611328 
0.234375 
8.10938 
-4.78613 
-9.72656 
-4.38281 
-5.35254 
2.64063 
-3.66797 
6.95801 
1.70508 
3.55566 
6.71484 
-5.66016 
-0.0859375 
6.03027 
2.37695 
4.45996 
-2.24219 
-5.37598 
9.2666 
-0.44043 
-4.4248 
2.43164 
-3.50488 
0.0673828 
4.29785 
4.03516 
0.12793 
1.36914 
-11.1797 
-2.25293 
0.65332 
-1.05566 
-4.0459 
1.93262 
1.84082 
-11.1729 
-10.7246 
4.53809 
0.756836 
3.44629 
-2.68164 
1.82129 
-0.836914 
-2.55078 
6.79004 
4.55859 
-7.2168 
0.657227 
-5.07715 
2.91992 
4.77246 
3.71582 
-3.84766 
-6.33594 
3.8457 
1.32227 
4.60938 
-3.18848 
-8.65332 
-0.600586 
0.517578 
0.414063 
-2.94141 
-2.76758 
3.77148 
-4.68066 
-9.8125 
6.22461 
-1.46973 
-12.3379 
-7.16406 
0.115234 
3.38379 
5.02246 
-5.66113 
4.06934 
5.17773 
-5.84082 
6.05176 
1.68164 
7.24414 
5.29492 
-3.80664 
-0.770508 
1.64941 
-4.49414 
6.57617 
1.33594 
3.60156 
3.10742 
-2.27246 
3.8584 
2.51855 
4.92578 
-1.4873 
-0.230469 
0.331055 
1.89648 
1.09277 
7.93262 
2.46191 
-13.8115 
2.65625 
-4.41309 
3.92285 
5.29785 
2.40039 
-2.22852 
6.01074 
-4.6709 
0.238281 
1.03418 
-5.21191 
-0.12207 
1.74902 
-3.8418 
-0.212891 
-1.35156 
4.84473 
-1.33398 
7.54102 
3.24805 
0.714844 
-1.04883 
-7.0293 
3.96387 
4.28027 
5.19336 
-4.14746 
-12.4072 
6.03906 
0.00195313 
-7.71582 
-1.39258 
2.5791 
-1.86719 
-4.63281 
-13.7871 
-3.70215 
-9.00195 
-0.676758 
7.31445 
1.87109 
-1.46094 
-6.2998 
-2.04785 
-9.4541 
-6.33887 
5.23633 
-11.875 
-9.81152 
6.26953 
-2.55176 
-6.93848 
-2.80664 
-8.3252 
7.43359 
-6.25 
-3.66895 
-7.3457 
6.28613 
-0.671875 
-0.366211 
-1.95313 
-1.14551 
5.66211 
-9.10352 
-6.25684 
0.670898 
-4.67773 
2.31641 
-4.7373 
-12.3027 
3.72266 
4.4541 
4.01367 
-8.62402 
-8.2998 
0.109375 
4.66016 
5.875 
-4.75488 
-8.5459 
-1.95605 
0.838867 
-13.124 
-6.0791 
-8.6416 
4.74219 
-1.85449 
-8.80859 
2.55859 
4.38477 
8.0459 
-1.89648 
0.580078 
0.219727 
1.97656 
-3.33984 
-4.87305 
8.31152 
-3.6123 
-4.88672 
-6.35938 
0.505859 
0.275391 
5.625 
-12.6533 
7.75098 
-0.149414 
4.57715 
3.51563 
-0.255859 
-3.11133 
7.12598 
3.80566 
7.13965 
2.34863 
4.39746 
7.61328 
-3.57324 
0.195313 
6.73828 
-1.17969 
7.06055 
-3.95996 
5.2373 
3.14746 
-7.52344 
-6.60059 
-14.3516 
-14.4473 
3.2998 
2.38379 
6.30371 
5.85352 
-4.50879 
1.32422 
3.21387 
-7.00781 
0.429688 
-4.62402 
-4.70215 
-4.11426 
-3.14746 
6.65039 
1.43457 
0.317383 
5.8916 
-6.53711 
2.96582 
-9.84473 
-6.5459 
6.22363 
-2.2002 
-8.78125 
2.08984 
7.45898 
-2.36328 
8.5957 
5.51367 
-2.08301 
1.42773 
2.33398 
-5.53027 
4.67773 
0.702148 
3.60352 
-6.39648 
-0.357422 
5.17871 
3.25586 
-0.460938 
3.14746 
-0.850586 
-1.74414 
5.36719 
1.25195 
0.558594 
1.67773 
4.00293 
0.916016 
-6.43457 
2.97754 
-2.23047 
7.54297 
5.11621 
-7.61328 
-10.3896 
-0.740234 
-1.17676 
2.19629 
1.43652 
4.39258 
1.50977 
-5.29297 
-0.72168 
2.38281 
1.56543 
-8.88477 
1.39355 
-8.52246 
-8.08008 
0.450195 
2.30078 
-2.69922 
-1.89258 
-14.7715 
2.65234 
6.41309 
-9.32715 
-5.71875 
4.93652 
6.90039 
-1.9375 
-10.457 
-5.82813 
4.33301 
-11.9512 
1.37891 
7.62695 
4.11914 
0.1875 
2.79688 
-5.16504 
4.65918 
-2.02344 
2.99902 
-0.382813 
-3.73145 
4.49121 
7.86426 
-4.13086 
0.822266 
0.00585938 
-11.7246 
-2.12988 
5.52441 
-3.16797 
-1.64258 
6.46289 
-8.80273 
5.18262 
2.56738 
-4.32617 
3.97852 
4.11133 
-3.2334 
-2.98926 
-5.45117 
-3.12207 
2.15723 
-6.99414 
3.84863 
6.42969 
5.80859 
-4.34277 
-2.41504 
-0.59375 
-0.00488281 
2.55176 
7.53125 
-0.694336 
-0.876953 
-1.30859 
2.88086 
-4.61133 
7.98242 
-3.6582 
0.833984 
6.95313 
1.27832 
-11.2041 
-0.169922 
-1.18359 
5.53711 
7.33398 
-5.80957 
-4.18652 
6.94336 
1.32129 
4.05273 
1.36426 
-7.85449 
-5.64551 
-8.2373 
5.86621 
1.44434 
2.70117 
-3.70703 
-1.14746 
0.802734 
-3.83887 
0.743164 
4.87695 
-7.21777 
-14.2354 
-5.32715 
-2.42676 
5.27734 
-6.13574 
7.80664 
6.51074 
-7.72363 
4.00879 
1.85254 
5.92188 
-0.297852 
-3.0752 
0.418945 
1.81445 
-0.708984 
-4.42676 
-5.11914 
-10.6689 
4.91992 
5.1543 
6.93164 
0.792969 
1.9834 
2.78809 
4.24902 
6.14844 
-0.369141 
1.72461 
7.81055 
3.56738 
-14.4346 
-3.56836 
-0.00976563 
1.9375 
0.0283203 
-0.132813 
-0.0908203 
4.44629 
-11.5469 
0.681641 
3.47168 
5.11426 
2.70703 
-3.14746 
-5.2959 
-13.2676 
1.32617 
-0.0800781 
-13.3496 
2.12988 
3.14453 
6.40039 
4.74609 
-3.2959 
2.45996 
3.26953 
5.40234 
1.65234 
1.22363 
-5.68164 
-8.91797 
-3.1123 
-5.39844 
4.5166 
0.24707 
6.125 
1.84277 
4.23828 
-1.68262 
2.96973 
-3.16699 
-2.58789 
2.1582 
7.06543 
4.32422 
-3.39941 
-1.84961 
-9.36133 
-4.13672 
-1.96777 
7.35938 
7.81152 
-2.06934 
-6.01758 
2.00195 
0.603516 
6.72559 
5.82813 
-0.208008 
4.55859 
-11.7539 
-0.579102 
-1.77539 
2.11719 
-12.3779 
-9.2168 
5.63184 
4.37305 
-2.21387 
-3.43359 
2.97852 
8.7168 
-7.77344 
3.2959 
5.71777 
7.4834 
0.896484 
1.66602 
1.14551 
1.6416 
3.40137 
-12.5449 
6.93555 
2.74902 
-4.87207 
2.31543 
-3.2207 
-7.21387 
-6.67676 
-6.23633 
2.73438 
2.45117 
5.08301 
-1.90234 
-11.5693 
-7.50977 
-11.6816 
-7.50293 
0.236328 
-4.37891 
-2.2373 
7.16602 
-3.03223 
-13.3564 
2.18652 
0.980469 
3.34961 
0.393555 
-1.56348 
6.42188 
-4.65918 
5.69824 
1.43848 
4.8252 
-5.12695 
1.05762 
-6.69922 
-4.37109 
2.95215 
-2.32129 
4.71973 
-10.8213 
-4.30469 
-14.5635 
-3.65039 
-2.36523 
-1.5625 
3.08203 
-4.29102 
1.00098 
-0.630859 
-0.972656 
-1.33887 
-3.44434 
-8.64063 
-1.08105 
-4.89746 
4.96484 
2.62402 
-4.26758 
1.24707 
0.259766 
1.2168 
-7.27734 
-0.754883 
-0.185547 
-1.97559 
-6.15332 
3.95898 
3.48633 
3.30762 
0.0625 
3.5166 
5.44141 
-9.87891 
-8.37402 
4.24023 
-11.7344 
-11.7715 
-0.50293 
-4.27734 
0.726563 
1.45313 
-3.48926 
2.72754 
1.78418 
3.53613 
2.82031 
-2.1084 
-2.27441 
-0.712891 
-5.34668 
-8.66602 
5.31836 
-2.33398 
1.38867 
2.57422 
6.46875 
5.63672 
-1.30762 
-9.79297 
1.66211 
1.65137 
-2.29883 
1.80957 
3.83203 
-3.86621 
-0.855469 
1.86328 
2.27246 
5.64453 
3.96094 
-2.74609 
-6.70703 
2.67871 
-5.39453 
5.30469 
-1.91699 
-2.64551 
-1.90723 
-5.20117 
3.20508 
-3.56348 
0.522461 
-1.16016 
-9.07813 
-1.99707 
5.06445 
3.45215 
-1.51465 
4.50488 
-3.125 
-2.17871 
5.02441 
0.65332 
1.2998 
2.75586 
1.87012 
0.835938 
1.24121 
2.69141 
3.26172 
-0.427734 
-4.8418 
1.79004 
-9.8457 
5.17969 
-0.611328 
6.59863 
4.09473 
-7.8252 
-8.68066 
-1.04102 
0.925781 
-7.60254 
-11.0791 
4.17285 
-0.907227 
-3.17285 
-2.35352 
-5.63867 
-1.25879 
-3.93652 
6.65234 
3.44238 
-4.79395 
-0.580078 
-1.70996 
0.527344 
6.18066 
3.43066 
-8.64063 
0.907227 
-2.76563 
4.44531 
4.48633 
3.54297 
2.15625 
-1.01172 
5.09766 
-1.50293 
-11.167 
1.79297 
2.99609 
-2.78418 
5.36719 
5.4248 
-1.40332 
-5.57324 
2.4834 
3.18457 
-3.13867 
3.29883 
-0.827148 
0.839844 
-3.35645 
6.55469 
1.46191 
-6.19141 
-0.990234 
-8.6582 
-0.243164 
6.08203 
1.75781 
-3.21777 
3.90723 
0.813477 
-0.447266 
2.06152 
-2.20801 
7.54883 
6.63672 
-2.08105 
2.14648 
3.93848 
4.61133 
-4.37207 
1.7373 
-3.94336 
-3.24805 
4.01563 
-11.127 
-5.42578 
-1.62988 
4.25781 
3.7373 
-3.68164 
-10.5117 
3.18262 
0.00585938 
-3.5791 
3.01953 
1.1416 
-0.966797 
-6.18652 
-7.12207 
0.384766 
-6.7627 
-7.64063 
-0.779297 
2.9707 
-4.33789 
-3.12402 
-1.69824 
5.02637 
5.02051 
2.25781 
6.87109 
4.26074 
-4.11719 
-7.25195 
-3.0332 
-11.0566 
-0.0498047 
5.10742 
-1.65137 
-2.38477 
-3.34766 
-9.61328 
-3.06934 
4.41602 
1.80371 
5.0293 
3.30273 
-4.95898 
-1.78711 
1.52344 
5.09473 
-0.160156 
-0.275391 
2.42773 
-9.59277 
-2.29688 
5.82129 
-0.738281 
-0.455078 
2.62988 
-0.136719 
5.81152 
-4.21777 
-4.69141 
3.23926 
-6.93848 
-6.79395 
-1.6123 
-2.22754 
0.209961 
3.08789 
2.70508 
2.31543 
5.53418 
-0.318359 
3.71484 
1.43945 
-3.7041 
-0.921875 
-0.963867 
5.53027 
6.19629 
6.02441 
3.5957 
2.71191 
-9.39551 
4.39551 
3.21973 
5.625 
5.89355 
4.7998 
-8.10156 
1.84277 
-11.5557 
-1.09766 
4.39746 
0.181641 
1.64941 
-5.77344 
-1.11328 
4.03809 
-1.18457 
-9.72168 
2.08789 
4.1084 
-8.87793 
0.977539 
-3.93848 
1.85938 
-5.13867 
-3.03516 
0.666016 
-6.39648 
5.1377 
-5.27539 
-0.116211 
7.11816 
0.858398 
5.59082 
3.53516 
5.11035 
8.67188 
6.44531 
1.8252 
-6.47363 
0.441406 
-5.00781 
1.80176 
-8.58203 
-5.20898 
3.61328 
1.65723 
5.15137 
7.11816 
-14.0 
1.13086 
3.16699 
-1.7627 
4.55078 
-3.03809 
-5.07129 
2.12695 
4.86621 
-3.87695 
-1.06543 
4.91211 
3.70117 
1.47461 
0.439453 
0.40918 
6.08789 
6.2627 
5.77832 
-0.452148 
-5.83301 
1.65527 
-9.96289 
3.67969 
0.892578 
7.03711 
1.30566 
-4.60059 
-2.50781 
2.62402 
-8.97461 
9.52832 
-7.69727 
-8.77637 
7.75586 
7.23828 
-12.7441 
-9.06055 
4.66406 
3.88184 
-1.78516 
-3.05273 
2.27246 
-6.11523 
-5.44043 
-5.3252 
3.15039 
5.0957 
3.72266 
-15.3438 
-0.0742188 
-3.19629 
-0.358398 
-4.45605 
-2.18262 
-6.44043 
3.97461 
-10.9629 
-11.4961 
-5.82031 
-8.16113 
0.958984 
-3.9375 
4.67188 
-12.3633 
-0.554688 
2.43652 
4.15039 
-2.38867 
4.55078 
0.383789 
-4.10352 
3.31738 
-8.35449 
-1.46191 
6.2959 
-6.19629 
-3.82031 
-9.77832 
4.1709 
-4.06738 
-13.2168 
-13.1543 
2.71387 
-0.844727 
-0.317383 
-10.6035 
5.20215 
-1.39258 
0.329102 
1.90234 
6.50586 
-1.84277 
2.66797 
0.366211 
7.03613 
2.90039 
4.02344 
-6.37402 
-5.22949 
3.06445 
-7.31934 
4.43457 
5.12012 
6.90527 
-5.51953 
-1.49902 
-2.4043 
-6.79688 
5.91699 
3.22852 
-13.7676 
-10.5928 
4.33594 
0.645508 
-2.67871 
-2.63477 
1.93652 
-6.41699 
-3.44727 
3.94629 
-2.75684 
0.373047 
-4.69434 
2.58594 
3.18164 
0.326172 
1.61426 
-6.31934 
6.47656 
-2.85352 
1.97168 
-4.90918 
-7.06836 
5.02441 
-5.56934 
-5.09766 
4.87598 
1.04785 
-0.413086 
-2.04883 
-8.19727 
6.52148 
0.621094 
3.53223 
-2.79004 
-8.82031 
2.86426 
6.0127 
5.72266 
-1.78516 
-1.56445 
-9.42969 
0.900391 
1.20605 
0.606445 
-7.02441 
8.42969 
4.42578 
-1.4248 
0.677734 
-0.139648 
-5.61328 
6.59668 
-3.83008 
1.92285 
3.22949 
-5.26465 
-6.5332 
1.9668 
-10.6924 
0.602539 
2.21582 
-1.20605 
4.56055 
-8.29199 
-5.93555 
0.496094 
-3.69043 
2.01563 
7.00098 
-7.09082 
1.67773 
3.27148 
6.43262 
-5.27148 
0.219727 
4.33691 
-11.5703 
1.31836 
-2.2959 
7.26465 
-0.737305 
-2.03809 
0.367188 
2.13574 
1.83789 
-0.323242 
-6.56348 
-8.29297 
6.00684 
-3.59766 
3.52246 
5.37402 
-0.138672 
3.64746 
-1.03906 
-4.89648 
-5.25293 
-2.12891 
5.30762 
1.2041 
-3.7832 
-1.83008 
5.59863 
-1.52441 
4.65039 
5.56836 
-6.3623 
4.18848 
1.85938 
-0.623047 
-11.6055 
2.05664 
-0.884766 
-0.635742 
-0.907227 
-2.17578 
-2.89551 
-0.537109 
1.71191 
1.45313 
4.52344 
6.04688 
3.03613 
2.58008 
-15.7568 
3.2002 
1.74902 
-4.66211 
2.53223 
-2.53418 
6.91211 
1.66797 
0.691406 
-5.44238 
0.916992 
-0.249023 
-8.1377 
3.74219 
-12.3535 
-0.802734 
4.91992 
4.45508 
-4.12012 
-4.4248 
-5.10547 
-3.99805 
5.64844 
4.99512 
-6.1543 
0.678711 
0.473633 
-1.3125 
5.91797 
-2.80566 
-5.33008 
-3.19434 
-0.850586 
3.92676 
-6.33984 
6.37793 
5.3291 
4.45605 
3.37402 
5.97266 
-5.33594 
-6.85156 
1.50098 
-2.73828 
2.62305 
-1.76855 
1.74609 
-3.71094 
-3.94238 
7.26172 
7.21191 
4.7207 
-1.6123 
7.51172 
5.80176 
-2.60449 
-0.109375 
-6.46973 
9.80371 
4.80762 
5.02148 
0.811523 
-14.7119 
6.3125 
-6.02832 
5.29199 
2.45313 
1.51465 
2.95117 
-8.85254 
8.12598 
-3.29785 
-2.29297 
-2.34863 
-7.43945 
-4.24609 
-8.67676 
-1.9082 
-0.478516 
4.76172 
4.87207 
-8.04004 
-9.3877 
0.964844 
-0.620117 
3.06641 
-5.07422 
-5.74707 
-1.38086 
-8.8877 
7.08594 
0.116211 
-4.25391 
1.22461 
-4.2998 
1.22168 
7.19824 
-5.24414 
3.7373 
-2.37402 
5.18652 
-4.23926 
1.12207 
-6.37598 
2.93652 
-2.45898 
2.62988 
5.81055 
2.26758 
-2.77344 
-8.41016 
4.60547 
-4.77832 
3.14746 
4.71777 
7.32227 
-2.87012 
-3.05762 
-3.07715 
-13.5273 
-9.41992 
-4.82813 
-2.31934 
3.84863 
-5.33691 
-0.651367 
2.6084 
9.22754 
-13.1348 
5.11523 
1.42285 
-2.44238 
-3.00879 
3.87402 
1.11426 
2.95703 
-4.80957 
4.25098 
-0.883789 
0.558594 
-7.64941 
-3.71582 
0.831055 
0.208984 
-5.77734 
-0.671875 
-0.432617 
-2.05371 
2.9668 
-0.975586 
2.48828 
-3.28418 
-3.65137 
4.27637 
0.459961 
1.74902 
-3.6709 
-14.791 
-1.17969 
-8.60156 
-6.08789 
-0.666016 
-2.33301 
-13.9365 
-11.4141 
-3.87598 
-9.78223 
-0.967773 
-13.9971 
-1.22461 
3.38184 
-5.94629 
0.300781 
-4.48926 
-1.4375 
-8.5498 
2.80762 
-5.57031 
-3.62793 
3.85059 
3.31543 
-1.5293 
-1.06152 
2.88184 
1.70801 
2.18066 
-2.58691 
0.260742 
4.42969 
6.40625 
-4.26855 
3.7373 
-11.4629 
-2.78418 
4.08984 
-7.18945 
2.03418 
-2.42969 
-11.876 
-5.50391 
5.88965 
-2.36426 
-1.5752 
3.60938 
3.27832 
-2.30957 
1.66016 
-5.95313 
-8.56348 
4.38086 
-7.4873 
3.74902 
2.64746 
4.18457 
-1.72852 
5.25098 
5.9834 
-1.45801 
4.98926 
0.839844 
-7.73047 
3.12207 
5.06055 
-5.71484 
-0.31543 
4.36621 
8.1416 
-3.4834 
3.63574 
5.62695 
2.02637 
-4.08496 
-0.210938 
-3.27246 
3.98145 
0.000976563 
-13.6309 
4.6875 
1.99121 
1.94238 
0.881836 
9.12695 
0.53125 
3.54492 
1.34473 
-6.24023 
4.54688 
6.16992 
6.83301 
-11.3369 
-12.7266 
6.5498 
-11.6396 
-4.70508 
-1.22266 
5.00586 
4.12305 
2.65723 
-5.58496 
-9.74316 
0.40625 
-6.8877 
-0.101563 
7.20996 
-5.09668 
0.930664 
-12.4863 
-9.50684 
-0.694336 
-4.5332 
-2.42383 
1.2832 
-13.0615 
2.61914 
0.611328 
4.63281 
-4.42871 
3.03027 
-7.16016 
4.74023 
1.36328 
5.98633 
5.79688 
1.93457 
0.620117 
2.31055 
-9.13574 
-1.5625 
-7.05762 
0.325195 
1.42676 
1.95215 
1.49805 
-0.216797 
-1.16602 
-12.3662 
2.46777 
-10.7432 
-0.863281 
-2.86621 
4.51953 
-13.8906 
0.294922 
-10.2471 
3.50586 
-6.15234 
5.67285 
2.46777 
2.11914 
-0.136719 
3.24512 
0.203125 
5.46875 
-7.29785 
-9.40039 
2.04297 
6.24316 
-3.50488 
4.3252 
-4.33789 
1.75098 
-9.68262 
6.7373 
3.08594 
-6.62695 
0.848633 
2.19141 
7.2041 
-2.95508 
-3.4707 
4.31836 
-4.99512 
-0.125 
-3.75879 
-10.2256 
-5.60938 
6.07617 
-9.70117 
-0.698242 
-9.84277 
1.78027 
3.78223 
4.8291 
-0.704102 
-2.27539 
-1.01758 
-4.86914 
7.4707 
2.71973 
-4.51855 
-6.13867 
3.23535 
-7.87695 
3.16797 
1.34766 
3.95898 
-1.53906 
3.31836 
-3.22656 
-4.25781 
-2.64551 
-10.834 
-10.5645 
5.68066 
-2.49023 
3.76563 
5.63477 
0.503906 
4.15723 
-9.8291 
-6.87012 
3.64258 
-3.69727 
4.16797 
-5.81543 
2.61328 
-6.19922 
-0.180664 
-9.18555 
-3.29883 
4.01465 
-2.54102 
2.21191 
-7.22949 
3.74707 
6.52832 
-0.0390625 
1.14355 
-8.3418 
-8.80176 
-10.5977 
-12.5459 
-3.55469 
-0.50293 
6.4209 
4.10059 
0.40332 
-3.36523 
6.6875 
4.4541 
-4.99121 
1.18457 
-2.48828 
8.97168 
1.71094 
-9.75488 
5.95801 
4.13965 
-6.26563 
4.60156 
-8.14648 
-0.503906 
-7.41797 
-2.64063 
-6.58301 
-1.75098 
1.41113 
3.66016 
-10.1611 
0.300781 
0.463867 
-3.11621 
0.822266 
-2.42969 
2.51758 
-1.07324 
-7.26758 
5.625 
-4.54199 
-3.53223 
3.78809 
-2.60645 
4.31445 
-6.57031 
3.19922 
2.82813 
1.12109 
1.81445 
-4.97559 
-12.1885 
5.26074 
4.36035 
-1.33887 
2.53809 
-5.72461 
2.81348 
-0.0390625 
3.80078 
-7.00684 
-10.0498 
3.32324 
1.91895 
4.30566 
-3.96875 
-2.61816 
-1.05957 
3.98535 
8.43066 
-1.79004 
0.994141 
2.95996 
7.17871 
3.84863 
-0.727539 
-2.18359 
-3.66699 
-2.13867 
4.0752 
2.46289 
-3.08887 
-13.25 
-0.0224609 
3.40234 
6.60449 
4.41016 
-6.0625 
-0.887695 
-1.10938 
5.02246 
-1.5166 
-12.2959 
1.23438 
-4.0791 
6.11914 
-8.90137 
4.82031 
-6.80762 
-0.472656 
-6.9541 
3.66895 
-3.5127 
6.97656 
3.95801 
1.38867 
1.63184 
-0.740234 
-1.78711 
-5.17773 
1.99023 
-2.73145 
-10.373 
0.282227 
-7.53223 
-6.96289 
3.88086 
1.46289 
-14.5127 
0.831055 
4.2793 
-1.10449 
1.83789 
3.4873 
-15.1748 
-3.97363 
3.15234 
5.46777 
-2.84375 
-13.752 
-0.182617 
3.35156 
-2.80566 
1.97461 
-0.578125 
-6.05957 
-3.69629 
5.01855 
-3.9668 
-1.375 
-1.61426 
0.890625 
-1.64746 
0.694336 
-6.00488 
5.85059 
-3.5127 
-9.69238 
-1.54688 
-13.9307 
0.0302734 
4.08691 
1.50098 
-1.37012 
1.33691 
4.55957 
-8.38867 
4.28027 
6.39941 
6.67871 
-2.30664 
7.69336 
-3.75293 
7.58594 
-1.66699 
1.26465 
-4.10059 
-15.2959 
-6.93457 
-0.879883 
-6.39258 
5.04004 
-6.66992 
-11.4131 
-4.19727 
1.0752 
-9.92676 
-5.58691 
-3.55762 
-10.3262 
4.2373 
-12.0918 
-7.34766 
-12.2676 
-7.43359 
3.64453 
3.40723 
2.7793 
-1.14355 
-0.610352 
-0.00195313 
0.927734 
-6.375 
-7.23438 
-2.37793 
2.48145 
-0.505859 
2.29492 
7.3418 
-5.07227 
0.418945 
-3.22754 
-5.62988 
-14.8105 
-8.50391 
6.43945 
-0.689453 
1.97461 
8.42285 
0.0517578 
-8.62598 
3.6875 
2.08203 
-11.7871 
-7.17285 
0.84082 
-0.155273 
-1.28125 
-4.86914 
-2.09082 
-4.67871 
2.38867 
-0.712891 
-12.9355 
-5.11035 
5.35938 
-12.6836 
3.96973 
1.05273 
0.921875 
4.31934 
1.9834 
0.677734 
-8.17871 
4.48047 
-5.96387 
4.18457 
-9.63379 
4.65918 
-5.3916 
6.53125 
5.21484 
-14.459 
1.42969 
-6.2998 
-9.81348 
-0.758789 
3.77734 
0.198242 
-5.5127 
-15.7686 
-0.71875 
2.74707 
-5.53125 
4.27734 
-3.20605 
2.37598 
2.89746 
4.21387 
1.52734 
-3.52539 
-12.1592 
3.87695 
-5.11035 
-1.48438 
-6.70215 
-9.08203 
5.83203 
-9.08691 
3.37402 
-6.16406 
-7.33105 
1.13477 
-7.47461 
0.734375 
4.75586 
2.41895 
0.733398 
-5.68945 
0.867188 
-9.27344 
-9.45117 
-1.5166 
-4.50977 
-3.2666 
-5.12402 
2.09375 
-5.88672 
-14.6836 
-4.34277 
2.19922 
-2.8457 
1.40625 
0.242188 
-12.4658 
6.45703 
-5.40332 
-5.93262 
-3.22461 
3.26465 
2.43945 
0.279297 
-9.29785 
6.74023 
0.920898 
0.991211 
0.459961 
-0.116211 
-4.89453 
-11.3564 
1.76172 
6.0332 
7.32422 
3.61523 
4.34473 
-9.96387 
-1.26758 
2.89551 
3.95313 
1.32031 
-6.4043 
2.72852 
0.162109 
5.58496 
-6.72168 
-1.58887 
-14.6963 
4.68457 
5.34277 
3.7373 
-2.94043 
-4.82324 
2.625 
-5.22656 
1.06641 
6.74023 
0.994141 
-13.7803 
1.20801 
-6.01367 
1.87793 
-2.50293 
-0.00683594 
3.21387 
3.95996 
-11.6758 
-13.29 
-1.18457 
3.95215 
4.66699 
3.26953 
-11.2734 
-2.21973 
-0.695313 
6.39746 
4.03027 
5.13672 
-6.59668 
-3.31152 
10.3936 
-5.79297 
2.54395 
0.318359 
-1.57617 
-0.955078 
-3.86523 
-7.0918 
2.42773 
-8.74805 
1.00684 
-0.558594 
2.29004 
-5.89746 
-7.63574 
-6.60156 
8.61426 
-5.5498 
-0.422852 
-0.285156 
1.68652 
2.81641 
-3.06055 
-3.51367 
-7.55078 
-0.196289 
5.21387 
-1.47754 
-6.56445 
1.8252 
-3.20898 
7.56152 
-8.62012 
-4.12988 
-1.30664 
-3.62207 
2.56738 
-1.18066 
-1.7793 
1.07227 
-3.30469 
-0.817383 
4.98926 
1.49805 
-6.58496 
-0.731445 
-0.27832 
1.63379 
3.98438 
2.74023 
2.56055 
-2.94434 
-1.10449 
3.30664 
3.7334 
7.37012 
1.75586 
-4.69727 
-13.9072 
4.24512 
-9.5918 
-10.2002 
-14.002 
2.70898 
-10.4541 
-0.0292969 
2.63281 
-8.7627 
5.83984 
-3.30176 
1.39355 
2.13867 
-2.75586 
6.375 
2.88867 
-10.0273 
-0.308594 
-6.72754 
0.632813 
3.02734 
6.40137 
0.385742 
-5.74707 
1.44531 
1.9082 
5.12695 
-4.25684 
5.22852 
0.296875 
1.10645 
5.4873 
4.57422 
-5.88281 
1.70898 
4.43359 
-4.1748 
-1.6875 
1.16699 
-2.87305 
-4.74805 
-10.7871 
2.89453 
-0.0361328 
6.18359 
7.31543 
0.769531 
5.10352 
0.299805 
2.41602 
3.45801 
5.11035 
3.00684 
-6.4375 
2.0957 
-12.8359 
6.75 
7.09082 
0.381836 
2.73242 
5.92188 
0.0791016 
3.47852 
1.35254 
-5.28125 
-4.2959 
-6.64258 
-8.01074 
-14.0576 
-11.5977 
-0.481445 
0.511719 
4.30078 
-12.3359 
3.64551 
-4.36914 
-12.248 
0.133789 
-9.13477 
-3.31641 
2.90039 
5.04297 
3.7373 
-6.06641 
-4.49512 
3.65234 
1.35742 
3.74316 
4.26074 
-3.4707 
2.74609 
4.79395 
1.46191 
-0.237305 
6.2002 
-1.01758 
-4.88574 
-2.49023 
-1.4209 
5.12207 
3.5791 
-5.67676 
-3.36914 
-2.29492 
2.9248 
-2.62695 
3.5791 
-5.30176 
4.72559 
-3.02246 
-8.84375 
2.54199 
-5.7627 
5.88574 
7.31934 
-13.1113 
-11.9033 
1.72559 
6.79785 
-4.29688 
4.2207 
-4.81738 
3.65918 
-1.93262 
-11.583 
1.45996 
-5.83887 
3.16699 
0.636719 
-2.74219 
4.80957 
3.57031 
-4.49512 
-5.62695 
1.39746 
-1.68848 
-8.44922 
-7.14453 
6.65234 
2.15137 
-9.75977 
-13.9512 
5.26172 
-4.90039 
-5.41602 
4.56738 
-1.07031 
0.954102 
0.208984 
-10.2559 
4.81348 
-8.91211 
-5.66016 
-0.676758 
6.16504 
6.43848 
-8.01563 
1.28418 
0.942383 
7.46777 
3.79297 
-1.24805 
0.702148 
5.60254 
3.11328 
2.69727 
2.29492 
-5.52832 
-4.64453 
-11.708 
7.85449 
6.61621 
1.44141 
3.4668 
1.86133 
1.69043 
-5.03125 
0.790039 
3.54492 
2.10645 
-3.81152 
-4.07715 
2.60645 
3.84375 
6.69043 
0.976563 
1.06543 
3.89453 
-4.91406 
2.56348 
-1.07227 
3.43457 
-1.38281 
5.81055 
-1.0332 
-8.78027 
-7.34375 
-9.53613 
0.251953 
-9.45508 
2.14453 
-14.0313 
4.36523 
2.89258 
2.99414 
3.00977 
1.91309 
-1.19141 
2.35547 
-10.7939 
-10.668 
-0.262695 
6.06543 
3.14844 
7.93262 
-4.61719 
1.13281 
4.68066 
-5.27539 
0.866211 
1.85742 
10.3438 
-8.53906 
3.74414 
2.75488 
-1.48828 
-5.60547 
9.15137 
5.24512 
-2.46387 
2.35254 
6.8418 
4.36523 
0.644531 
5.6084 
5.07813 
6.5498 
-6.79199 
1.19238 
6.97949 
-4.66992 
-2.71387 
5.23047 
5.79004 
1.89941 
0.860352 
-6.82129 
-2.78809 
4.86035 
-0.373047 
1.5 
4.41992 
-5.04785 
1.17188 
-6.94043 
3.54199 
1.77344 
5.3584 
7.11328 
-10.3389 
4.96387 
-13.0703 
3.35254 
-3.22852 
0.390625 
3.18848 
4.21875 
4.86719 
-7.68262 
5.0752 
1.82227 
0.0693359 
-2.38379 
3.56641 
-5.30078 
5.74609 
2.20605 
6.16113 
-9.55859 
7.58398 
0.146484 
1.40527 
-0.0400391 
4.60938 
-3.87891 
-5.66895 
3.98828 
-3.32422 
-5.82324 
-4.6748 
-7.19531 
0.432617 
2.79688 
-5.80176 
5.19336 
2.61133 
1.89941 
4.06543 
-2.9082 
6.41016 
7.07715 
8.31445 
-5.54395 
2.20703 
2.21191 
6.95117 
4.82617 
-7.69629 
5.44629 
2.10547 
-4.48047 
8.69824 
5.41211 
-3.44922 
-5.47949 
-0.0117188 
6.33105 
-11.2959 
4.11133 
-13.918 
-4.12402 
-7.09473 
-5.76465 
2.83105 
4.18066 
-4.83105 
3.29688 
0.169922 
1.26953 
-1.93359 
-1.36816 
4.21875 
3.87207 
5.60059 
1.98438 
-1.93066 
6.13477 
-0.53125 
6.6709 
-11.6035 
-0.313477 
-9.45801 
-4.21875 
2.01563 
1.46387 
5.26074 
2.6748 
3.5918 
-5.75684 
-10.5254 
0.59668 
0.375977 
-8.3291 
5.25977 
-1.53613 
-0.604492 
2.74609 
2.23926 
2.98438 
3.05762 
-3.98145 
-6.26758 
-13.6299 
3.66309 
-8.83594 
3.22461 
-6.50293 
-1.47656 
-0.27832 
-4.87793 
-0.0244141 
-7.40039 
-7.58984 
-7.42773 
-1.34668 
4.64551 
3.93555 
-6.26758 
5.625 
-3.79102 
-1.49121 
-6.03711 
2.56738 
2.93555 
-3.08691 
5.59668 
-2.51367 
-4.03027 
-0.904297 
4.69043 
0.8125 
-0.626953 
-3.47363 
-5.52148 
4.80664 
-4.70313 
-7.7041 
4.29785 
-5.04102 
-13.9189 
-14.1133 
5.10742 
-10.6074 
-1.64746 
0.248047 
-13.5615 
0.0634766 
3.78223 
0.681641 
4.63184 
-11.3555 
0.588867 
-14.7402 
5.24805 
3.78418 
6.76074 
7.22266 
-10.2881 
-0.780273 
-2.37598 
2.55762 
-0.364258 
-4.82324 
-6.30176 
-10.3105 
-4.52734 
4.39258 
-9.2627 
3.08594 
-7.66992 
-4.3418 
-1.21875 
6.54688 
2.21387 
3.4668 
5.54688 
-5.48438 
1.08105 
-5.31641 
2.43457 
4.08984 
2.83105 
1.24316 
-1.06152 
-0.415039 
0.325195 
-2.70117 
-7.98145 
3.79395 
-4.51367 
-8.47754 
0.960938 
-0.891602 
4.8418 
2.48047 
3.38574 
-8.04688 
1.68262 
-0.412109 
1.27637 
2.94531 
2.72266 
-11.4941 
-5.14648 
-0.871094 
7.07617 
8.00195 
-3.30273 
0.0595703 
0.0947266 
7.7627 
-5.38477 
-4.62695 
5.90332 
-12.0859 
-2.8623 
6.03516 
-8.41113 
-13.9336 
-6.625 
4.03809 
-0.669922 
-6.74414 
3.375 
2.92969 
-12.373 
-0.0390625 
5.0957 
-8.89941 
2.35938 
-5.85156 
5.83008 
-7.99902 
-8.92285 
-8.57227 
3.57422 
-10.1523 
8.23926 
4.23828 
-8.32031 
-14.6182 
2.91602 
-9.09375 
-1.58984 
5.28223 
-7.7168 
-2.01563 
-1.31738 
6.81445 
8.40625 
7.19043 
4.56152 
-1.79785 
2.83984 
-10.5469 
-0.50293 
0.800781 
-1.03223 
-5.9209 
7.85938 
-7.19531 
6.9043 
-4.83008 
6.70313 
5.25 
2.36426 
1.73633 
-0.444336 
-3.09668 
-8.44434 
-0.515625 
-9.90625 
-0.53418 
8.02344 
7.52148 
9.09082 
6.93848 
-0.983398 
4.0293 
-3.33691 
-3.55078 
3.81641 
-0.350586 
-1.64551 
4.41602 
2.38965 
1.73047 
5.5332 
4.54785 
2.36328 
-5.60254 
0.844727 
-9.5459 
1.80859 
1.68066 
3.26953 
4.94336 
1.86035 
-1.57227 
-0.31543 
-11.0166 
-12.6035 
-11.084 
-4.07422 
-1.72949 
-0.491211 
-2.14648 
2.4082 
-1.82129 
-9.36621 
1.87598 
-4.86523 
-2.38086 
5.88184 
1.31348 
-2.82715 
0.850586 
4.59277 
0.241211 
4.88281 
0.0 
4.1748 
3.37598 
1.29297 
-4.39648 
1.53125 
-0.699219 
-3.46777 
3.7998 
5.73535 
-4.13965 
4.77734 
2.18164 
-14.4512 
0.737305 
5.22852 
4.87891 
-10.167 
-1.22559 
-1.15723 
-4.7998 
4.46484 
-7.96289 
5.18652 
3.65527 
2.71094 
-7.35742 
-6.94922 
6.13379 
-3.88086 
-0.775391 
1.05664 
6.51172 
1.5791 
-8.9209 
3.2666 
-0.853516 
-7.40332 
-6.8125 
-5.44922 
6.44434 
-9.95215 
0.644531 
0.141602 
0.911133 
4.2168 
5.91797 
3.25195 
-1.09863 
-3.07227 
6.35938 
2.49316 
0.777344 
3.40918 
2.4873 
4.86719 
7.92383 
1.69336 
4.82129 
2.08984 
8.14648 
2.36035 
-6.39453 
-4.40234 
-8.25488 
-7.85742 
-7.73145 
-5.6377 
3.77051 
1.15039 
0.0351563 
-8.03223 
3.31738 
2.60156 
-12.501 
-11.125 
3.30957 
-0.75293 
2.38867 
-4.18066 
-7.89648 
-2.52246 
-2.18457 
1.76465 
-0.19043 
4.27637 
-3.9502 
-7.20117 
4.41211 
-4.14258 
2.88184 
7.29492 
2.06152 
-6.20508 
3.86523 
-6.6709 
-1.52539 
4.48926 
-4.47461 
-2.13379 
3.50781 
1.02051 
0.0390625 
5.87207 
-4.73633 
1.92188 
4.49023 
-5.96094 
1.2793 
6.82715 
-5.6875 
-6.70215 
4.5332 
-1.17676 
2.4248 
-3.83008 
2.67676 
4.16895 
0.572266 
-12.2637 
1.34082 
4.51465 
-1.58105 
4.25 
-1.94238 
2.90918 
5.11133 
-3.36523 
-4.43066 
3.55859 
-0.274414 
-4.25586 
-6.0 
0.810547 
-12.9971 
-4.09375 
5.1543 
-1.26465 
-0.0732422 
-3.88477 
6.44531 
-12.1318 
-2.5791 
0.798828 
5.05762 
-1.02441 
-2.41992 
1.58203 
0.499023 
-11.4707 
3.70117 
4.86816 
3.75879 
5.23438 
2.0752 
0.211914 
4.00391 
4.94531 
1.88379 
-9.0957 
9.01953 
2.67773 
0.102539 
2.10059 
0.0244141 
0.166016 
-4.77246 
-3.45605 
5.04297 
5.58887 
2.50293 
-0.302734 
-4.38086 
1.61523 
-4.58105 
5.92773 
-1.95703 
-1.55762 
4.60645 
-12.582 
2.44531 
-1.14258 
1.44824 
-13.6768 
-0.576172 
-1.44922 
-2.85059 
1.7334 
0.686523 
2.35352 
5.45898 
0.519531 
-3.30469 
-7.71387 
0.514648 
1.875 
-1.78027 
-5.16016 
6.86035 
-4.75293 
1.85059 
-13.626 
0.797852 
2.74121 
4.47754 
2.51074 
3.42969 
-1.10449 
-4.05762 
-2.35059 
1.48926 
4.62207 
1.9502 
-3.25781 
3.64258 
-8.79297 
-3.0791 
2.05273 
3.33203 
-14.0459 
-1.74512 
1.32422 
-8.52832 
-9.11426 
1.10547 
2.2207 
-11.8818 
0.0654297 
4.19922 
2.48438 
-7.35449 
3.16113 
0.0107422 
-3.95117 
1.70117 
8.02246 
3.7627 
4.24121 
5.05762 
-12.5059 
-2.08203 
1.60742 
-5.80176 
4.0166 
3.31836 
0.826172 
-1.48047 
0.516602 
3.89258 
-3.44434 
6.03027 
0.480469 
6.13184 
-0.766602 
-11.1006 
2.20605 
-14.165 
-1.38867 
3.35645 
1.96387 
4.70313 
-4.40137 
2.58887 
4.43066 
-6.8623 
0.0908203 
0.28125 
0.919922 
1.47949 
-4.97363 
2.36719 
-0.610352 
0.884766 
-4.6875 
4.4375 
3.2793 
4.87598 
3.17871 
5.24316 
-2.79688 
-2.77441 
4.08984 
-12.6436 
0.818359 
1.11328 
-6.01855 
-1.73047 
-10.0635 
3.07129 
-4.35938 
3.96191 
-9.54004 
-4.7666 
-8.43164 
9.20898 
-3.85938 
4.08496 
-7.83301 
-1.66406 
2.29883 
4.57813 
-0.889648 
1.64746 
2.39844 
2.00781 
0.175781 
-10.3145 
-6.90039 
-7.82422 
-5.70898 
-0.670898 
-10.4053 
2.01465 
-5.70313 
-3.07227 
-3.3418 
-8.79785 
5.62012 
-2.82422 
-0.905273 
4.13672 
-2.0791 
5.8291 
5.8252 
3.08301 
1.33496 
3.09473 
-14.543 
-10.9238 
-1.54492 
2.62695 
-8.29785 
-4.99512 
0.999023 
-2.17188 
-2.78125 
-7.54199 
-7.33984 
4.80176 
5.58105 
-5.07227 
0.760742 
2.11719 
-6.12402 
5.22363 
5.27246 
-9.67578 
-5.33301 
1.58984 
-4.29102 
-1.27734 
-10.0332 
-2.59473 
-8.13574 
-0.804688 
-2.24707 
-3.53906 
-5.46191 
0.991211 
-3.37109 
2.74219 
-0.0351563 
1.01758 
4.18555 
-2.31934 
0.435547 
0.757813 
5.3252 
1.15723 
3.30273 
1.16309 
8.7959 
0.237305 
-10.4531 
1.88281 
1.94141 
-1.75 
2.25293 
1.27344 
-3.9209 
-1.54199 
-8.68457 
-3.88574 
0.664063 
-9.7627 
-4.35254 
-4.72949 
4.94922 
1.29785 
7.05078 
3.12598 
-0.548828 
-0.0175781 
-7.9375 
3.10254 
-9.65332 
-10.0303 
3.62402 
2.16699 
2.2793 
-1.90137 
-4.95996 
-1.23438 
0.359375 
3.40039 
3.5498 
5.17383 
2.67676 
2.47266 
3.24609 
-10.1045 
-7.41602 
-0.603516 
4.28711 
-2.02051 
-0.394531 
-1.20996 
2.55664 
-5.22461 
-5.65137 
4.04102 
6.76074 
-2.77734 
-10.5176 
-8.88477 
3.16797 
0.947266 
3.34375 
2.99219 
-0.587891 
0.375 
6.3457 
-0.794922 
-6.13184 
-3.29102 
1.98926 
-6.30762 
-1.08789 
-11.9658 
2.86133 
-10.6426 
-6.2373 
1.33398 
1.54492 
-12.0176 
-2.97949 
-14.2021 
0.130859 
-2.50781 
-0.682617 
-4.21777 
-5.02539 
-12.9131 
-4.70215 
-2.4873 
5.08203 
-3.14941 
-5.22852 
4.99219 
0.583984 
-6.61035 
3.03711 
-6.03809 
5.04785 
-14.0439 
7.78809 
5.65918 
5.64063 
-5.4541 
0.389648 
2.79492 
0.34082 
3.72363 
3.10352 
-1.81543 
-6.42188 
-6.51855 
-0.933594 
2.26758 
-10.9834 
4.25293 
-1.3623 
4.8252 
-1.32715 
-8.11035 
-11.6602 
-3.35742 
5.47168 
6.04004 
2.05176 
0.177734 
-3.00195 
6.09961 
3.38867 
1.11816 
0.888672 
-10.9316 
4.66504 
2.84375 
-1.21484 
7.46387 
1.13574 
1.45117 
8.60254 
-13.5703 
4.43555 
-1.30859 
1.40234 
7.08691 
2.42383 
-7.58887 
1.17383 
2.77539 
-7.72852 
-2.70703 
1.95898 
3.47656 
8.00293 
-0.920898 
-0.435547 
-9.61035 
5.02539 
-5.31055 
-3.0498 
6.12891 
5.75391 
5.72754 
1.00781 
-8.4082 
4.65234 
-14.3604 
-4.10449 
2.04199 
-6.16016 
0.858398 
-6.11719 
4.58008 
4.72754 
7.26367 
-3.86426 
-4.13867 
-5.06055 
-4.68262 
5.4248 
7.30273 
-6.27344 
4.01465 
2.76855 
5.87695 
-8.62109 
-6.21875 
-12.7148 
5.78223 
-0.455078 
1.96973 
-1.74609 
-0.936523 
-12.8936 
3.67871 
-5.42773 
6.84277 
4.4707 
-12.8135 
6.93945 
3.18945 
-7.84082 
0.0527344 
5.88672 
6.91602 
-0.105469 
-5.54297 
5.06934 
7.37695 
-12.7109 
-0.767578 
2.87695 
-3.85254 
-5.18652 
-12.5537 
5.08691 
-2.0459 
-8.83105 
-4.38184 
7.03027 
-8.05566 
-5.20313 
-3.87695 
-5.7373 
6.9707 
5.45703 
-1.1709 
-0.383789 
-14.2383 
-3.96582 
1.03711 
-8.59863 
6.62207 
-2.12305 
-2.38184 
5.33301 
6.96191 
4.44336 
-10.1572 
-1.4502 
2.95703 
0.84375 
-2.41211 
-11.1035 
-1.19824 
-3.80957 
3.98047 
-5.05371 
-2.87207 
0.474609 
3.04004 
0.505859 
6.42676 
-4.71289 
-8.43945 
-8.39063 
6.30762 
-0.68457 
4.52539 
-0.208984 
-1.3291 
-0.0869141 
-6.38086 
-0.933594 
-5.6709 
-6.69629 
4.63477 
-5.68945 
0.0527344 
3.41992 
4.4668 
-12.3018 
5.54688 
1.76953 
-0.24707 
2.11719 
1.59277 
-0.75 
3.39063 
-6.64355 
8.48145 
3.54785 
-2.87988 
3.1875 
1.45117 
6.39063 
-6.87012 
-8.82715 
-9.98633 
-0.179688 
0.912109 
-3.92578 
-10.8389 
-5.64063 
-7.85938 
-2.2666 
0.849609 
0.442383 
1.52832 
-0.87793 
5.92676 
-12.8701 
4.50781 
-4.04297 
0.858398 
1.15137 
-11.4199 
-6.59668 
3.15039 
-11.4551 
0.783203 
-4.87305 
-9.55469 
-2.49316 
-1.4209 
6.91699 
2.66602 
5.24414 
2.30664 
3.20996 
-1.6748 
-0.296875 
-14.3906 
7.13086 
2.40039 
-2.4082 
-7.64746 
8.79199 
3.44727 
6.89355 
1.97363 
3.33105 
4.05664 
3.26855 
3.91504 
1.94727 
6.76953 
5.58301 
-10.5049 
-4.56543 
1.83691 
-3.95313 
-9.23438 
-11.4219 
7.85156 
-8.53613 
1.55371 
-1.86523 
6.80371 
7.22656 
2.01855 
-1.17383 
-9.4873 
5.07715 
4.22461 
3.20605 
1.58594 
-5.72754 
-2.13281 
2.30371 
-1.29199 
1.84863 
-7.69141 
-0.3125 
1.1416 
-4.83301 
-7.5752 
-10.793 
-2.42773 
-12.2549 
0.204102 
-6.99512 
5.27832 
3.7373 
-5.82031 
5.43457 
3.25488 
-2.77246 
3.00098 
-8.77051 
-9.48242 
-1.60059 
0.34375 
-9.66895 
3.70996 
-0.0439453 
2.56836 
5.83691 
0.207031 
6.79785 
3.14844 
-5.41309 
7.44727 
3.53711 
-7.56348 
0.958984 
2.29492 
6.82129 
-2.54688 
0.233398 
-6.60059 
-3.40332 
-6.03711 
5.61719 
-5.99316 
-3.75879 
0.637695 
2.98535 
-9.83691 
0.208984 
-4.58691 
-0.882813 
6.01855 
-1.43945 
-9.98535 
0.892578 
7.50781 
6.57129 
5.10156 
-1.2959 
-4.24121 
7.90527 
3.76074 
6.43848 
5.42773 
-9.60449 
-2.57617 
-7.47168 
2.08789 
-5.45117 
0.196289 
-4.35156 
7.15527 
-0.40332 
-5.61523 
-7.68262 
1.31348 
-5.40234 
1.95508 
-7.86133 
-4.18652 
3.11816 
-3.30176 
1.76953 
-0.0332031 
1.25879 
2.06738 
4.38574 
3.87793 
7.70313 
3.30371 
3.2627 
2.03027 
4.2207 
0.410156 
5.07422 
0.910156 
-1.47461 
-14.8955 
-1.41699 
1.7998 
6.07129 
-0.875 
-0.295898 
2.74121 
-5.3916 
-5.24805 
0.206055 
2.38086 
-2.3252 
-10.2314 
-10.4844 
-1.68945 
-9.76465 
-2.64746 
7.27734 
-11.8574 
-3.65918 
-0.951172 
3.3291 
3.55273 
-0.219727 
3.54395 
4.53418 
6.15527 
5.0459 
4.96777 
2.5791 
-3.77832 
-1.16406 
-7.19043 
-7.49512 
5.31152 
-5.1543 
5.05469 
1.2334 
3.41504 
-8.1875 
4.1709 
4.89551 
-6.92969 
-2.52051 
-6.59082 
3.09863 
-2.2998 
5.68262 
-3.41406 
5.20898 
-0.595703 
7.56055 
-14.167 
-4.3252 
-2.03027 
6.17578 
-6.05664 
-2.51465 
0.243164 
-1.68945 
-5.25 
-2.77539 
-1.14746 
-4.22461 
-3.46484 
3.57715 
-2.60059 
1.71094 
-2.05957 
-6.1377 
0.742188 
-9.83496 
-0.544922 
0.120117 
-6.68945 
-3.65332 
-3.73047 
-0.483398 
-6.7334 
-0.280273 
-10.0107 
-0.257813 
4.67969 
2.93945 
-12.2979 
5.75098 
-6.26074 
-14.0342 
-1.66602 
0.630859 
8.88281 
2.05469 
-4.79004 
4.08398 
5.7998 
4.74316 
5.23535 
-4.11621 
-3.71484 
-0.124023 
-10.752 
-4.15625 
4.87207 
-13.6162 
-4.41113 
-6.78223 
4.67578 
1.68555 
6.37891 
5.79883 
-7.24707 
-3.05566 
3.23145 
0.40918 
-2.97656 
-0.432617 
-1.51465 
0.233398 
-2.50195 
-0.525391 
-0.456055 
5.48633 
-11.0059 
-6.70996 
2.68262 
-2.31445 
-4.6875 
-3.86523 
-8.82813 
1.2959 
6.33496 
3.43066 
-8.70996 
4.12109 
0.871094 
4.55957 
-0.363281 
-2.2998 
-3.09863 
1.74707 
3.5791 
5.20508 
-2.84375 
-4.4082 
5.85156 
-7.30566 
-0.832031 
6.73926 
-4.18652 
-5.3877 
-7.53516 
-7.32031 
2.01367 
-3.74805 
-2.38965 
4.4668 
3.45117 
-1.24805 
-4.85156 
4.61523 
6.09863 
-10.1738 
5.50391 
-0.998047 
-3.21582 
0.713867 
-12.4141 
-8.90137 
-8.10547 
6.05762 
-4.16602 
-0.373047 
6.58008 
6.19434 
-4.375 
-0.579102 
-3.64746 
5.79785 
-1.26855 
-6.34668 
0.390625 
2.65527 
-5.66602 
-1.75098 
-1.31934 
1.69141 
-10.7275 
1.29785 
-9.61133 
-3.07227 
-10.7725 
2.61035 
3.41406 
-6.42383 
8.17383 
2.58105 
-4.09766 
0.00292969 
4.37988 
4.57617 
4.54688 
-1.25 
3.38086 
-6.98535 
5.18164 
1.71582 
4.89551 
0.141602 
0.0996094 
4.37891 
6.96094 
-4.22754 
-5.9834 
-9.10254 
0.469727 
-3.81738 
-0.0898438 
-6.12012 
2.28418 
3.34082 
6.99219 
4.22363 
-1.56641 
4.47168 
-3.03516 
3.92578 
-5.75684 
2.7373 
2.30273 
-1.14355 
3.77344 
4.60938 
1.99219 
5.95313 
0.743164 
2.57813 
6.75586 
3.17285 
-1.67871 
4.5 
-7.13672 
-6.29004 
1.58789 
5.16309 
2.90918 
-1.13867 
6.15723 
-7.69922 
-2.18652 
4.99902 
2.31152 
6.34473 
-4.50977 
7.47852 
-11.7666 
-7.5293 
4.76172 
-7.1416 
3.48438 
4.58203 
-3.84668 
3.22656 
0.988281 
2.95996 
-5.78906 
4.62109 
3.40039 
-7.50195 
3.96484 
-8.56152 
3.93262 
2.94434 
-14.1162 
1.01855 
1.79102 
-7.12012 
-0.775391 
1.6748 
2.70313 
5.87695 
-4.34668 
5.41406 
3.92773 
5.86719 
-6.56055 
4.70898 
7.54395 
7.52832 
-8.70313 
0.135742 
5.57715 
-0.557617 
4.64258 
-2.77051 
-7.2373 
-7.39844 
-1.41309 
1.03027 
4.47168 
-11.8076 
-7.23633 
1.6748 
-6.66309 
-8.31836 
-6.17871 
6.12402 
3.06152 
-0.442383 
1.56738 
0.117188 
-1.45508 
6.31055 
3.30469 
0.825195 
-6.98633 
-13.3398 
-3.03711 
-4.65723 
0.399414 
-3.49512 
2.08984 
-0.285156 
1.53125 
2.28125 
-7.2627 
4.03906 
6.72559 
3.57813 
-5.30176 
2.93066 
-9.73145 
3.19629 
3.83203 
-10.2793 
3.75781 
-8.79688 
3.88574 
2.53516 
4.52637 
-4.31738 
7.47461 
0.0996094 
2.06152 
-8.30273 
-10.3945 
-7.9668 
3.57031 
1.11133 
-12.8984 
6.66406 
2.97852 
4.39551 
3.31348 
1.3916 
-11.373 
-0.21875 
2.59863 
-3.45313 
0.97168 
3.46973 
0.902344 
1.4873 
-3.98145 
-11.8047 
-10.8057 
-0.944336 
7.37598 
-0.238281 
4.90234 
3.4668 
6.74414 
-7.64941 
2.23438 
3.74609 
-0.195313 
3.34766 
-0.22168 
2.87598 
-6.78418 
-0.870117 
-10.7773 
-0.664063 
-0.166016 
-6.02051 
3.83105 
-8.61621 
1.41699 
-6.98828 
2.51367 
1.23926 
-2.56055 
-2.55566 
3.18945 
-8.31348 
6.25293 
4.04297 
-5.35254 
5.34668 
5.74414 
3.26172 
0.0625 
-1.29785 
-11.1084 
3.80371 
4.35449 
0.591797 
-2.12109 
-4.38379 
2.04688 
-14.5098 
2.03125 
3.42285 
-0.75293 
2.3584 
-5.03125 
-1.66211 
4.16309 
-7.28809 
4.73438 
-5.69531 
-3.16895 
-0.782227 
-9.30859 
3.74316 
8.64941 
-3.12695 
3.91895 
1.89258 
8.88574 
-0.0654297 
0.547852 
-9.80469 
-8.05176 
-2.87402 
-1.37109 
-4.83301 
2.43262 
1.89746 
-4.46191 
-2.43945 
2.43164 
7.8584 
1.24902 
6.40332 
3.68555 
-1.2334 
-3.02734 
-2.93262 
6.3291 
-10.6719 
3.70996 
3.43359 
6.23047 
2.19824 
-6.78613 
-4.80566 
-8.8252 
8.08008 
-3.99609 
5.99219 
5.0127 
3.18945 
5.99902 
0.580078 
5.09668 
-8.0752 
2.56738 
-5.12012 
1.16113 
-0.918945 
4.70508 
1.98047 
1.42871 
-2.84082 
-4.69434 
-7.3877 
2.61816 
-13.8945 
3.24316 
-5.70703 
4.71387 
3.07129 
-12.4688 
-11.0117 
5.17773 
4.03809 
-0.31543 
-3.22168 
-1.875 
-0.115234 
3.69434 
6.60938 
4.08203 
1.14941 
0.12207 
5.05859 
3.06055 
-2.94531 
0.882813 
-0.199219 
4.5 
-1.02441 
-12.9775 
-3.88379 
-5.57422 
-11.9795 
-8.95996 
6.17676 
-4.92969 
-8.08789 
5.82617 
-13.4932 
-4.86523 
4.87207 
-0.925781 
3.38867 
-5.65332 
-3.76367 
1.66602 
2.04688 
5.60938 
4.01758 
-7.60742 
1.04492 
-8.5127 
4.43359 
-5.11523 
5.38281 
-4.4707 
-6.82324 
-10.0039 
-6.74609 
-5.92188 
-3.68945 
4.5752 
7.05762 
3.5166 
-0.381836 
1.7207 
-0.580078 
-2.12305 
-0.860352 
-2.79883 
0.387695 
-6.78613 
2.91113 
-10.2139 
-12.5615 
6.13184 
-0.384766 
-0.336914 
0.817383 
-7.57617 
-9.99902 
4.76758 
5.28809 
6.58594 
5.00781 
-1.37598 
2.25781 
-11.6201 
1.43164 
1.26758 
1.83691 
-0.600586 
-0.0507813 
-7.78711 
-9.32031 
0.118164 
2.41895 
-3.05859 
1.86328 
3.07813 
-7.42773 
-7.76074 
5.71289 
6.34766 
5.41992 
-4.72559 
-6.37598 
1.98926 
-2.17969 
5.4707 
5.93848 
-0.149414 
-10.8809 
-8.44727 
2.54395 
4.50391 
5.62402 
2.9082 
-3.5166 
0.53418 
-6.62891 
-6.93359 
4.83789 
-1.77637 
3.0127 
5.43457 
1.93945 
-6.71094 
7.36523 
-4.24707 
5.94238 
-13.5459 
-15.3242 
4.87207 
7.45703 
-2.0332 
-9.39453 
-8.52344 
0.404297 
-2.3457 
-12.7881 
-6.98633 
-3.12598 
7.10645 
4.13574 
2.0127 
0.0546875 
-10.2656 
5.54395 
4.78223 
8.06445 
-11.2793 
2.08008 
2.75391 
-7.97852 
-8.27734 
-8.66602 
-2.54883 
6.18164 
2.57129 
-10.1592 
-0.523438 
-5.79199 
0.799805 
-2.91211 
-0.643555 
4.45703 
0.704102 
0.197266 
2.93848 
3.48145 
-7.45703 
0.6875 
-2.95703 
-13.251 
-0.758789 
-1.16602 
-11.4639 
-3.19531 
3.61719 
4.91992 
-4.22949 
6.12012 
3.74121 
5.81348 
2.03613 
-1.41113 
-2.0752 
4.26953 
2.55176 
-2.84961 
-13.1943 
-5.43262 
-9.00098 
1.87695 
-0.612305 
-1.45801 
7.63965 
7.48145 
6.2207 
0.146484 
-8.14063 
3.18359 
3.52734 
-9.76563 
2.48438 
-3.87109 
6.86035 
-2.33301 
5.20117 
-9.14551 
8.77637 
2.55273 
-15.4092 
1.59473 
-2.06934 
-3.02539 
-5.08301 
-11.6621 
-13.6338 
4.16992 
-10.3809 
-11.8945 
7.01953 
2.4873 
0.879883 
4.18945 
-7.8584 
6.39648 
4.03516 
0.869141 
8.37891 
2.82715 
-3.16895 
7.28223 
-10.7607 
6.58789 
-0.243164 
-8.0 
-1.18848 
2.57129 
1.58984 
-0.847656 
-3.61816 
-0.301758 
7.37695 
-10.7344 
2.39941 
-11.4141 
-0.171875 
-2.24805 
0.00585938 
7.80371 
-8.0332 
0.800781 
2.50977 
1.5459 
-2.31738 
-0.172852 
-12.9346 
4.33594 
5.74902 
4.6748 
0.0361328 
-0.0546875 
-4.46777 
-11.6504 
5.73242 
4.50977 
-0.813477 
5.10645 
-0.560547 
-1.37012 
-5.78516 
6.60449 
-1.38379 
-1.17285 
-0.774414 
1.99902 
1.29004 
-0.948242 
-8.52637 
1.32324 
4.75977 
-8.45117 
7.2207 
-10.5039 
-1.75586 
4.16016 
8.00098 
-9.87402 
5.27148 
1.34082 
-9.5459 
-4.85156 
-6.52637 
3.18359 
-2.61426 
5.29492 
-4.83789 
7.19531 
7.7334 
-9.11426 
2.99512 
4.89355 
3.72266 
8.56543 
4.22754 
0.291016 
-9.94629 
3.22656 
-2.25 
2.45801 
-10.5713 
6.13086 
-2.62012 
-8.20313 
-4.03516 
0.249023 
-1.53125 
2.66699 
-3.43066 
4.9043 
8.67285 
-6.40723 
-8.22168 
-0.0625 
2.14844 
3.7373 
-0.0595703 
6.94336 
-6.63965 
-2.02441 
0.480469 
0.59082 
-7.50195 
7.37988 
2.75781 
1.94629 
-0.314453 
-6.87891 
7.12598 
-7.6709 
2.42383 
0.827148 
-0.619141 
-13.2559 
1.42285 
-3.69629 
4.74805 
5.71582 
4.38086 
0.185547 
3.78418 
-7.60645 
-5.65039 
-11.2725 
-2.61523 
4.82813 
-2.37598 
6.91016 
3.31543 
-2.3418 
2.5127 
5.42773 
-5.74121 
3.41113 
5.04395 
2.42285 
-6.79785 
0.716797 
4.96289 
3.21094 
0.617188 
-5.67969 
-5.1123 
-10.3818 
-3.93262 
2.61133 
-1.71582 
2.36719 
6.22559 
3.67578 
-4.38086 
2.76758 
-8.16211 
0.728516 
1.53906 
-3.59082 
2.99707 
4.80957 
0.682617 
-0.869141 
6.0752 
5.27051 
4.21777 
3.35449 
-14.0293 
-0.314453 
3.16992 
1.16992 
7.07324 
2.41504 
4.31445 
6.83203 
0.235352 
-0.978516 
-7.9502 
-3.69238 
4.82617 
3.70605 
-2.80664 
-3.73926 
-3.30957 
6.44531 
-11.041 
6.59277 
0.701172 
6.88965 
0.871094 
7.87598 
2.05078 
1.22559 
1.07422 
2.35352 
1.39453 
-2.63477 
-11.0244 
-0.938477 
-10.4834 
-0.8125 
-0.949219 
-0.771484 
0.255859 
-3.59961 
5.57227 
4.3457 
3.37402 
-3.76074 
-7.30859 
6.72266 
1.10742 
-3.28906 
-4.11133 
1.74512 
2.25586 
8.8418 
1.16797 
-2.69141 
3.84277 
-9.53418 
4.49219 
-7.28418 
-0.544922 
-8.0791 
3.84863 
4.50879 
0.125 
-5.10254 
7.43652 
-0.144531 
-5.55371 
7.28613 
1.73828 
-3.63281 
-3.15918 
5.44043 
-10.626 
5.2207 
3.98633 
-3.78711 
-8.5752 
7.98145 
-13.8574 
-14.1094 
-0.287109 
0.275391 
3.32324 
4.37695 
3.32227 
0.533203 
5.9209 
2.0957 
-5.97168 
3.34082 
4.9502 
-9.49512 
6.27246 
3.20703 
1.46191 
0.458008 
-3.12207 
1.54297 
2.79004 
6.7627 
0.0585938 
3.34277 
-2.81152 
-2.24121 
-11.5049 
-12.1875 
2.45801 
-4.92383 
-15.1328 
3.12793 
-6.78125 
-10.0186 
2.11816 
-10.6025 
-2.75 
2.64063 
-4.66113 
-1.52441 
5.11035 
3.46387 
-0.905273 
-5.51367 
2.53906 
-1.37109 
6.39746 
1.41699 
-3.17578 
-2.5957 
-3.38184 
-12.2402 
1.79004 
4.56836 
-0.540039 
5.12109 
3.28613 
5.94922 
-10.3848 
-1.6582 
6.46973 
1.93652 
4.25488 
-6.14453 
-11.5391 
2.41895 
-10.5313 
-7.57422 
6.44238 
-3.90332 
2.95508 
-1.9375 
-8.40918 
4.35645 
-1.33984 
3.91113 
0.40332 
1.14258 
-3.67871 
-11.4189 
-1.3916 
2.14941 
-0.567383 
1.30469 
-1.01074 
-5.08789 
-7.75293 
0.50293 
-1.13086 
-8.97168 
5.31445 
-2.34766 
-1.18652 
-2.23633 
0.712891 
-2.48926 
4.95605 
0.186523 
-8.60547 
0.980469 
4.96582 
-6.56348 
-13.5762 
6.68066 
-4.28711 
-5.11621 
0.454102 
2.70117 
1.55566 
-5.95117 
-2.47852 
-2.08789 
-6.26855 
7.54004 
4.2002 
0.486328 
-3.62988 
-0.90332 
3.22656 
5.33984 
0.791016 
10.0098 
4.32324 
8.42871 
-5.29492 
-2.48633 
-5.86816 
4.73926 
-8.89551 
-8.39941 
-0.605469 
-2.99023 
0.730469 
-6.73242 
-0.154297 
-2.01855 
-9.39453 
5.28027 
2.4209 
-10.8525 
-0.387695 
-5.19238 
-4.67676 
5.8418 
4.79102 
-11.7539 
-11.4951 
-6.84766 
-4.28809 
-3.32617 
-7.74316 
-9.49219 
4.49023 
5.19531 
-5.26855 
-0.821289 
-5.97656 
-3.06836 
-7.74023 
6.10547 
-5.08496 
-1.50293 
0.836914 
3.40332 
4.49902 
-5.78906 
-2.91797 
-7.54785 
3.98242 
4.1875 
2.09375 
-10.9971 
5.70703 
-1.33203 
5.69629 
-5.10156 
5.16602 
3.19238 
1.32715 
1.59668 
-9.9541 
-1.58398 
-4.55664 
-4.63867 
-8.36328 
5.75391 
-1.72949 
-4.92188 
3.08008 
-1.90039 
1.29004 
1.21094 
-3.27441 
-4.37598 
3.53027 
6.3584 
3.17188 
-3.42383 
-5.37109 
9.36719 
4.76465 
-2.20898 
-3.79102 
-10.3115 
-7.50586 
5.73828 
1.17773 
-9.3877 
-3.33398 
2.32129 
-1.04688 
-6.23535 
-1.43066 
7.16406 
-1.84863 
2.20898 
-1.49902 
-11.8994 
1.58984 
-0.78418 
0.96875 
2.26855 
0.347656 
6.66211 
-0.776367 
0.548828 
1.12402 
5.54004 
2.9668 
-0.111328 
-9.50977 
4.13086 
-7.10938 
-1.05566 
-0.135742 
-3.32324 
-0.950195 
-0.628906 
2.40332 
-0.150391 
5.7793 
-4.08691 
-6.49805 
-0.641602 
-4.44922 
-4.73633 
5.03613 
-3.04883 
0.28418 
4.89258 
2.11816 
-3.81348 
-2.43359 
7.02246 
-0.333984 
-4.54688 
1.74805 
-1.84766 
-1.95313 
2.53516 
-9.7168 
2.25879 
1.4873 
-8.66406 
6.05762 
-6.53613 
1.91504 
6.20801 
2.87695 
-5.7002 
-0.244141 
2.42969 
6.02246 
4.76172 
5.74609 
3.2627 
-11.6719 
9.11328 
0.899414 
-9.62012 
-5.52637 
2.39063 
-8.51172 
-3.37207 
4.2334 
-4.54785 
-8.34375 
5.90625 
0.96875 
-3.80273 
-11.1621 
-1.0625 
0.182617 
2.7002 
-2.22949 
0.967773 
1.76758 
1.45605 
-5.12402 
2.00391 
-6.85645 
-0.118164 
-12.6689 
-3.57617 
-10.5293 
2.2207 
-14.5586 
4.00293 
0.709961 
-2.98242 
-3.20996 
-2.53809 
3.12891 
7.4375 
-3.35254 
1.0957 
5.7832 
6.5332 
0.762695 
-11.5879 
3.07324 
-5.1084 
4.64258 
4.17871 
-3.13672 
-4.87891 
2.95117 
-6.98633 
5.6582 
6.64648 
-1.20508 
-0.716797 
4.59766 
-11.1104 
-2.61914 
9.53711 
-5.80957 
5.42285 
-5.32422 
-4.37012 
0.97168 
-3.5127 
-2.45898 
-2.43457 
-8.87207 
-8.17969 
1.63281 
-2.20703 
1.04102 
2.94336 
-1.78125 
-2.79102 
2.76855 
3.95117 
-8.10449 
-1.74609 
1.73047 
8.79297 
0.974609 
-0.200195 
4.59863 
-2.37207 
-2.69141 
2.89941 
-4.67773 
-0.677734 
-3.32129 
-2.94629 
-3.82031 
-6.34375 
3.42578 
-0.951172 
-1.38086 
3.38184 
4.53613 
-7.50488 
3.32324 
1.08594 
-3.86133 
-2.96973 
-1.02832 
-5.5166 
4.47559 
-10.5137 
1.79883 
2.13184 
0.65625 
7.15234 
-9.16113 
6.12305 
-10.1885 
9.2168 
-2.50293 
2.25781 
3.94141 
-0.0224609 
-2.28516 
-6.55176 
1.82129 
2.87695 
-5.02441 
4.58105 
-3.86816 
-0.598633 
2.24121 
-12.1982 
-7.24023 
-5.33301 
0.605469 
-6.95801 
-0.264648 
6.92188 
-1.29102 
-15.0225 
-7.08496 
-4.0918 
-1.05762 
5.86719 
1.64746 
0.416016 
0.93457 
2.19141 
1.5752 
2.49707 
-12.6689 
1.79004 
0.285156 
-6.47266 
-2.24707 
5.26855 
1.85352 
1.45605 
2.56348 
6.94922 
3.45898 
6.49219 
-3.37305 
1.4082 
-7.17871 
-7.18555 
1.86621 
-4.72266 
-8.80566 
3.93164 
-7.06934 
0.423828 
1.34277 
3.94824 
-10.5488 
7.15234 
-9.29785 
1.50586 
-5.16406 
-4.64648 
5.99414 
8.94922 
-1.35449 
2.01465 
7.5498 
5.53125 
5.37988 
-13.4482 
-2.43262 
0.0615234 
-13.749 
7.65234 
-2.39941 
-2.93945 
3.95703 
-0.104492 
-5.40527 
-6.18555 
-8.24805 
7.02832 
1.86426 
4.5459 
3.48535 
3.86426 
4.59766 
0.0839844 
3.39648 
-5.97559 
-7.08105 
4.60547 
-2.76563 
5.49023 
3.45313 
-3.05859 
0.692383 
-2.28027 
-7.62207 
-5.0918 
0.422852 
-1.66699 
-0.453125 
3.97266 
-3.87012 
-3.88184 
3.85449 
6.00098 
7.30371 
5.16016 
-6.3623 
2.57324 
-0.0859375 
-3.25391 
2.13574 
2.41406 
-0.318359 
-3.58105 
-5.51172 
0.175781 
-8.33008 
-5.85547 
1.53711 
1.37402 
0.84375 
-2.04199 
-1.64355 
-4.7041 
-2.55566 
-5.30273 
4.82715 
3.3457 
0.545898 
-0.974609 
6.52148 
-8.85742 
6.43848 
-5.91113 
1.48438 
-1.19434 
0.155273 
7.11914 
-3.37793 
6.57324 
-3.35547 
2.40527 
-0.22168 
-4.0625 
-6.9043 
2.27051 
7.49512 
-0.530273 
-9.39844 
4.4834 
-0.0292969 
4.1543 
-7.40625 
-1.74707 
4.69141 
1.90332 
-5.90137 
-7.66895 
-7.81934 
-8.04785 
-4.21289 
-0.600586 
0.706055 
2.36426 
4.13574 
-1.02246 
6.97363 
3.31348 
-4.70508 
-1.94727 
-3.43555 
-7.81445 
0.292969 
3.40625 
-3.00977 
-6.0752 
-0.349609 
-5.7041 
-9.14844 
0.265625 
-3.44238 
-1.08008 
-1.66602 
1.29688 
1.18457 
1.16992 
-0.469727 
0.12793 
1.10645 
1.81348 
-9.7373 
-5.625 
-0.629883 
7.17383 
0.448242 
-14.21 
4.10547 
-8.19727 
-5.59082 
6.13867 
7.09766 
6.69238 
-0.664063 
4.86426 
2.62891 
-4.4375 
5.2168 
-5.30957 
2.95996 
4.33398 
-0.898438 
1.21582 
-3.07324 
4.80664 
0.308594 
-4.75586 
-6.70215 
2.21973 
-4.17871 
6.20215 
2.62598 
-3.41016 
4.93359 
-3.40234 
4.9541 
-3.71777 
7.46094 
1.66016 
1.14551 
0.644531 
1.46875 
-12.7334 
-0.753906 
5.19238 
-0.197266 
-2.81641 
4.12402 
0.849609 
-2.77344 
-5.8418 
1.78613 
-2.35156 
3.39844 
5.3418 
-0.947266 
-5.74023 
2.78027 
-1.39746 
-11.4951 
-0.28418 
-11.5518 
3.64063 
2.93457 
1.63867 
4.39453 
-10.6143 
5.58789 
4.49121 
0.566406 
3.95801 
5.73242 
6.83984 
6.72852 
7.88574 
6.83398 
1.15039 
6.0752 
3.61719 
6.31836 
-4.24512 
-2.43555 
-7.22363 
2.16602 
2.59277 
3.22559 
1.74414 
-6.12109 
-0.353516 
2.09082 
-13.0352 
-3.31934 
-2.95605 
6.04102 
-10.6729 
7.92969 
-4.4502 
1.59668 
-5.15723 
-9.31348 
-3.80859 
-7.98926 
-7.64941 
-1.86621 
2.21289 
1.93457 
-9.17383 
7.21094 
1.04102 
-11.5039 
3.24219 
4.4043 
2.27148 
3.4082 
5.19629 
-0.0800781 
-11.2676 
-2.41699 
-8.9834 
-11.6016 
0.545898 
-9.46875 
4.47559 
-2.00586 
-1.62109 
-13.7305 
-1.66992 
-11.4717 
3.49902 
5.58301 
-4.42773 
-0.242188 
1.35059 
3.0791 
7.58496 
-6.75781 
5.05078 
6.06348 
-1.79883 
4.39648 
3.49121 
-2.88965 
0.296875 
0.685547 
1.20508 
3.74609 
6.35449 
-10.2002 
-0.34668 
1.8916 
0.818359 
3.80859 
-7.99023 
-2.88672 
0.844727 
5.44043 
4.50879 
3.79492 
0.0341797 
-0.625 
-14.6201 
-4.0166 
1.07129 
2.11816 
4.70898 
0.967773 
-2.80078 
-7.6543 
8.00879 
4.22949 
6.11621 
1.13086 
3.36328 
-7.68359 
3.49805 
-2.69336 
2.26758 
-2.38672 
7.34961 
4.77637 
0.21875 
6.0127 
-2.10352 
-5.46387 
-0.719727 
2.74121 
-1.00488 
9.31445 
-1.93652 
0.0507813 
4.26855 
-11.4482 
-8.45605 
3.74805 
-3.5791 
-2.55176 
5.10547 
1.53125 
2.20117 
0.90625 
4.60352 
-2.53711 
-7.30566 
-13.0029 
6.63867 
6.47168 
-9.30762 
3.10938 
0.498047 
-0.985352 
4.04883 
2.78027 
1.71484 
-2.83398 
-13.29 
4.83203 
-9.1123 
-0.673828 
-5.67676 
-9.02148 
9.24023 
2.0293 
-0.949219 
-3.48633 
6.41797 
0.579102 
-6.00098 
6.32422 
-5.2998 
4.29395 
-3.48633 
7.4502 
0.59375 
-3.28711 
-3.0293 
3.4043 
-9.59375 
1.76563 
-1.65918 
3.33398 
7.97949 
-2.83496 
3.02246 
-5.22754 
4.59375 
1.57813 
-8.88379 
-6.92676 
5.53613 
-5.03027 
-11.6836 
0.250977 
6.9668 
-1.20117 
-9.2002 
-3.29004 
4.30078 
2.31445 
3.00781 
1.32031 
4.49902 
7.39063 
1.55957 
-4.07324 
3.16602 
1.28516 
-3.51953 
6.42676 
-1.60059 
0.169922 
2.48828 
-2.02539 
-7.48535 
-2.11035 
0.173828 
3.20313 
-8.86914 
9.14746 
1.81152 
-7.83984 
2.22656 
-11.1299 
5.49023 
-2.67383 
-8.97266 
-4.02832 
3.55078 
-3.0498 
6.94336 
3.27148 
2.73535 
-2.7832 
-6.75879 
-0.00390625 
0.131836 
6.54102 
5.22949 
1.16992 
-7.14551 
-8.93652 
3.5498 
0.893555 
2.88965 
-3.87109 
1.35938 
0.295898 
-6.31641 
-3.86426 
2.07031 
0.944336 
-11.1377 
7.01953 
-5.17578 
-10.3115 
1.76367 
4.03613 
2.4082 
2.82324 
-1.33105 
6.91602 
-7.28711 
-14.415 
-13.5254 
6.23242 
-3.59766 
0.946289 
7.17285 
5.0166 
4.70801 
2.83789 
-1.96094 
-1.51465 
-2.39746 
-1.12012 
3.99512 
-1.94922 
6.66504 
-15.2207 
-13.3555 
3.08984 
-4.96484 
7.13379 
6.45605 
-9.29199 
-0.470703 
6.10742 
5.9668 
3.40039 
1.26074 
1.80273 
4.1084 
2.0166 
2.48633 
6.54785 
4.22852 
6.14258 
4.31738 
-9.6543 
4.58496 
6.88867 
-1.99023 
-1.33105 
2.68359 
2.06934 
1.10254 
2.73438 
3.75391 
7.36816 
4.26953 
3.80566 
-10.4775 
-2.22656 
-4.37598 
-4.89941 
-0.713867 
-1.09961 
-2.4873 
4.39551 
0.716797 
4.64063 
6.97852 
-7.02344 
4.58398 
-14.9258 
-5.99609 
3.44238 
-4.43164 
-9.90527 
-11.2783 
-4.64355 
6.23047 
-6.82031 
0.758789 
-2.61523 
4.09375 
-13.0723 
4.18848 
0.875 
-6.08203 
-8.53906 
-4.11816 
-13.96 
6.31934 
-5.74609 
5.24316 
5.75586 
-4.00195 
-1.59863 
-1.69824 
4.81055 
-1.08887 
-5.12598 
6.19043 
0.739258 
-5.52832 
2.9043 
-9.28223 
-12.5244 
-8.02344 
0.983398 
-5.17773 
-9.00879 
8.1377 
-1.14648 
3.05273 
2.72949 
-8.5957 
-8.02637 
-5.14941 
0.204102 
-9.2002 
6.24023 
-4.4082 
-0.182617 
3.49414 
4.73633 
-5.74121 
4.28223 
-4.95898 
5.32129 
3.51855 
2.57617 
-5.54395 
-8.09277 
-3.78906 
0.53125 
5.12207 
0.557617 
-2.51367 
-5.07422 
-5.79688 
8.67383 
1.14648 
1.98828 
-5.94141 
3.2627 
3.13867 
0.453125 
-6.50488 
5.26172 
-6.87012 
-3.14551 
0.194336 
6.51367 
6.27734 
-1.8916 
-1.66992 
7.44922 
1.51074 
-2.87207 
0.757813 
-11.4033 
-0.411133 
5.69922 
-7.23828 
-2.66699 
-9.67773 
0.474609 
-10.6475 
2.3623 
-1.8418 
-2.21289 
-12.2705 
-3.77051 
-9.13867 
6.11621 
4.72559 
4.94043 
-4.74414 
1.86914 
0.435547 
4.69141 
-2.7793 
1.8584 
-8.09961 
0.363281 
-9.6543 
-2.4248 
6.56934 
4.53809 
-2.50879 
-2.2666 
-6.06543 
-0.280273 
5.59082 
-5.66992 
5.20898 
0.459961 
3.49707 
3.77051 
3.61523 
-13.9092 
-1.03711 
-1.36816 
-0.143555 
-4.46289 
-0.754883 
3.44141 
-5.62207 
-13.8945 
6.74902 
-1.86035 
-4.3125 
4.53125 
-10.6943 
3.64258 
3.66992 
-0.445313 
1.02148 
-2.67383 
2.27441 
1.85352 
-0.616211 
-0.0742188 
-10.9707 
-3.96094 
-1.96582 
-15.0342 
-3.48828 
4.76074 
4.11328 
5.98926 
4.15039 
-7.90234 
2.4502 
-3.01758 
0.980469 
4.9375 
2.24219 
-0.398438 
-0.672852 
0.99707 
6.08398 
-1.61914 
-7.17676 
3.1084 
-6.04199 
-0.978516 
-5.5752 
0.676758 
7.29688 
-2.20996 
-14.7188 
6.53223 
-0.764648 
-2.90137 
2.0498 
-1.23535 
2.46387 
3.74023 
4.87402 
2.5957 
-10.4434 
4.8125 
3.0498 
4.81934 
-1.81445 
7.17578 
-13.4121 
-3.57715 
3.02051 
4.65625 
-4.69141 
2.70117 
5.25781 
1.34375 
2.75 
-0.413086 
7.28125 
1.89648 
-2.98047 
-0.729492 
-5.40527 
0.101563 
4.47168 
-2.31445 
2.03125 
4.59863 
-0.638672 
-11.54 
0.114258 
-1.83301 
5.38281 
0.244141 
5.91016 
-4.93652 
2.44238 
-9.34082 
5.80176 
-8.69043 
1.39063 
-12.6074 
-2.5332 
-5.98926 
-7.35156 
0.139648 
-8.19727 
-0.240234 
6.00781 
-4.42383 
-14.333 
-6.99805 
-4.25586 
-0.96582 
2.04004 
-8.31445 
3.13477 
-15.0703 
-7.86621 
4.16992 
0.0146484 
-4.27539 
0.585938 
3.22266 
-5.12012 
-14.4131 
-0.370117 
-3.35938 
4.71387 
-1.13574 
3.3916 
-2.50977 
6.84668 
1.41895 
7.46777 
2.03223 
2.78516 
-11.9678 
2.19531 
-7.6582 
-4.76953 
5.53418 
1.59375 
-0.429688 
1.10645 
0.448242 
-10.2432 
-5.01563 
-3.20801 
3.62305 
-14.5615 
-2.36426 
1.16797 
4.88867 
-3.35352 
0.388672 
2.56543 
2.11133 
1.5791 
1.9502 
-5.09473 
0.130859 
-5.43555 
-4.61914 
4.58789 
5.51465 
-0.385742 
4.45117 
1.87207 
5.27539 
-0.823242 
-12.6484 
4.16211 
-4.9082 
-0.397461 
2.47363 
4.6377 
-1.08105 
5.9082 
-5.33496 
-2.44238 
-3.95508 
-7.79785 
-1.63965 
1.55566 
1.02344 
0.140625 
1.00195 
-1.60547 
2.3457 
-0.0585938 
0.219727 
-3.89355 
-0.231445 
-4.36719 
3.76367 
3.70215 
-5.84863 
-2.06738 
5.5918 
-8.12598 
-1.88672 
-8.16895 
-3.04785 
6.71289 
3.73828 
1.26855 
4.9707 
1.65234 
-4.49512 
-7.41602 
-1.26367 
-4.8252 
-9.47559 
0.379883 
-1.1875 
1.5459 
-6.59863 
6.82422 
8.49707 
0.860352 
1.39648 
-7.20801 
0.702148 
5.62207 
7.31738 
-0.3125 
4.75879 
6.71582 
1.32227 
-4.54297 
-1.31543 
-11.0547 
-4.70898 
-2.42676 
2.18555 
4.3916 
2.79297 
-2.74414 
3.44629 
-5.75 
4.16016 
1.72168 
3.5498 
-6.66406 
1.75488 
7.24121 
0.380859 
-0.138672 
0.276367 
-0.821289 
-3.25098 
5.38574 
0.854492 
3.91406 
-13.2744 
2.8584 
-4.61426 
5.59863 
-5.69043 
-12.0879 
6.38184 
-2.79395 
-3.26367 
-14.5176 
1.5498 
2.13379 
0.363281 
-3.98535 
-2.8584 
-9.21484 
6.85156 
-1.21582 
-2.0332 
-7.2041 
2.58789 
-4.32617 
5.91504 
1.08594 
3.57422 
-6.33789 
3.87598 
-11.4658 
1.85254 
4.37598 
0.931641 
-6.89844 
0.860352 
-4.98535 
-2.47266 
-7.04199 
5.26855 
-0.807617 
-10.7402 
2.46582 
-12.1338 
5.35059 
7.17188 
-9.94824 
1.80176 
-1.0459 
1.57129 
1.37598 
1.14453 
-0.401367 
6.1084 
-2.78027 
-9.95313 
-5.83789 
-5.57422 
-9.26563 
-3.6084 
-4.72949 
-5.34668 
-5.27148 
-9.53418 
0.263672 
-0.793945 
1.29199 
6.5752 
8.19727 
-9.15527 
1.65918 
5.57617 
2.7832 
5.29492 
4.47266 
-3.57422 
4.18262 
4.05371 
3.18359 
6.58594 
2.99805 
-9.4502 
4.89746 
-1.62402 
0.307617 
5.47949 
-6.91406 
5.60547 
-0.259766 
8.06152 
2.28711 
-6.32813 
0.738281 
-6.58984 
-9.71387 
3.42969 
-7.33203 
4.84277 
7.14355 
2.07031 
3.24219 
-3.41699 
-3.3584 
1.25488 
0.382813 
-1.83398 
-2.91406 
2.64648 
-5.95703 
3.94238 
-1.7334 
-1.02637 
-8.17676 
3.26074 
-0.0644531 
-12.7627 
-12.4141 
2.43848 
2.94238 
-0.560547 
1.11816 
1.70508 
1.90137 
1.69043 
-12.7021 
3.5127 
-1.31543 
-7.32129 
-4.57422 
0.0878906 
7.34766 
-2.63965 
-5.77148 
6.12988 
-1.20508 
-10.3154 
2.49902 
-4.50879 
1.50488 
2.69727 
4.58789 
8.63086 
4.6084 
-11.1055 
1.1377 
-5.11133 
-1.44336 
0.267578 
5.94629 
8.2959 
0.603516 
-1.71582 
-0.78418 
5.26563 
-5.42188 
0.0654297 
-2.67871 
-2.00195 
-2.20605 
4.49805 
-7.92578 
0.175781 
4.67871 
4.57813 
8.27246 
4.40332 
4.09766 
-1.28906 
3.9082 
0.792969 
3.23145 
-8.79785 
-1.82324 
-1.09668 
1.2041 
-5.40234 
0.598633 
5.07227 
-13.4023 
-5.71191 
-6.42285 
0.450195 
-2.47559 
6.16602 
-8.96777 
7.63086 
4.52734 
4.70313 
-3.99512 
-7.69531 
0.34375 
-3.02441 
-13.3887 
0.162109 
7.81934 
-6.14258 
-0.389648 
-0.961914 
-6.97949 
6.75586 
-6.44727 
-12.0439 
2.52734 
-3.42969 
-3.47168 
2.4502 
-0.342773 
-2.91016 
-2.13184 
2.46289 
-0.954102 
0.46582 
8.10547 
0.958008 
2.04883 
2.45313 
-7.16309 
-9.92188 
-9.37988 
2.41211 
-0.140625 
-1.9541 
4.74609 
-3.95508 
-5.14648 
-1.3584 
-3.82031 
5.50586 
3.26953 
-6.72852 
-8.32129 
-6.7373 
-5.58105 
-7.69434 
-5.95117 
5.31934 
-11.8682 
-1.25195 
6.04004 
0.290039 
8.81152 
1.77441 
-7.75 
4.93164 
-0.0927734 
-5.6084 
5.2998 
5.81055 
5.29004 
-6.7832 
-12.9131 
4.91699 
-11.252 
0.597656 
2.25684 
8.11035 
2.30078 
2.92188 
-1.58691 
5.07715 
-13.7422 
-2.08398 
-3.0791 
-3.6377 
4.36914 
1.2168 
-1.34668 
-10.335 
5.31641 
0.0859375 
-1.30078 
0.232422 
-0.542969 
4.44824 
-2.87012 
-0.357422 
-11.999 
2.72363 
-12.5244 
-9.81348 
-0.782227 
-5.2002 
3.47363 
0.0859375 
-8.49707 
4.43164 
3.80566 
-8.86914 
-8.74707 
-0.74707 
3.28027 
-5.92676 
-0.743164 
-3.47559 
-2.1377 
6.51855 
4.22949 
1.55371 
-6.82324 
-4.85156 
-1.61426 
-1.76758 
4.7168 
-8.50781 
-7.62402 
3.00195 
9.50879 
6.41309 
-1.12305 
-0.436523 
-1.64063 
6.68359 
3.16016 
7.02637 
-5.25586 
2.49609 
2.625 
2.74023 
3.58887 
7.48438 
1.1748 
4.19141 
-0.78125 
2.54883 
3.36816 
3.03223 
-8.35938 
5.08789 
-4.70996 
-5.32031 
-2.99414 
2.68066 
0.00976563 
1.1875 
-7.73926 
5.70508 
4.40625 
-1.76758 
2.14453 
-2.30859 
-2.14746 
-1.01465 
5.04297 
-8.24707 
-9.79883 
-11.9824 
-8.10645 
0.202148 
5.39063 
-6.61426 
0.793945 
1.29492 
-3.34277 
3.85059 
-4.9502 
-2.5918 
-0.0537109 
-12.8594 
6.6084 
-8.36719 
5.78418 
-1.80859 
-2.25098 
-9.84277 
4.17383 
-3.5498 
0.692383 
2.49707 
-4.74609 
-7.65723 
4.40527 
-0.0332031 
4.1582 
6.79492 
1.23242 
-0.905273 
0.560547 
-0.651367 
0.916992 
-14.04 
3.25195 
-3.93945 
-3.50977 
4.85742 
4.68164 
1.62402 
0.205078 
3.89648 
-5.93652 
2.69434 
-8.74023 
2.35352 
6.37207 
-4.50195 
2.13477 
3.85645 
1.01855 
5.59766 
-8.16602 
8.08105 
2.60938 
-2.0791 
5.50684 
6.08984 
-0.577148 
-0.919922 
0.662109 
1.44238 
5.56543 
5.71582 
1.79492 
-1.0791 
3.1875 
4.5918 
-5.07813 
-1.80566 
4.72559 
0.228516 
4.94434 
-4.06055 
4.1084 
6.28125 
-2.87793 
3.62402 
1.3916 
2.19434 
1.50684 
-0.862305 
0.420898 
2.67285 
0.229492 
7.04297 
-6.84277 
-1.00879 
1.26758 
7.58105 
-1.31543 
-3.19824 
-2.87109 
5.27832 
5.12012 
8.08789 
-3.83398 
-9.7334 
3.90234 
0.0341797 
-1.60449 
5.26367 
-6.30957 
7.40527 
-4.46191 
0.564453 
1.93848 
-4.62793 
1.91504 
4.48145 
5.8291 
3.76465 
-1.42969 
7.0 
-9.91211 
-15.1494 
0.186523 
3.47949 
1.94336 
3.59961 
4.03027 
1.70508 
1.0166 
3.84277 
-3.25977 
0.0820313 
9.20898 
5.3457 
7.41992 
-2.00391 
6.11133 
-11.5176 
5.97461 
4.35449 
0.84082 
-14.7764 
3.88379 
-11.2451 
-6.02539 
-2.48926 
6.49414 
2.37695 
1.28027 
-10.8086 
0.537109 
-2.31348 
3.53516 
4.72754 
1.80176 
-8.79199 
6.9707 
2.43164 
2.03613 
2.51953 
3.53809 
0.461914 
-2.62988 
-0.322266 
2.75781 
4.09375 
-0.603516 
-6.74512 
9.39746 
0.448242 
1.39844 
-5.57031 
-12.8682 
-3.68359 
-10.8086 
1.91602 
2.98828 
-8.77441 
3.99414 
-0.84668 
-0.179688 
3.00195 
-1.48633 
3.09277 
4.12402 
-2.88477 
1.19824 
-12.293 
-6.64063 
1.13086 
-8.94141 
0.232422 
-10.1973 
0.0722656 
-3.90723 
3.92578 
-4.33691 
-1.45605 
5.71387 
4.06152 
6.01465 
0.0927734 
5.47266 
3.65234 
3.93457 
8.16211 
0.0361328 
-5.54297 
-2.66211 
-6.46387 
-2.57324 
6.94434 
2.94727 
1.23926 
1.62109 
-2.81641 
5.74805 
-3.22168 
-5.1377 
1.73926 
-14.9404 
-3.18262 
1.77832 
1.97656 
6.29199 
-7.29395 
-4.10742 
2.0127 
-7.20801 
-8.37109 
-5.3418 
-7.41016 
0.28125 
5.00293 
-5.5332 
0.332031 
2.92285 
0.0410156 
1.9707 
6.05566 
6.62598 
6.20605 
5.18652 
-0.787109 
0.819336 
3.58203 
-0.742188 
-0.499023 
5.13867 
5.84082 
-4.06934 
0.193359 
-8.52734 
0.555664 
-5.8291 
6.07422 
-0.310547 
-2.29492 
-10.3936 
3.59668 
-1.96875 
2.28027 
-1.4248 
-2.27051 
4.93848 
0.374023 
1.34961 
-2.77441 
-7.2002 
-4.85645 
-4.07227 
3.76367 
3.91309 
6.07227 
2.12793 
5.9873 
0.472656 
-8.34277 
2.73828 
0.595703 
-8.08105 
3.45801 
1.53125 
5.91992 
0.487305 
4.22461 
-6.20996 
0.166992 
-2.96973 
-5.14258 
5.78027 
-3.59082 
4.05762 
-7.68555 
-0.720703 
-3.22559 
-1.54785 
5.00781 
2.59277 
3.2002 
4.42773 
3.40918 
-2.25586 
0.510742 
-7.66016 
0.0488281 
-4.79883 
-2.52148 
3.78027 
2.625 
0.765625 
-0.358398 
4.38379 
-5.9209 
4.46484 
-4.17188 
4.78125 
-5.93555 
0.762695 
-11.5117 
-9.02344 
2.32813 
-4.35156 
-7.73535 
-1.40527 
7.12402 
0.662109 
0.55957 
-0.864258 
4.40723 
2.83789 
5.85352 
0.666992 
-0.384766 
4.96777 
0.994141 
8.28223 
6.1123 
-0.381836 
4.59277 
-6.84961 
4.3125 
-10.3828 
-11.5029 
-3.15625 
-3.85742 
-0.500977 
-0.31543 
-6.3584 
-2.52441 
-3.22559 
0.336914 
1.13672 
5.5332 
5.41602 
5.09766 
4.73047 
0.946289 
4.31934 
-2.43457 
-9.1582 
-8.50391 
2.375 
-4.68359 
3.69531 
-1.20117 
-4.23242 
0.295898 
-2.11035 
1.86328 
-1.96875 
7.27246 
-1.94629 
3.50879 
5.13672 
0.110352 
3.64355 
7.06152 
0.852539 
-6.02344 
-2.67285 
-3.81055 
4.63574 
4.44629 
4.26074 
6.03125 
-7.85059 
-1.03516 
5.40332 
-2.23438 
-3.21191 
2.28027 
-2.73828 
-14.291 
4.4209 
1.13477 
-13.0908 
-3.66211 
4.90137 
0.0771484 
5.87109 
-14.3936 
0.845703 
-8.31641 
-0.210938 
6.57617 
6.0625 
8.52734 
7.98047 
-2.96094 
-10.5371 
4.81348 
4.58105 
-0.817383 
3.2168 
-6.84375 
0.712891 
2.29102 
5.72656 
-6.48047 
-8.72363 
2.06543 
-2.18164 
-5.4502 
3.95898 
1.13379 
0.850586 
0.836914 
4.51465 
7.90039 
-0.317383 
5.85547 
5.16016 
-3.68262 
2.88086 
5.23535 
-2.66309 
-0.370117 
1.63965 
2.02832 
-12.0498 
1.12109 
0.0302734 
3.84863 
-7.37402 
-5.33008 
3.56934 
-2.46191 
-0.663086 
1.5127 
-10.2725 
-3.86816 
7.09668 
-0.576172 
0.775391 
5.74023 
-6.34863 
-12.0645 
3.64648 
-2.58691 
8.4248 
2.19141 
-6.69336 
1.36621 
-4.96484 
2.19824 
-5.01563 
6.31445 
3.67188 
-0.326172 
-9.33496 
-1.27051 
3.5625 
4.33301 
-2.83008 
-12.3359 
4.55566 
-1.51855 
0.641602 
-5.42871 
0.373047 
2.96777 
-3.86133 
4.33496 
-0.587891 
-0.876953 
-4.7666 
-10.9736 
-7.6543 
1.00293 
3.91602 
3.09375 
-3.93457 
3.85254 
-8.35742 
5.81445 
0.479492 
-6.33496 
-5.85156 
-6.79395 
3.66602 
5.34375 
-0.251953 
-2.35645 
5.93066 
-0.588867 
-14.6279 
-14.3037 
-2.10645 
-4.1377 
-1.4209 
4.58984 
-2.85059 
2.13965 
0.12793 
5.25488 
0.319336 
7.76074 
4.13281 
3.02539 
2.69434 
2.22949 
0.178711 
-7.43262 
-1.49609 
4.95801 
-3.45898 
-11.7695 
-8.79395 
-8.6123 
0.801758 
-4.23242 
-9.37109 
2.45996 
1.62891 
3.2002 
-3.49316 
-2.20898 
2.81738 
0.634766 
-11.4121 
-3.16504 
2.1416 
9.36719 
-0.0175781 
-5.63281 
-0.453125 
0.449219 
-1.70898 
3.85352 
-11.3916 
2.27148 
4.0459 
4.33203 
5.81836 
3.26563 
-4.18848 
-11.2422 
3.5459 
-3.88379 
-3.83887 
7.6709 
-8.35156 
-7.74902 
-7.31055 
-1.03027 
-1.81836 
-0.0556641 
-0.841797 
-4.58496 
6.37891 
-5.42871 
-4.55664 
-0.37793 
-5.68066 
4.66797 
-3.78906 
2.82715 
2.75684 
0.641602 
0.463867 
-0.603516 
-6.0332 
6.99023 
6.04297 
-5.14551 
-1.44727 
4.95313 
4.42676 
-9.04883 
-4.69531 
6.84082 
-15.0049 
5.83984 
-4.47949 
7.74023 
3.88867 
5.21875 
1.42773 
-4.66895 
0.977539 
5.50977 
6.82324 
4.62988 
-4.10742 
-10.0791 
-0.0439453 
-1.02246 
6.0498 
2.03223 
-0.0654297 
-11.6016 
2.90625 
-14.0703 
-5.84473 
1.20313 
5.28906 
-6.53809 
-1.33008 
0.478516 
-3.17676 
-3.64551 
0.59375 
-1.37207 
-11.127 
-2.32715 
-3.46875 
-1.07324 
-5.28613 
2.78613 
-0.416016 
-7.25488 
-7.28516 
-2.91699 
9.69922 
-4.92578 
8.9248 
-1.24316 
0.933594 
-2.33008 
5.62012 
-5.43066 
1.31738 
-4.25195 
-7.50488 
0.830078 
0.915039 
3.89453 
6.87012 
-1.47168 
-8.69434 
5.19629 
0.96582 
5.70703 
-1.93555 
0.827148 
3.03418 
-0.887695 
-1.46387 
6.72363 
-5.47656 
-1.62988 
0.333008 
0.80957 
-7.84375 
-9.4375 
6.33203 
-1.91309 
6.02344 
3.75684 
6.31055 
-12.0195 
-0.826172 
3.00977 
-8.31543 
2.03027 
3.92969 
0.448242 
-7.94531 
-11.0146 
-2.68359 
0.526367 
7.82813 
1.23828 
0.296875 
-0.769531 
-6.54688 
-7.17969 
-4.68066 
-10.2861 
0.994141 
-0.288086 
-4.4668 
2.48926 
3.1123 
0.831055 
-3.60742 
6.54492 
-1.94629 
4.48145 
2.97266 
-10.25 
1.63184 
0.84082 
-0.241211 
-1.84473 
-6.22266 
-9.55078 
-8.55859 
0.919922 
3.66699 
1.80371 
3.99316 
0.499023 
2.9541 
-8.77246 
6.00781 
0.504883 
-5.93457 
0.00390625 
3.43457 
-4.13867 
6.72559 
-7.09082 
6.72168 
8.5625 
-5.14355 
-3.90137 
-7.20508 
5.37598 
3.1875 
-5.53418 
-4.86523 
-1.77148 
3.04297 
3.26465 
-3.19824 
-2.02734 
1.93652 
5.77637 
1.22461 
-11.3271 
0.651367 
0.0292969 
-2.5957 
9.04004 
2.91309 
-0.939453 
-2.61523 
-12.1699 
-3.23145 
2.33105 
3.86621 
-6.97461 
0.504883 
-15.0967 
-5.51465 
4.56543 
3.01367 
-11.8193 
2.2998 
1.55273 
-0.892578 
2.0 
6.86328 
-1.64355 
0.228516 
2.00977 
-10.5781 
-1.01563 
0.990234 
-2.69043 
-5.54102 
-1.97266 
0.591797 
-1.69141 
-7.22559 
0.801758 
3.10352 
2.84863 
-15.1924 
-12.5469 
4.50195 
3.68945 
3.10449 
-0.990234 
-5.61621 
6.0957 
5.45313 
-0.94043 
4.08691 
-4.31348 
-1.49805 
-0.0820313 
-1.25391 
1.10352 
-2.78906 
2.03223 
-0.441406 
0.676758 
2.06641 
6.93066 
5.81348 
2.81934 
-3.41797 
3.01758 
2.39648 
-14.9014 
-3.0625 
7.24512 
0.507813 
2.04688 
0.694336 
-2.7793 
2.9707 
-12.7129 
4.43359 
3.82324 
0.789063 
2.76074 
2.70215 
5.57129 
2.20898 
0.28418 
5.16309 
0.644531 
0.433594 
5.68066 
-4.53613 
-5.47949 
-0.0703125 
-2.0127 
3.61523 
2.35059 
-9.50293 
3.4375 
-4.42285 
-2.44922 
4.76758 
4.3125 
-5.74414 
-2.60059 
-1.3457 
4.39453 
2.44629 
-3.59863 
-9.80078 
-8.97852 
4.50391 
0.476563 
3.46777 
2.18457 
-1.87793 
4.22852 
-7.28809 
4.27344 
-6.62402 
0.767578 
0.0917969 
-1.12305 
-8.30762 
1.20313 
0.620117 
1.69141 
1.55566 
1.59277 
8.1416 
5.93262 
-8.37793 
-4.5 
-7.2666 
-4.13477 
5.79199 
6.24023 
5.92773 
-4.83203 
3.63184 
-7.59668 
8.79297 
5.81152 
3.60059 
-5.62891 
7.65137 
3.95703 
6.2959 
-8.50293 
3.45703 
-2.26953 
-2.9668 
-4.1582 
-8.50879 
2.25781 
3.49414 
2.24902 
4.29395 
2.43066 
-5.74609 
1.89453 
-7.94629 
3.69531 
-4.55859 
-0.145508 
3.79785 
-2.1582 
0.124023 
-6.14063 
5.87598 
-6.41797 
4.97266 
0.300781 
7.2666 
0.992188 
5.1709 
-13.0918 
-11.1563 
1.31152 
-1.05664 
-2.7168 
1.03125 
-0.422852 
4.58203 
6.57813 
3.12598 
-3.63965 
5.16602 
3.18457 
-1.36426 
-2.56543 
2.64648 
2.77344 
-4.54883 
-3.89746 
-1.26855 
-3.59375 
-2.58594 
1.88574 
-0.305664 
-5.00879 
0.154297 
-5.71484 
-10.4219 
1.77539 
2.18652 
-10.0381 
1.91504 
-2.6123 
-12.6699 
4.97852 
2.38574 
4.65332 
0.226563 
7.95117 
1.25293 
-0.810547 
3.86426 
-0.295898 
4.08496 
4.27148 
-8.29883 
5.01855 
0.558594 
-10.001 
4.07129 
1.87891 
-13.2451 
-9.77148 
-5.23438 
2.96777 
-5.06152 
-7.55664 
-7.40039 
-3.12695 
2.89453 
-4.49414 
5.88867 
0.163086 
1.96777 
3.33301 
-8.41895 
-3.9668 
5.0791 
1.57031 
-8.84961 
-8.77539 
0.592773 
-1.0166 
0.731445 
-4.86621 
-12.5713 
-8.76367 
3.3457 
10.0508 
-3.85059 
2.81836 
5.19434 
-8.76465 
-12.998 
-1.67383 
-13.7539 
1.02148 
-0.000976563 
-5.33789 
-9.49609 
-14.0693 
1.84375 
0.955078 
-1.41309 
-2.08008 
-2.13867 
1.98145 
-2.60742 
-4.63867 
-0.103516 
0.151367 
6.47266 
1.95215 
1.86426 
-5.98633 
2.1377 
-8.91797 
4.16699 
7.47168 
-2.82129 
-6.17676 
0.173828 
0.459961 
1.41504 
8.27441 
-3.76758 
-1.39355 
2.75195 
-10.6123 
8.90625 
0.681641 
-7.24023 
-5.70996 
4.78809 
-0.28125 
-0.804688 
0.966797 
-1.20801 
0.791992 
-11.1328 
2.82813 
-3.02246 
-0.547852 
1.31348 
0.338867 
0.657227 
-9.96777 
4.18652 
-3.04102 
-5.30566 
-14.7188 
5.84473 
-8.08887 
-9.69141 
-2.33398 
0.423828 
5.39844 
-0.802734 
-6.3623 
1.3252 
2.85547 
-2.50195 
-7.06445 
-3.24414 
3.03516 
-0.224609 
6.89746 
-3.15723 
6.72168 
0.201172 
-2.00488 
4.42285 
-12.5381 
4.29297 
5.5791 
-3.81738 
1.79395 
0.724609 
0.600586 
7.07031 
-6.89355 
-3.90137 
-1.12988 
0.0166016 
-7.11523 
-12.8623 
3.60156 
-5.97949 
-3.34766 
-1.35156 
6.14453 
2.15625 
7.08594 
6.25586 
-5.40723 
0.932617 
9.85059 
-14.627 
2.30078 
-7.79688 
2.84863 
-1.9209 
-1.00977 
1.93262 
5.41309 
5.31738 
0.124023 
-10.2305 
-1.45117 
-0.000976563 
-1.28711 
-12.502 
5.57324 
-10.9189 
-0.155273 
8.65137 
-0.663086 
-14.6357 
-3.19629 
-5.16699 
2.80273 
-2.87793 
-8.0332 
0.0351563 
-3.74316 
0.68457 
6.66895 
-6.14063 
6.76172 
-0.015625 
3.13086 
-0.286133 
-6.57227 
-9.76563 
-6.58984 
1.93164 
5.10352 
2.41113 
2.24902 
3.11914 
1.63574 
-10.4912 
2.83105 
-0.985352 
-0.539063 
4.16016 
-7.6709 
0.0625 
1.19043 
-13.6377 
2.12402 
-3.20117 
-2.25195 
2.51367 
2.00977 
-4.11035 
2.59961 
-0.614258 
-1.52441 
1.91113 
-9.6709 
5.24707 
-1.65918 
-0.532227 
2.67285 
-8.71094 
-6.44531 
5.13379 
-3.81055 
1.5127 
4.30371 
5.90137 
-8.81348 
-8.45801 
3.01563 
-0.452148 
-3.63477 
0.119141 
-3.53613 
3.57422 
7.11523 
5.59961 
0.243164 
4.23047 
-9.34375 
1.56641 
-7.58691 
-6.89453 
7.14746 
1.81445 
-6.38672 
-0.966797 
-0.164063 
-3.53809 
5.1416 
-0.322266 
-0.237305 
0.709961 
-14.8184 
3.84082 
-1.3252 
0.533203 
-1.30273 
0.5625 
7.59668 
0.0527344 
-1.80273 
1.08984 
4.23145 
7.15527 
0.639648 
2.52148 
4.58789 
5.19336 
5.86328 
-5.79688 
-8.42773 
-3.13672 
-6.02441 
-3.79492 
-10.8242 
-2.42676 
2.73145 
-1.74316 
-1.61523 
-1.69824 
4.19531 
4.91113 
0.335938 
-5.35547 
8.12793 
3.4043 
-5.78027 
0.250977 
-6.96875 
3.77637 
-8.54785 
-2.26367 
-8.93359 
5.32617 
4.98828 
2.0498 
-1.50195 
-5.8457 
-2.19238 
-0.900391 
-14.1563 
2.87891 
-6.73828 
-10.4873 
-8.32129 
3.99121 
-1.06055 
-3.28711 
-6.97754 
7.51953 
-1.98047 
4.41309 
-1.4502 
-2.78125 
0.953125 
3.40723 
3.13379 
2.10352 
0.0869141 
1.39063 
2.99512 
-10.7666 
-4.28125 
3.9082 
-2.06445 
0.390625 
-11.6914 
3.33008 
5.81543 
2.3252 
6.91406 
-1.83008 
-7.49121 
-1.06738 
5.97559 
1.85547 
0.881836 
5.30762 
2.59961 
-3.87891 
7.27148 
-9.4834 
0.204102 
-2.50195 
4.12793 
1.41113 
1.90723 
-5.14648 
-10.4033 
3.81348 
-11.1045 
-0.839844 
3.96484 
-2.31836 
1.70605 
-1.53906 
-13.5068 
-3.68359 
6.72559 
2.21289 
1.41504 
-6.94824 
-8.59668 
7.46289 
4.77246 
-2.41895 
-1.69531 
-9.79883 
-6.73828 
0.90625 
5.7998 
2.71777 
-4.76465 
-4.5332 
3.31348 
-4.22363 
-2.82129 
4.32031 
-5.52148 
-0.436523 
3.0332 
-4.125 
1.25586 
-4.91992 
4.2207 
2.65234 
4.47266 
2.63965 
1.38574 
1.89941 
4.31543 
5.09082 
3.95215 
-1.03809 
-2.69922 
5.74121 
0.884766 
-4.74023 
-6.83789 
4.32715 
2.47461 
5.90918 
0.412109 
-4.91992 
-8.04492 
-2.87402 
5.94531 
0.766602 
4.87402 
-1.2959 
-5.35547 
-3.17871 
7.53711 
3.31152 
-0.0498047 
0.269531 
6.03613 
1.32422 
9.99609 
-9.80273 
1.43359 
-5.77148 
2.61328 
5.59082 
-10.8799 
4.79785 
-4.29492 
-2.60938 
2.04395 
-2.07324 
2.51465 
5.78809 
-1.77637 
1.12207 
3.59082 
9.26074 
-6.87988 
-0.375977 
-4.50684 
-13.6289 
0.763672 
-8.40625 
-0.524414 
-9.10938 
5.16309 
1.4834 
5.31641 
-9.81836 
6.27637 
-6.77148 
-8.49512 
5.17676 
6.30859 
5.13477 
0.192383 
-2.78223 
5.0166 
3.67773 
1.71777 
-7.73535 
6.54883 
-0.786133 
-1.82031 
-0.626953 
-12.8936 
4.39551 
-14.3438 
-0.775391 
-4.69141 
-4.61816 
2.01172 
7.65723 
-3.25586 
-11.8574 
-9.77637 
8.30664 
5.98047 
-3.64258 
7.56445 
-9.88965 
-8.16016 
-4.36035 
-1.30176 
5.67871 
5.09863 
2.1377 
-6.63965 
-1.62207 
4.41016 
-0.323242 
1.56055 
6.38477 
7.40527 
0.210938 
2.22656 
1.93262 
1.86914 
-2.64746 
-1.80957 
-14.6885 
0.0224609 
-2.50586 
3.35254 
2.25586 
6.79688 
-2.02637 
-1.59766 
-12.7168 
-13.959 
3.68848 
3.625 
-4.14355 
-4.8291 
-13.7979 
7.92188 
-11.2285 
-5.78418 
-0.0478516 
-1.61426 
1.28516 
4.34668 
1.13184 
1.53223 
-4.02832 
3.93457 
6.80078 
-0.549805 
2.04395 
1.39746 
2.11426 
-1.88574 
-0.530273 
-2.76367 
4.20801 
7.05176 
1.90332 
-2.6582 
-11.5127 
-5.71484 
-0.0595703 
-3.38574 
5.83105 
-4.32129 
-5.20801 
3.38477 
-7.43066 
4.97852 
4.27441 
0.864258 
5.79297 
0.109375 
-2.65723 
4.96387 
-7.34863 
3.0625 
-1.02051 
-14.5479 
0.492188 
3.14746 
-0.31543 
5.91992 
-0.183594 
-0.233398 
-2.79004 
-3.28418 
0.730469 
4.5752 
-13.7979 
-2.4043 
3.94531 
0.446289 
0.0703125 
0.130859 
-3.98828 
-2.88379 
2.86816 
2.95703 
4.18652 
7.19727 
3.64063 
-4.55273 
-1.7959 
0.768555 
-4.50098 
1.95801 
0.788086 
